6.6743e-11 1440 1000
162
-47.000000 9.000000
61.000000 76.000000
155
-20.000000 -41.000000
-50.000000 89.000000
198
13.000000 -63.000000
-66.000000 -9.000000
233
29.000000 90.000000
-54.000000 -17.000000
172
76.000000 0.000000
-76.000000 -50.000000
220
15.000000 20.000000
-83.000000 55.000000
61
9.000000 -41.000000
55.000000 -44.000000
217
-64.000000 53.000000
-53.000000 69.000000
72
-12.000000 -86.000000
-76.000000 73.000000
109
58.000000 47.000000
69.000000 71.000000
182
94.000000 -5.000000
-88.000000 -42.000000
182
-59.000000 60.000000
99.000000 77.000000
187
82.000000 5.000000
74.000000 61.000000
234
32.000000 -98.000000
77.000000 -2.000000
198
85.000000 40.000000
83.000000 73.000000
155
93.000000 -99.000000
70.000000 -36.000000
123
95.000000 82.000000
-50.000000 55.000000
237
61.000000 40.000000
75.000000 54.000000
149
9.000000 -3.000000
53.000000 62.000000
86
18.000000 15.000000
-85.000000 55.000000
179
15.000000 75.000000
76.000000 -36.000000
186
-66.000000 -0.000000
-62.000000 85.000000
94
45.000000 -82.000000
88.000000 -36.000000
74
48.000000 -62.000000
-59.000000 66.000000
238
94.000000 -40.000000
93.000000 -41.000000
210
-56.000000 75.000000
66.000000 -44.000000
71
77.000000 36.000000
60.000000 78.000000
84
15.000000 -34.000000
68.000000 74.000000
83
93.000000 -94.000000
62.000000 -28.000000
121
99.000000 19.000000
-69.000000 -4.000000
196
68.000000 -37.000000
89.000000 56.000000
78
-30.000000 -64.000000
-93.000000 95.000000
202
96.000000 8.000000
81.000000 -15.000000
55
-66.000000 -47.000000
-63.000000 87.000000
246
-26.000000 67.000000
80.000000 -32.000000
224
78.000000 -10.000000
-61.000000 71.000000
79
-7.000000 -68.000000
-92.000000 -14.000000
94
57.000000 80.000000
-54.000000 -36.000000
80
0.000000 -84.000000
88.000000 -47.000000
184
92.000000 -32.000000
73.000000 -3.000000
67
98.000000 80.000000
85.000000 98.000000
160
-72.000000 -47.000000
-79.000000 -33.000000
119
37.000000 94.000000
72.000000 52.000000
165
39.000000 53.000000
-70.000000 72.000000
206
-85.000000 65.000000
99.000000 85.000000
237
16.000000 -67.000000
77.000000 91.000000
191
9.000000 93.000000
99.000000 -2.000000
176
29.000000 -59.000000
-53.000000 -44.000000
203
69.000000 -21.000000
76.000000 -48.000000
208
30.000000 -63.000000
63.000000 -38.000000
75
-45.000000 -17.000000
-72.000000 85.000000
194
78.000000 89.000000
-64.000000 -21.000000
217
-11.000000 -31.000000
72.000000 80.000000
244
68.000000 99.000000
71.000000 -31.000000
80
35.000000 8.000000
82.000000 -23.000000
122
63.000000 97.000000
77.000000 -31.000000
211
-48.000000 59.000000
-73.000000 85.000000
71
-85.000000 -19.000000
-85.000000 -7.000000
52
-74.000000 30.000000
68.000000 79.000000
83
-46.000000 -49.000000
63.000000 87.000000
68
29.000000 63.000000
71.000000 85.000000
109
9.000000 -94.000000
-73.000000 -46.000000
72
-72.000000 -37.000000
69.000000 79.000000
189
-81.000000 -51.000000
51.000000 -30.000000
134
-73.000000 -17.000000
-86.000000 73.000000
152
-61.000000 79.000000
-74.000000 -16.000000
72
-16.000000 76.000000
-96.000000 -19.000000
95
53.000000 46.000000
55.000000 73.000000
207
28.000000 54.000000
-70.000000 -33.000000
161
-22.000000 -13.000000
53.000000 73.000000
135
-38.000000 28.000000
-76.000000 84.000000
118
-70.000000 60.000000
-95.000000 -20.000000
80
-51.000000 -72.000000
-57.000000 72.000000
71
-11.000000 59.000000
-85.000000 92.000000
184
53.000000 -30.000000
72.000000 53.000000
110
49.000000 -83.000000
-67.000000 90.000000
182
-43.000000 -16.000000
-53.000000 -6.000000
249
-66.000000 -3.000000
-91.000000 -41.000000
114
-86.000000 -71.000000
-85.000000 67.000000
96
73.000000 45.000000
73.000000 66.000000
105
96.000000 -83.000000
-51.000000 -36.000000
82
-93.000000 64.000000
-67.000000 -33.000000
94
-27.000000 73.000000
-93.000000 -17.000000
94
54.000000 -3.000000
57.000000 -30.000000
181
-34.000000 -32.000000
-60.000000 -28.000000
248
-51.000000 37.000000
-60.000000 -4.000000
175
38.000000 88.000000
86.000000 -34.000000
249
56.000000 -3.000000
-70.000000 -34.000000
89
94.000000 -1.000000
53.000000 -17.000000
163
80.000000 -45.000000
-62.000000 -33.000000
159
-35.000000 -42.000000
99.000000 -8.000000
237
70.000000 67.000000
53.000000 -50.000000
148
-67.000000 -22.000000
69.000000 52.000000
163
-14.000000 -12.000000
59.000000 -21.000000
193
-71.000000 30.000000
-87.000000 -9.000000
119
-71.000000 54.000000
-72.000000 -22.000000
229
-56.000000 -68.000000
-95.000000 -1.000000
174
-48.000000 48.000000
-66.000000 64.000000
165
-67.000000 37.000000
-80.000000 -26.000000
104
-71.000000 -59.000000
97.000000 71.000000
208
81.000000 -92.000000
68.000000 -1.000000
229
62.000000 91.000000
-77.000000 98.000000
58
-90.000000 -1.000000
76.000000 -1.000000
115
-19.000000 -35.000000
-76.000000 -19.000000
72
67.000000 -43.000000
-86.000000 -38.000000
227
84.000000 20.000000
70.000000 51.000000
173
-63.000000 -14.000000
-52.000000 74.000000
135
36.000000 -75.000000
65.000000 -8.000000
172
95.000000 94.000000
58.000000 -28.000000
147
-7.000000 -82.000000
70.000000 89.000000
222
-93.000000 74.000000
97.000000 50.000000
84
-50.000000 -55.000000
-72.000000 59.000000
76
79.000000 17.000000
76.000000 76.000000
93
-63.000000 22.000000
90.000000 -21.000000
89
-87.000000 33.000000
70.000000 95.000000
114
-47.000000 24.000000
82.000000 -35.000000
116
-2.000000 36.000000
-94.000000 84.000000
87
-28.000000 83.000000
60.000000 57.000000
61
-85.000000 15.000000
76.000000 -27.000000
148
32.000000 18.000000
-88.000000 92.000000
129
60.000000 -96.000000
-64.000000 50.000000
143
-20.000000 32.000000
80.000000 51.000000
91
-17.000000 63.000000
94.000000 -22.000000
167
-90.000000 38.000000
-80.000000 -47.000000
210
85.000000 -16.000000
82.000000 -13.000000
222
54.000000 50.000000
61.000000 -23.000000
195
64.000000 37.000000
99.000000 75.000000
75
16.000000 10.000000
-56.000000 -7.000000
108
90.000000 -77.000000
-58.000000 87.000000
131
-22.000000 -75.000000
87.000000 84.000000
183
-28.000000 -9.000000
51.000000 54.000000
147
-0.000000 73.000000
72.000000 -38.000000
227
60.000000 76.000000
-82.000000 -48.000000
241
36.000000 88.000000
52.000000 -27.000000
235
12.000000 6.000000
56.000000 87.000000
60
-76.000000 46.000000
-83.000000 -29.000000
159
36.000000 -93.000000
-72.000000 53.000000
123
-34.000000 -54.000000
55.000000 88.000000
185
3.000000 54.000000
-93.000000 98.000000
119
-2.000000 -48.000000
93.000000 -48.000000
118
48.000000 -45.000000
56.000000 -33.000000
67
-13.000000 54.000000
95.000000 72.000000
214
38.000000 -95.000000
68.000000 -21.000000
199
-87.000000 -33.000000
-51.000000 80.000000
169
80.000000 -31.000000
-64.000000 62.000000
220
8.000000 80.000000
-82.000000 93.000000
121
60.000000 -29.000000
68.000000 -38.000000
226
77.000000 -68.000000
-70.000000 52.000000
248
4.000000 -68.000000
-96.000000 51.000000
98
9.000000 38.000000
72.000000 -37.000000
151
-19.000000 67.000000
74.000000 -20.000000
95
-0.000000 11.000000
65.000000 -42.000000
72
72.000000 -20.000000
-77.000000 85.000000
67
61.000000 -66.000000
91.000000 -13.000000
108
28.000000 -82.000000
-80.000000 -28.000000
179
30.000000 -2.000000
-98.000000 -29.000000
116
14.000000 4.000000
-85.000000 -13.000000
222
-57.000000 63.000000
-99.000000 85.000000
140
23.000000 -20.000000
82.000000 97.000000
195
-36.000000 13.000000
-93.000000 -19.000000
246
-7.000000 77.000000
58.000000 -45.000000
92
7.000000 76.000000
90.000000 -2.000000
202
28.000000 16.000000
-50.000000 -3.000000
88
-93.000000 7.000000
-62.000000 -1.000000
191
67.000000 -72.000000
72.000000 -14.000000
246
-98.000000 27.000000
-60.000000 -39.000000
134
-63.000000 -65.000000
98.000000 85.000000
235
36.000000 -83.000000
-94.000000 77.000000
134
-88.000000 -91.000000
86.000000 -6.000000
196
-23.000000 23.000000
71.000000 53.000000
183
76.000000 7.000000
83.000000 -11.000000
60
-53.000000 31.000000
-55.000000 -47.000000
165
91.000000 -42.000000
-63.000000 -48.000000
82
-40.000000 62.000000
75.000000 91.000000
86
52.000000 -8.000000
-74.000000 52.000000
217
10.000000 47.000000
-56.000000 -31.000000
145
7.000000 -85.000000
60.000000 -13.000000
233
-69.000000 7.000000
-97.000000 70.000000
92
63.000000 -63.000000
95.000000 -36.000000
160
70.000000 36.000000
89.000000 -26.000000
84
-70.000000 80.000000
84.000000 61.000000
205
98.000000 -24.000000
-81.000000 -32.000000
133
-63.000000 73.000000
55.000000 84.000000
176
20.000000 -50.000000
-55.000000 90.000000
238
94.000000 89.000000
-96.000000 66.000000
170
23.000000 63.000000
-60.000000 -9.000000
206
24.000000 12.000000
-58.000000 83.000000
174
27.000000 34.000000
69.000000 -34.000000
86
-23.000000 -21.000000
-65.000000 -26.000000
135
10.000000 -88.000000
-71.000000 97.000000
75
-47.000000 -5.000000
58.000000 -19.000000
191
56.000000 -28.000000
-89.000000 -2.000000
143
-16.000000 82.000000
-79.000000 -5.000000
100
-37.000000 22.000000
96.000000 71.000000
216
-72.000000 -22.000000
-69.000000 -9.000000
97
36.000000 88.000000
50.000000 -18.000000
92
85.000000 -4.000000
-94.000000 53.000000
173
26.000000 -78.000000
-68.000000 -25.000000
82
91.000000 67.000000
-53.000000 -1.000000
123
25.000000 -50.000000
79.000000 -9.000000
60
-65.000000 31.000000
-83.000000 -26.000000
244
85.000000 -22.000000
-97.000000 59.000000
97
-32.000000 38.000000
89.000000 -20.000000
213
13.000000 96.000000
76.000000 -15.000000
181
-52.000000 -95.000000
-77.000000 99.000000
53
78.000000 75.000000
56.000000 -6.000000
139
14.000000 -25.000000
-51.000000 97.000000
103
46.000000 -60.000000
96.000000 -20.000000
221
-28.000000 -42.000000
74.000000 -24.000000
177
87.000000 33.000000
88.000000 81.000000
235
93.000000 -56.000000
58.000000 84.000000
109
83.000000 79.000000
81.000000 69.000000
62
-12.000000 66.000000
83.000000 75.000000
151
-73.000000 21.000000
-54.000000 -3.000000
83
-11.000000 -32.000000
-76.000000 -4.000000
156
73.000000 12.000000
-88.000000 -2.000000
89
89.000000 6.000000
-83.000000 -48.000000
76
-35.000000 -80.000000
-76.000000 99.000000
51
52.000000 -14.000000
95.000000 84.000000
136
31.000000 -9.000000
-89.000000 55.000000
64
-77.000000 -68.000000
-84.000000 81.000000
97
42.000000 -39.000000
96.000000 89.000000
148
8.000000 -82.000000
51.000000 -32.000000
215
-82.000000 -13.000000
-58.000000 -20.000000
167
66.000000 -4.000000
94.000000 -48.000000
181
95.000000 58.000000
69.000000 74.000000
225
-45.000000 76.000000
-76.000000 -37.000000
87
16.000000 -61.000000
94.000000 -44.000000
232
-78.000000 36.000000
-66.000000 -35.000000
95
-92.000000 70.000000
95.000000 71.000000
55
-0.000000 52.000000
57.000000 54.000000
162
72.000000 -38.000000
51.000000 67.000000
193
-17.000000 22.000000
63.000000 -24.000000
184
-99.000000 -57.000000
65.000000 -25.000000
247
-82.000000 -19.000000
53.000000 -37.000000
130
-68.000000 -82.000000
96.000000 63.000000
52
28.000000 58.000000
93.000000 -45.000000
176
44.000000 87.000000
-66.000000 -45.000000
187
-75.000000 29.000000
81.000000 78.000000
177
61.000000 55.000000
-88.000000 -38.000000
169
89.000000 40.000000
63.000000 -11.000000
135
-74.000000 34.000000
-98.000000 76.000000
99
-5.000000 -62.000000
55.000000 -22.000000
74
-81.000000 -66.000000
-77.000000 -33.000000
175
-53.000000 54.000000
63.000000 -15.000000
173
-13.000000 -84.000000
-90.000000 71.000000
212
-51.000000 1.000000
58.000000 86.000000
247
-34.000000 -44.000000
-74.000000 -45.000000
72
-80.000000 21.000000
-60.000000 -2.000000
163
78.000000 -46.000000
63.000000 77.000000
134
8.000000 -93.000000
77.000000 -43.000000
167
14.000000 12.000000
66.000000 77.000000
77
-10.000000 8.000000
-51.000000 84.000000
213
-67.000000 49.000000
94.000000 52.000000
239
69.000000 -5.000000
-88.000000 -17.000000
101
27.000000 17.000000
-56.000000 96.000000
100
-95.000000 42.000000
73.000000 69.000000
208
-54.000000 3.000000
64.000000 56.000000
111
-33.000000 -38.000000
68.000000 -12.000000
67
-36.000000 34.000000
82.000000 83.000000
127
33.000000 -40.000000
55.000000 67.000000
242
22.000000 33.000000
-79.000000 -34.000000
83
-17.000000 50.000000
-55.000000 66.000000
95
35.000000 13.000000
-76.000000 -22.000000
68
30.000000 60.000000
-76.000000 67.000000
227
-38.000000 -72.000000
-73.000000 97.000000
187
90.000000 35.000000
65.000000 86.000000
109
88.000000 14.000000
64.000000 66.000000
191
6.000000 -75.000000
92.000000 -29.000000
201
70.000000 -63.000000
90.000000 86.000000
230
11.000000 71.000000
-70.000000 -4.000000
234
-6.000000 -92.000000
93.000000 -30.000000
178
55.000000 -47.000000
70.000000 82.000000
95
-61.000000 64.000000
-58.000000 -3.000000
194
-75.000000 -25.000000
68.000000 93.000000
243
69.000000 75.000000
-61.000000 71.000000
172
56.000000 -19.000000
78.000000 -43.000000
178
-10.000000 75.000000
-94.000000 -10.000000
103
33.000000 -67.000000
-83.000000 -5.000000
230
53.000000 74.000000
53.000000 83.000000
206
62.000000 86.000000
-76.000000 -47.000000
119
-22.000000 -38.000000
76.000000 88.000000
191
42.000000 86.000000
72.000000 62.000000
239
89.000000 -18.000000
89.000000 -49.000000
175
-50.000000 70.000000
-63.000000 -14.000000
162
66.000000 57.000000
92.000000 96.000000
166
79.000000 50.000000
-81.000000 57.000000
198
20.000000 53.000000
-80.000000 94.000000
105
-36.000000 -53.000000
-84.000000 58.000000
192
-9.000000 -38.000000
86.000000 -46.000000
202
88.000000 -32.000000
52.000000 80.000000
109
44.000000 21.000000
-64.000000 -2.000000
54
-15.000000 -63.000000
-66.000000 90.000000
122
18.000000 -14.000000
56.000000 69.000000
228
41.000000 19.000000
-74.000000 -23.000000
81
49.000000 70.000000
91.000000 87.000000
192
41.000000 -59.000000
-52.000000 77.000000
50
-54.000000 0.000000
-72.000000 73.000000
190
-47.000000 -55.000000
-90.000000 -1.000000
160
-55.000000 90.000000
76.000000 78.000000
245
-90.000000 57.000000
63.000000 67.000000
167
-20.000000 75.000000
67.000000 77.000000
199
-75.000000 90.000000
58.000000 -49.000000
173
-85.000000 78.000000
67.000000 71.000000
221
-19.000000 -12.000000
52.000000 -29.000000
68
-37.000000 -4.000000
-80.000000 -2.000000
98
-34.000000 -26.000000
87.000000 -11.000000
170
51.000000 -41.000000
-85.000000 95.000000
219
10.000000 -26.000000
83.000000 -15.000000
217
-18.000000 -81.000000
68.000000 -1.000000
68
-32.000000 -67.000000
92.000000 82.000000
61
90.000000 -39.000000
70.000000 -43.000000
58
-99.000000 -40.000000
78.000000 72.000000
225
25.000000 7.000000
58.000000 -9.000000
99
96.000000 -76.000000
80.000000 -36.000000
139
93.000000 -54.000000
63.000000 85.000000
107
61.000000 87.000000
90.000000 -20.000000
74
6.000000 7.000000
-54.000000 -5.000000
193
-68.000000 -34.000000
68.000000 -31.000000
52
-48.000000 -2.000000
-72.000000 -15.000000
103
-11.000000 -57.000000
-90.000000 -4.000000
174
-9.000000 -19.000000
85.000000 -5.000000
196
30.000000 2.000000
52.000000 93.000000
215
64.000000 -25.000000
89.000000 84.000000
200
-5.000000 21.000000
57.000000 -21.000000
112
35.000000 -84.000000
-65.000000 -17.000000
68
73.000000 45.000000
76.000000 71.000000
186
-6.000000 -82.000000
90.000000 62.000000
96
42.000000 -59.000000
-59.000000 51.000000
61
-53.000000 84.000000
-78.000000 -5.000000
68
20.000000 32.000000
-77.000000 68.000000
226
-38.000000 91.000000
-84.000000 -45.000000
58
-44.000000 10.000000
76.000000 77.000000
140
49.000000 73.000000
66.000000 -6.000000
154
-9.000000 -80.000000
97.000000 -15.000000
63
-94.000000 55.000000
57.000000 -30.000000
62
46.000000 52.000000
95.000000 96.000000
152
-68.000000 31.000000
96.000000 91.000000
245
-21.000000 -54.000000
61.000000 56.000000
202
46.000000 -98.000000
-58.000000 -17.000000
63
55.000000 -16.000000
-89.000000 -42.000000
206
8.000000 -49.000000
67.000000 97.000000
116
88.000000 49.000000
-98.000000 76.000000
101
31.000000 -67.000000
87.000000 66.000000
166
-61.000000 -53.000000
70.000000 80.000000
156
72.000000 82.000000
-89.000000 95.000000
229
68.000000 59.000000
93.000000 -33.000000
85
-76.000000 -51.000000
80.000000 -6.000000
186
-64.000000 87.000000
65.000000 60.000000
108
-7.000000 -18.000000
-65.000000 -42.000000
177
29.000000 34.000000
-50.000000 66.000000
67
-73.000000 5.000000
58.000000 -47.000000
113
23.000000 -20.000000
86.000000 -19.000000
135
56.000000 -95.000000
55.000000 -18.000000
139
-24.000000 26.000000
-68.000000 63.000000
145
43.000000 -71.000000
61.000000 -15.000000
142
21.000000 86.000000
80.000000 51.000000
152
60.000000 -53.000000
71.000000 61.000000
80
-89.000000 63.000000
-54.000000 97.000000
93
59.000000 -63.000000
-79.000000 -15.000000
165
43.000000 99.000000
62.000000 95.000000
238
-44.000000 -31.000000
-52.000000 -24.000000
170
-6.000000 8.000000
-63.000000 -45.000000
192
-52.000000 76.000000
88.000000 92.000000
91
-83.000000 65.000000
99.000000 91.000000
123
-12.000000 22.000000
51.000000 66.000000
62
77.000000 -6.000000
-52.000000 61.000000
64
62.000000 -98.000000
-73.000000 60.000000
164
-20.000000 -20.000000
59.000000 -11.000000
147
17.000000 -64.000000
55.000000 93.000000
214
-23.000000 77.000000
-55.000000 97.000000
181
98.000000 30.000000
-66.000000 -18.000000
57
-41.000000 -45.000000
-62.000000 -45.000000
72
-16.000000 65.000000
-54.000000 -30.000000
162
-1.000000 -72.000000
-52.000000 -49.000000
96
27.000000 -69.000000
72.000000 61.000000
223
-8.000000 51.000000
92.000000 -17.000000
221
-36.000000 9.000000
74.000000 -7.000000
158
-57.000000 87.000000
65.000000 -26.000000
84
-40.000000 83.000000
-67.000000 75.000000
244
-10.000000 -18.000000
-78.000000 -44.000000
78
76.000000 -85.000000
53.000000 -6.000000
105
7.000000 -26.000000
-52.000000 80.000000
209
-62.000000 -15.000000
-73.000000 -23.000000
115
44.000000 -6.000000
61.000000 -14.000000
96
-76.000000 42.000000
-56.000000 -34.000000
155
45.000000 -90.000000
-62.000000 98.000000
183
-54.000000 -72.000000
82.000000 -9.000000
240
-24.000000 -83.000000
57.000000 83.000000
81
12.000000 32.000000
-85.000000 -19.000000
96
7.000000 -89.000000
-79.000000 67.000000
186
62.000000 -82.000000
99.000000 -26.000000
136
18.000000 -63.000000
58.000000 98.000000
139
22.000000 -56.000000
63.000000 64.000000
235
92.000000 -58.000000
56.000000 -48.000000
56
-64.000000 -59.000000
-65.000000 -7.000000
177
-65.000000 25.000000
89.000000 56.000000
54
-93.000000 -57.000000
-87.000000 83.000000
216
-95.000000 -69.000000
-91.000000 94.000000
167
57.000000 70.000000
-65.000000 -18.000000
115
77.000000 6.000000
-57.000000 98.000000
236
15.000000 70.000000
83.000000 -49.000000
95
-87.000000 -8.000000
84.000000 -6.000000
127
78.000000 -93.000000
87.000000 -31.000000
119
64.000000 -42.000000
93.000000 61.000000
100
32.000000 -44.000000
-79.000000 93.000000
52
48.000000 -24.000000
-82.000000 -1.000000
231
15.000000 -1.000000
-86.000000 91.000000
118
-20.000000 85.000000
-69.000000 -37.000000
201
-72.000000 25.000000
75.000000 -42.000000
78
40.000000 -37.000000
-85.000000 -2.000000
130
-53.000000 -41.000000
-81.000000 -4.000000
132
37.000000 -89.000000
64.000000 -20.000000
184
48.000000 -43.000000
62.000000 -26.000000
94
-67.000000 -51.000000
86.000000 71.000000
177
12.000000 57.000000
-79.000000 -43.000000
198
-58.000000 -55.000000
89.000000 -42.000000
168
-62.000000 33.000000
98.000000 97.000000
65
-47.000000 28.000000
70.000000 -22.000000
70
-71.000000 -37.000000
-93.000000 56.000000
195
-27.000000 -39.000000
-73.000000 72.000000
221
4.000000 -67.000000
-80.000000 81.000000
152
72.000000 -95.000000
89.000000 50.000000
80
-30.000000 -26.000000
-50.000000 -28.000000
91
44.000000 -24.000000
-52.000000 -26.000000
228
-21.000000 -76.000000
51.000000 86.000000
183
71.000000 27.000000
-88.000000 74.000000
179
62.000000 -7.000000
92.000000 -24.000000
98
-7.000000 39.000000
-91.000000 54.000000
138
45.000000 -75.000000
83.000000 -34.000000
217
-16.000000 40.000000
-85.000000 -27.000000
193
-19.000000 -7.000000
64.000000 -46.000000
102
39.000000 -14.000000
-97.000000 96.000000
247
-73.000000 40.000000
-73.000000 84.000000
63
85.000000 -91.000000
-56.000000 98.000000
157
-83.000000 -53.000000
-97.000000 85.000000
150
59.000000 -27.000000
-98.000000 79.000000
186
-92.000000 40.000000
88.000000 -45.000000
83
90.000000 91.000000
-83.000000 -47.000000
196
-85.000000 87.000000
99.000000 89.000000
102
-43.000000 1.000000
-81.000000 -44.000000
113
-7.000000 16.000000
-91.000000 -9.000000
162
25.000000 52.000000
84.000000 -39.000000
227
43.000000 -8.000000
55.000000 -48.000000
65
76.000000 -13.000000
-87.000000 94.000000
217
8.000000 -44.000000
86.000000 93.000000
193
96.000000 73.000000
-95.000000 -12.000000
198
-90.000000 56.000000
-50.000000 -29.000000
111
59.000000 76.000000
-54.000000 84.000000
91
85.000000 -87.000000
-78.000000 -46.000000
104
55.000000 74.000000
66.000000 -39.000000
87
-38.000000 33.000000
-56.000000 -35.000000
161
-56.000000 -6.000000
-87.000000 -44.000000
242
99.000000 -2.000000
-63.000000 -7.000000
66
53.000000 -31.000000
58.000000 -29.000000
108
-71.000000 37.000000
-57.000000 -16.000000
147
-36.000000 97.000000
-88.000000 77.000000
151
71.000000 -91.000000
63.000000 82.000000
81
-1.000000 54.000000
-86.000000 -50.000000
65
-1.000000 77.000000
63.000000 -43.000000
102
-38.000000 69.000000
94.000000 -22.000000
173
75.000000 -2.000000
87.000000 -43.000000
187
38.000000 -17.000000
-85.000000 -12.000000
158
-57.000000 -61.000000
-53.000000 -48.000000
223
-61.000000 -94.000000
94.000000 72.000000
172
-46.000000 -82.000000
-60.000000 -36.000000
148
-15.000000 63.000000
-80.000000 95.000000
249
-24.000000 26.000000
61.000000 61.000000
168
-78.000000 -75.000000
96.000000 -39.000000
188
-87.000000 3.000000
-67.000000 -43.000000
167
78.000000 -65.000000
-91.000000 89.000000
207
-90.000000 37.000000
-85.000000 -23.000000
80
64.000000 -10.000000
87.000000 -22.000000
218
99.000000 -61.000000
-58.000000 -34.000000
54
93.000000 54.000000
52.000000 -37.000000
123
-52.000000 -21.000000
67.000000 -33.000000
155
-37.000000 -76.000000
96.000000 68.000000
107
40.000000 11.000000
-61.000000 63.000000
79
1.000000 -57.000000
-84.000000 50.000000
227
45.000000 61.000000
56.000000 -1.000000
175
-24.000000 46.000000
95.000000 58.000000
197
72.000000 -11.000000
91.000000 -6.000000
53
-58.000000 51.000000
76.000000 -29.000000
82
-80.000000 31.000000
83.000000 94.000000
186
-12.000000 -67.000000
-87.000000 59.000000
246
73.000000 -91.000000
-57.000000 -4.000000
157
49.000000 90.000000
54.000000 -15.000000
93
-95.000000 -30.000000
81.000000 -7.000000
52
53.000000 -33.000000
-55.000000 90.000000
97
-72.000000 42.000000
50.000000 86.000000
62
-4.000000 49.000000
-90.000000 96.000000
77
-87.000000 -83.000000
93.000000 82.000000
179
18.000000 -93.000000
-63.000000 64.000000
54
-66.000000 89.000000
58.000000 69.000000
78
-46.000000 -92.000000
58.000000 -12.000000
227
-94.000000 -96.000000
-95.000000 -36.000000
181
-51.000000 63.000000
-85.000000 -43.000000
90
53.000000 -15.000000
92.000000 61.000000
148
76.000000 89.000000
62.000000 -12.000000
162
-67.000000 -30.000000
64.000000 -23.000000
194
7.000000 85.000000
-81.000000 99.000000
139
-73.000000 -41.000000
-68.000000 -20.000000
156
-74.000000 -65.000000
-96.000000 -7.000000
166
15.000000 -83.000000
-87.000000 -39.000000
100
-98.000000 16.000000
83.000000 -37.000000
220
19.000000 50.000000
-80.000000 92.000000
178
37.000000 20.000000
-51.000000 53.000000
175
-66.000000 -2.000000
51.000000 87.000000
53
60.000000 -90.000000
83.000000 80.000000
228
2.000000 -16.000000
-83.000000 91.000000
75
-9.000000 -47.000000
89.000000 83.000000
69
-15.000000 -30.000000
95.000000 -20.000000
175
63.000000 82.000000
64.000000 94.000000
175
55.000000 -36.000000
-71.000000 70.000000
221
60.000000 -3.000000
89.000000 -33.000000
231
-76.000000 36.000000
79.000000 82.000000
50
-42.000000 -13.000000
-96.000000 -5.000000
89
-35.000000 34.000000
-65.000000 83.000000
241
93.000000 -65.000000
-74.000000 -15.000000
225
22.000000 80.000000
72.000000 -7.000000
78
-36.000000 39.000000
66.000000 66.000000
202
-59.000000 -40.000000
-76.000000 58.000000
96
-97.000000 -70.000000
71.000000 -38.000000
72
-59.000000 -2.000000
-69.000000 -42.000000
112
-36.000000 -37.000000
51.000000 -5.000000
186
-43.000000 -61.000000
56.000000 75.000000
140
85.000000 85.000000
-69.000000 50.000000
60
50.000000 64.000000
-62.000000 -10.000000
51
29.000000 42.000000
-75.000000 98.000000
211
86.000000 1.000000
-77.000000 51.000000
234
-18.000000 31.000000
-95.000000 97.000000
114
48.000000 3.000000
85.000000 82.000000
232
-40.000000 -20.000000
69.000000 90.000000
159
21.000000 -53.000000
60.000000 -6.000000
152
-28.000000 -34.000000
97.000000 88.000000
100
14.000000 31.000000
-56.000000 -48.000000
243
-28.000000 -64.000000
96.000000 -40.000000
188
78.000000 2.000000
84.000000 -1.000000
106
2.000000 -4.000000
68.000000 82.000000
88
-24.000000 71.000000
97.000000 -32.000000
193
48.000000 88.000000
-58.000000 94.000000
213
13.000000 -74.000000
84.000000 92.000000
197
-93.000000 -71.000000
-87.000000 90.000000
68
12.000000 70.000000
-64.000000 -5.000000
249
50.000000 78.000000
57.000000 60.000000
132
-80.000000 22.000000
-64.000000 -49.000000
192
-1.000000 64.000000
-99.000000 73.000000
105
30.000000 -4.000000
-56.000000 81.000000
126
20.000000 -96.000000
61.000000 -43.000000
202
65.000000 62.000000
58.000000 59.000000
143
-32.000000 -68.000000
55.000000 -2.000000
70
46.000000 24.000000
-73.000000 -43.000000
240
18.000000 22.000000
-92.000000 61.000000
121
-65.000000 -12.000000
89.000000 -5.000000
59
63.000000 78.000000
96.000000 -50.000000
130
-68.000000 -79.000000
91.000000 99.000000
129
-97.000000 4.000000
-93.000000 84.000000
70
-90.000000 4.000000
78.000000 60.000000
120
75.000000 -3.000000
52.000000 88.000000
202
30.000000 -70.000000
-99.000000 55.000000
136
-29.000000 75.000000
-90.000000 -18.000000
125
-35.000000 -8.000000
56.000000 80.000000
183
43.000000 58.000000
-92.000000 91.000000
52
35.000000 44.000000
-61.000000 -31.000000
245
-42.000000 -24.000000
87.000000 -31.000000
201
18.000000 31.000000
-59.000000 65.000000
79
72.000000 56.000000
-95.000000 66.000000
186
-57.000000 58.000000
99.000000 87.000000
85
-38.000000 -20.000000
-89.000000 59.000000
211
-91.000000 -78.000000
-80.000000 -9.000000
129
28.000000 98.000000
-93.000000 -44.000000
80
-18.000000 59.000000
-87.000000 82.000000
207
-32.000000 -83.000000
88.000000 -25.000000
108
59.000000 53.000000
-63.000000 -37.000000
111
74.000000 -54.000000
-54.000000 54.000000
120
-26.000000 52.000000
-94.000000 -26.000000
96
80.000000 -13.000000
83.000000 -36.000000
110
11.000000 -89.000000
-77.000000 65.000000
63
18.000000 15.000000
62.000000 -38.000000
185
-58.000000 35.000000
-65.000000 -17.000000
135
33.000000 -12.000000
88.000000 -20.000000
112
-14.000000 -46.000000
-80.000000 77.000000
236
10.000000 -91.000000
-88.000000 64.000000
214
23.000000 9.000000
-79.000000 77.000000
96
-81.000000 -74.000000
-53.000000 88.000000
73
-88.000000 -27.000000
76.000000 -26.000000
131
82.000000 8.000000
-98.000000 -47.000000
174
-27.000000 -62.000000
94.000000 -47.000000
59
10.000000 -38.000000
52.000000 76.000000
118
-73.000000 20.000000
-86.000000 -22.000000
121
-70.000000 -85.000000
90.000000 -35.000000
205
97.000000 11.000000
-83.000000 -39.000000
173
-17.000000 -77.000000
-70.000000 -49.000000
116
-69.000000 -88.000000
-81.000000 78.000000
239
68.000000 -31.000000
-87.000000 91.000000
53
80.000000 34.000000
-77.000000 75.000000
161
-68.000000 -15.000000
54.000000 -17.000000
141
-82.000000 26.000000
-85.000000 59.000000
107
-72.000000 28.000000
-64.000000 -29.000000
96
-71.000000 76.000000
58.000000 -23.000000
248
-45.000000 21.000000
99.000000 -8.000000
182
81.000000 -13.000000
-93.000000 -25.000000
190
73.000000 -66.000000
86.000000 99.000000
63
-26.000000 51.000000
-96.000000 70.000000
187
-49.000000 19.000000
86.000000 50.000000
174
31.000000 -6.000000
74.000000 83.000000
155
-43.000000 10.000000
51.000000 87.000000
212
-99.000000 -94.000000
84.000000 -42.000000
187
10.000000 32.000000
-89.000000 -40.000000
113
61.000000 -45.000000
96.000000 -5.000000
234
74.000000 40.000000
-55.000000 -32.000000
74
88.000000 -92.000000
92.000000 69.000000
53
64.000000 -69.000000
-95.000000 -39.000000
194
14.000000 -92.000000
-53.000000 53.000000
154
57.000000 66.000000
-80.000000 57.000000
114
90.000000 -23.000000
-92.000000 -50.000000
168
-84.000000 43.000000
-51.000000 -25.000000
249
8.000000 40.000000
-54.000000 -25.000000
180
19.000000 0.000000
-56.000000 75.000000
152
89.000000 -14.000000
-68.000000 90.000000
145
-48.000000 16.000000
-75.000000 -28.000000
182
1.000000 -50.000000
51.000000 -25.000000
126
29.000000 3.000000
-97.000000 62.000000
68
47.000000 -69.000000
65.000000 83.000000
150
19.000000 74.000000
-59.000000 78.000000
220
-12.000000 61.000000
71.000000 68.000000
225
74.000000 -99.000000
-65.000000 -5.000000
227
79.000000 95.000000
69.000000 -48.000000
136
99.000000 16.000000
50.000000 -17.000000
233
-61.000000 -62.000000
-65.000000 -5.000000
132
93.000000 9.000000
67.000000 78.000000
126
-89.000000 -75.000000
-62.000000 -37.000000
196
-20.000000 -75.000000
-72.000000 68.000000
113
-30.000000 -59.000000
87.000000 86.000000
192
-70.000000 -61.000000
-78.000000 70.000000
183
-87.000000 -39.000000
58.000000 75.000000
110
-72.000000 76.000000
-71.000000 -30.000000
185
61.000000 35.000000
-50.000000 61.000000
177
62.000000 -70.000000
93.000000 71.000000
239
27.000000 85.000000
-70.000000 -4.000000
57
71.000000 69.000000
67.000000 -2.000000
87
90.000000 73.000000
-65.000000 -49.000000
142
53.000000 29.000000
-97.000000 -13.000000
72
11.000000 -34.000000
65.000000 78.000000
226
-4.000000 -38.000000
-67.000000 77.000000
185
-42.000000 39.000000
-86.000000 77.000000
182
17.000000 12.000000
-97.000000 -19.000000
55
-90.000000 23.000000
55.000000 -18.000000
172
-54.000000 -40.000000
70.000000 68.000000
82
29.000000 14.000000
66.000000 52.000000
59
84.000000 93.000000
-90.000000 61.000000
212
24.000000 36.000000
66.000000 60.000000
72
-24.000000 69.000000
-82.000000 -26.000000
219
-10.000000 -58.000000
53.000000 82.000000
59
74.000000 -83.000000
-72.000000 -39.000000
205
-43.000000 26.000000
75.000000 -41.000000
228
1.000000 44.000000
76.000000 55.000000
170
-2.000000 24.000000
-60.000000 -35.000000
190
14.000000 55.000000
-58.000000 64.000000
165
-79.000000 -11.000000
-92.000000 -13.000000
80
7.000000 -30.000000
-57.000000 -47.000000
104
-20.000000 -86.000000
93.000000 60.000000
220
38.000000 97.000000
-93.000000 -8.000000
218
-72.000000 68.000000
-60.000000 -40.000000
157
-0.000000 49.000000
-75.000000 -40.000000
163
87.000000 83.000000
-94.000000 81.000000
162
-97.000000 75.000000
67.000000 -41.000000
238
53.000000 71.000000
80.000000 -27.000000
137
27.000000 35.000000
-87.000000 -9.000000
91
-38.000000 -55.000000
67.000000 -32.000000
190
52.000000 -94.000000
85.000000 54.000000
51
83.000000 62.000000
-79.000000 -49.000000
85
-34.000000 -88.000000
70.000000 96.000000
98
-14.000000 -51.000000
95.000000 77.000000
54
39.000000 -73.000000
59.000000 -38.000000
209
62.000000 -3.000000
-74.000000 -17.000000
150
-18.000000 -54.000000
-69.000000 -12.000000
180
42.000000 17.000000
-63.000000 99.000000
154
-68.000000 20.000000
-96.000000 -9.000000
196
-13.000000 99.000000
-69.000000 60.000000
92
-23.000000 -22.000000
95.000000 -48.000000
150
-27.000000 -37.000000
-61.000000 64.000000
205
-37.000000 -74.000000
88.000000 -5.000000
205
-19.000000 91.000000
-59.000000 90.000000
208
-87.000000 -8.000000
88.000000 80.000000
144
92.000000 -4.000000
-99.000000 -38.000000
232
-81.000000 -44.000000
70.000000 -32.000000
241
-87.000000 -26.000000
76.000000 73.000000
160
-36.000000 -56.000000
-97.000000 77.000000
84
-21.000000 34.000000
50.000000 86.000000
117
21.000000 99.000000
79.000000 87.000000
209
44.000000 11.000000
-60.000000 -40.000000
248
40.000000 82.000000
91.000000 51.000000
71
-59.000000 40.000000
-80.000000 -29.000000
208
-86.000000 -16.000000
71.000000 56.000000
101
-18.000000 -92.000000
83.000000 -23.000000
84
56.000000 -17.000000
99.000000 81.000000
249
-64.000000 21.000000
68.000000 -16.000000
168
-50.000000 -8.000000
-82.000000 -24.000000
73
-21.000000 15.000000
57.000000 73.000000
194
82.000000 -85.000000
98.000000 -16.000000
189
1.000000 60.000000
82.000000 -4.000000
215
-86.000000 78.000000
74.000000 59.000000
65
79.000000 -86.000000
65.000000 -44.000000
129
-97.000000 70.000000
63.000000 -48.000000
232
-94.000000 -2.000000
55.000000 95.000000
247
59.000000 47.000000
-92.000000 58.000000
236
30.000000 87.000000
-66.000000 78.000000
125
-57.000000 1.000000
-77.000000 56.000000
119
19.000000 65.000000
73.000000 -23.000000
52
-95.000000 3.000000
-71.000000 -25.000000
231
-22.000000 -94.000000
78.000000 -39.000000
183
59.000000 55.000000
96.000000 -9.000000
221
-63.000000 -87.000000
86.000000 -15.000000
76
69.000000 89.000000
-95.000000 -4.000000
240
-86.000000 -72.000000
-66.000000 52.000000
154
-62.000000 -10.000000
96.000000 -34.000000
178
-57.000000 97.000000
94.000000 -14.000000
105
-74.000000 -73.000000
-50.000000 -23.000000
74
5.000000 -14.000000
80.000000 63.000000
100
8.000000 74.000000
61.000000 -11.000000
193
-53.000000 -20.000000
51.000000 -16.000000
138
-25.000000 73.000000
-56.000000 -34.000000
196
43.000000 -40.000000
99.000000 -5.000000
175
-41.000000 -6.000000
-54.000000 82.000000
139
39.000000 -15.000000
-81.000000 -12.000000
159
-98.000000 -64.000000
-56.000000 83.000000
65
65.000000 41.000000
-60.000000 -18.000000
211
-22.000000 62.000000
-92.000000 -45.000000
175
-62.000000 -37.000000
97.000000 -39.000000
142
-18.000000 17.000000
50.000000 74.000000
79
64.000000 29.000000
65.000000 67.000000
214
77.000000 -2.000000
-92.000000 52.000000
138
62.000000 -52.000000
-64.000000 -32.000000
119
61.000000 61.000000
56.000000 85.000000
183
-3.000000 -13.000000
-54.000000 97.000000
173
-24.000000 31.000000
83.000000 -26.000000
194
-49.000000 -28.000000
61.000000 -2.000000
93
71.000000 77.000000
67.000000 61.000000
165
-43.000000 -38.000000
-87.000000 -22.000000
189
-9.000000 13.000000
60.000000 61.000000
94
-84.000000 -16.000000
82.000000 -50.000000
96
-39.000000 98.000000
-58.000000 70.000000
66
65.000000 73.000000
72.000000 -17.000000
160
-23.000000 -20.000000
51.000000 73.000000
197
-61.000000 36.000000
-74.000000 -34.000000
213
46.000000 60.000000
93.000000 -39.000000
102
-47.000000 92.000000
-76.000000 70.000000
127
-61.000000 -72.000000
85.000000 -25.000000
93
24.000000 30.000000
92.000000 96.000000
228
54.000000 -11.000000
-63.000000 60.000000
76
14.000000 -67.000000
-59.000000 -33.000000
230
-93.000000 88.000000
57.000000 -42.000000
124
48.000000 -74.000000
58.000000 60.000000
178
95.000000 -14.000000
58.000000 58.000000
55
46.000000 -13.000000
89.000000 51.000000
83
87.000000 18.000000
93.000000 68.000000
199
-27.000000 61.000000
86.000000 -2.000000
179
-86.000000 -24.000000
78.000000 -34.000000
55
-41.000000 -52.000000
77.000000 -28.000000
105
29.000000 -15.000000
-94.000000 -30.000000
209
2.000000 -65.000000
-80.000000 -29.000000
171
-38.000000 -32.000000
-78.000000 -13.000000
165
-82.000000 16.000000
53.000000 -31.000000
164
75.000000 66.000000
-80.000000 -3.000000
96
1.000000 35.000000
-96.000000 56.000000
174
-1.000000 -40.000000
-89.000000 -9.000000
74
-10.000000 83.000000
74.000000 86.000000
89
33.000000 49.000000
99.000000 -19.000000
163
8.000000 86.000000
63.000000 -20.000000
77
44.000000 -70.000000
-57.000000 64.000000
104
-69.000000 1.000000
-76.000000 -9.000000
99
43.000000 -33.000000
-58.000000 -23.000000
66
4.000000 43.000000
66.000000 -24.000000
100
-15.000000 -32.000000
58.000000 -17.000000
99
88.000000 23.000000
-67.000000 -13.000000
58
-1.000000 -3.000000
-75.000000 -12.000000
185
8.000000 -60.000000
-80.000000 -40.000000
174
0.000000 -87.000000
-77.000000 82.000000
143
-30.000000 58.000000
70.000000 -21.000000
218
-29.000000 -30.000000
75.000000 86.000000
170
-19.000000 67.000000
92.000000 68.000000
159
68.000000 -98.000000
-74.000000 94.000000
126
76.000000 -52.000000
-53.000000 65.000000
138
38.000000 61.000000
-53.000000 -23.000000
137
-43.000000 -32.000000
-61.000000 -37.000000
175
-88.000000 7.000000
62.000000 -14.000000
243
28.000000 -16.000000
92.000000 76.000000
218
39.000000 61.000000
-96.000000 98.000000
69
77.000000 25.000000
-90.000000 -39.000000
199
9.000000 -17.000000
-88.000000 77.000000
50
-61.000000 -79.000000
-86.000000 -9.000000
227
-68.000000 -92.000000
88.000000 64.000000
185
34.000000 1.000000
61.000000 -24.000000
126
59.000000 -85.000000
-99.000000 -42.000000
178
-71.000000 -78.000000
75.000000 -15.000000
225
94.000000 -99.000000
-71.000000 90.000000
230
-21.000000 18.000000
56.000000 90.000000
108
-15.000000 -43.000000
97.000000 57.000000
195
-43.000000 -58.000000
81.000000 88.000000
173
66.000000 -86.000000
-89.000000 64.000000
110
-90.000000 -39.000000
64.000000 -37.000000
176
-40.000000 -74.000000
-65.000000 -7.000000
167
92.000000 97.000000
-86.000000 -2.000000
151
-62.000000 7.000000
-60.000000 98.000000
143
31.000000 29.000000
98.000000 -10.000000
62
-93.000000 -30.000000
-91.000000 74.000000
58
77.000000 -79.000000
97.000000 90.000000
184
35.000000 77.000000
-55.000000 -47.000000
240
-2.000000 74.000000
-82.000000 -10.000000
203
-50.000000 -90.000000
78.000000 62.000000
126
38.000000 -14.000000
86.000000 72.000000
66
-77.000000 37.000000
-81.000000 -24.000000
81
71.000000 10.000000
-66.000000 90.000000
218
-14.000000 52.000000
-69.000000 86.000000
232
79.000000 -82.000000
77.000000 -38.000000
207
73.000000 -67.000000
71.000000 -14.000000
213
-57.000000 27.000000
62.000000 -25.000000
165
4.000000 -22.000000
-85.000000 -39.000000
194
38.000000 -16.000000
99.000000 -42.000000
201
-5.000000 72.000000
-94.000000 57.000000
157
-13.000000 -23.000000
-97.000000 93.000000
204
-15.000000 -29.000000
-65.000000 53.000000
114
23.000000 28.000000
87.000000 -46.000000
112
17.000000 67.000000
-89.000000 66.000000
231
81.000000 34.000000
55.000000 87.000000
73
5.000000 -12.000000
99.000000 -42.000000
244
-90.000000 -54.000000
-86.000000 95.000000
96
5.000000 -25.000000
-89.000000 97.000000
149
-64.000000 59.000000
-90.000000 -46.000000
249
-39.000000 29.000000
65.000000 -13.000000
164
37.000000 96.000000
50.000000 69.000000
99
-86.000000 -12.000000
77.000000 -21.000000
133
16.000000 19.000000
-62.000000 -13.000000
86
-92.000000 79.000000
-84.000000 76.000000
156
36.000000 -35.000000
73.000000 -17.000000
236
-50.000000 54.000000
-58.000000 95.000000
246
-61.000000 -7.000000
-89.000000 -42.000000
216
-87.000000 77.000000
-71.000000 77.000000
143
-89.000000 77.000000
66.000000 -6.000000
210
78.000000 76.000000
85.000000 -49.000000
166
-71.000000 -77.000000
82.000000 -34.000000
88
-4.000000 -42.000000
74.000000 52.000000
89
75.000000 90.000000
-80.000000 -40.000000
120
18.000000 86.000000
77.000000 -1.000000
175
-77.000000 39.000000
-85.000000 -30.000000
103
-21.000000 30.000000
94.000000 -26.000000
168
-5.000000 -13.000000
-55.000000 -3.000000
229
-75.000000 14.000000
-67.000000 69.000000
76
-34.000000 70.000000
-97.000000 68.000000
246
24.000000 -4.000000
-79.000000 -4.000000
130
81.000000 9.000000
65.000000 52.000000
131
84.000000 -21.000000
84.000000 -19.000000
241
31.000000 -56.000000
76.000000 62.000000
213
46.000000 10.000000
-74.000000 -21.000000
139
-83.000000 36.000000
54.000000 58.000000
77
36.000000 27.000000
99.000000 -50.000000
205
-44.000000 64.000000
-77.000000 90.000000
143
62.000000 -64.000000
89.000000 91.000000
210
-70.000000 36.000000
51.000000 93.000000
216
70.000000 -97.000000
98.000000 -23.000000
243
-26.000000 12.000000
69.000000 -50.000000
174
87.000000 22.000000
-53.000000 -18.000000
197
61.000000 -19.000000
60.000000 98.000000
54
-62.000000 -63.000000
-83.000000 65.000000
149
-5.000000 67.000000
-80.000000 -32.000000
235
-33.000000 86.000000
-96.000000 75.000000
82
84.000000 22.000000
89.000000 -11.000000
105
30.000000 87.000000
96.000000 99.000000
195
-48.000000 -49.000000
68.000000 61.000000
81
49.000000 52.000000
-70.000000 -34.000000
114
-63.000000 58.000000
95.000000 -29.000000
196
38.000000 23.000000
68.000000 -41.000000
224
20.000000 24.000000
57.000000 68.000000
233
76.000000 -32.000000
63.000000 85.000000
233
95.000000 -60.000000
-95.000000 -30.000000
167
-13.000000 -58.000000
55.000000 84.000000
148
-55.000000 -74.000000
-85.000000 83.000000
117
19.000000 -95.000000
76.000000 57.000000
238
31.000000 -33.000000
66.000000 -31.000000
177
19.000000 46.000000
-51.000000 86.000000
203
86.000000 83.000000
-71.000000 -23.000000
191
5.000000 -39.000000
-63.000000 69.000000
87
-94.000000 -54.000000
54.000000 85.000000
246
-41.000000 -24.000000
-66.000000 -31.000000
50
59.000000 -51.000000
99.000000 -14.000000
166
-37.000000 67.000000
51.000000 -12.000000
112
-94.000000 59.000000
98.000000 53.000000
151
-74.000000 23.000000
84.000000 -48.000000
58
-26.000000 79.000000
85.000000 65.000000
247
71.000000 -64.000000
-73.000000 -16.000000
102
85.000000 -55.000000
-80.000000 -36.000000
191
38.000000 52.000000
-88.000000 55.000000
51
24.000000 47.000000
67.000000 -46.000000
184
-77.000000 -16.000000
56.000000 -38.000000
185
-25.000000 -43.000000
-75.000000 -45.000000
58
11.000000 -11.000000
88.000000 -46.000000
57
42.000000 -38.000000
-53.000000 -14.000000
62
82.000000 -22.000000
-87.000000 -44.000000
142
9.000000 88.000000
60.000000 -19.000000
121
-74.000000 63.000000
67.000000 -26.000000
231
88.000000 66.000000
65.000000 -22.000000
160
-55.000000 -0.000000
54.000000 67.000000
157
-3.000000 71.000000
67.000000 93.000000
164
17.000000 -12.000000
84.000000 -48.000000
201
92.000000 -36.000000
-53.000000 -48.000000
137
-55.000000 -29.000000
90.000000 -25.000000
176
-45.000000 -80.000000
-66.000000 51.000000
184
19.000000 89.000000
82.000000 70.000000
220
-17.000000 -4.000000
98.000000 -47.000000
198
-20.000000 81.000000
56.000000 -35.000000
112
-62.000000 37.000000
-92.000000 69.000000
164
-34.000000 11.000000
-53.000000 -50.000000
60
2.000000 -74.000000
-94.000000 -24.000000
50
-64.000000 55.000000
79.000000 81.000000
115
-26.000000 -75.000000
-75.000000 60.000000
72
-15.000000 35.000000
98.000000 74.000000
236
-22.000000 35.000000
-51.000000 97.000000
149
3.000000 47.000000
-90.000000 74.000000
114
-60.000000 -63.000000
-53.000000 78.000000
133
81.000000 -63.000000
-74.000000 60.000000
75
-94.000000 42.000000
-94.000000 -3.000000
117
-84.000000 99.000000
73.000000 -35.000000
155
-31.000000 -34.000000
-50.000000 69.000000
167
64.000000 -28.000000
50.000000 -11.000000
162
26.000000 43.000000
-97.000000 75.000000
147
49.000000 76.000000
-63.000000 -50.000000
126
47.000000 69.000000
53.000000 50.000000
133
13.000000 -18.000000
-60.000000 -46.000000
219
-10.000000 90.000000
87.000000 94.000000
79
48.000000 -44.000000
-69.000000 63.000000
223
81.000000 65.000000
-63.000000 74.000000
97
-18.000000 -56.000000
-85.000000 62.000000
80
-59.000000 66.000000
95.000000 84.000000
165
-69.000000 -18.000000
76.000000 -10.000000
202
13.000000 -19.000000
-86.000000 62.000000
196
46.000000 -24.000000
65.000000 91.000000
221
-27.000000 -18.000000
56.000000 -47.000000
97
88.000000 -32.000000
99.000000 -8.000000
157
95.000000 83.000000
78.000000 74.000000
213
-51.000000 66.000000
-69.000000 64.000000
138
-36.000000 24.000000
63.000000 -8.000000
103
67.000000 -9.000000
61.000000 -36.000000
141
72.000000 33.000000
97.000000 93.000000
184
35.000000 -34.000000
-60.000000 -23.000000
237
-67.000000 72.000000
95.000000 75.000000
163
59.000000 -62.000000
-78.000000 91.000000
229
13.000000 -96.000000
-65.000000 -27.000000
94
95.000000 -13.000000
-70.000000 83.000000
239
-81.000000 68.000000
95.000000 -28.000000
180
71.000000 83.000000
77.000000 54.000000
185
-84.000000 44.000000
-86.000000 67.000000
81
44.000000 -50.000000
-73.000000 60.000000
129
9.000000 14.000000
-68.000000 75.000000
124
13.000000 -28.000000
50.000000 -37.000000
84
3.000000 -48.000000
-78.000000 -9.000000
205
2.000000 -83.000000
75.000000 -27.000000
120
60.000000 45.000000
85.000000 -34.000000
92
97.000000 -2.000000
-93.000000 85.000000
131
-67.000000 88.000000
-98.000000 83.000000
249
-69.000000 93.000000
75.000000 -30.000000
228
-12.000000 -4.000000
-96.000000 -17.000000
185
-54.000000 84.000000
84.000000 55.000000
235
34.000000 62.000000
-85.000000 -7.000000
179
-23.000000 95.000000
85.000000 89.000000
237
60.000000 85.000000
-78.000000 70.000000
131
34.000000 81.000000
53.000000 88.000000
178
-35.000000 64.000000
70.000000 -15.000000
110
-98.000000 -74.000000
75.000000 82.000000
104
-94.000000 -53.000000
71.000000 66.000000
158
-61.000000 -5.000000
70.000000 -45.000000
138
48.000000 42.000000
-53.000000 -4.000000
230
86.000000 37.000000
-88.000000 -10.000000
139
26.000000 8.000000
-79.000000 -47.000000
175
27.000000 -82.000000
68.000000 51.000000
196
8.000000 -16.000000
82.000000 96.000000
136
-65.000000 54.000000
-73.000000 -14.000000
69
58.000000 93.000000
-95.000000 -33.000000
221
79.000000 95.000000
52.000000 74.000000
84
-77.000000 48.000000
52.000000 -42.000000
92
-47.000000 -18.000000
97.000000 -28.000000
100
-90.000000 68.000000
-70.000000 85.000000
224
-44.000000 -58.000000
-72.000000 82.000000
109
-65.000000 -79.000000
72.000000 91.000000
167
59.000000 -6.000000
-96.000000 -2.000000
185
64.000000 94.000000
-64.000000 72.000000
82
3.000000 -65.000000
91.000000 73.000000
222
54.000000 -85.000000
-66.000000 75.000000
84
27.000000 65.000000
-67.000000 -24.000000
112
-81.000000 -17.000000
56.000000 -22.000000
198
46.000000 -34.000000
-63.000000 -17.000000
192
-28.000000 -49.000000
-62.000000 71.000000
136
33.000000 2.000000
99.000000 -41.000000
75
30.000000 76.000000
-73.000000 -47.000000
60
-0.000000 40.000000
63.000000 -25.000000
126
-50.000000 -23.000000
-95.000000 77.000000
102
-64.000000 92.000000
-99.000000 -27.000000
238
-1.000000 27.000000
87.000000 67.000000
153
-66.000000 -93.000000
-71.000000 -8.000000
168
65.000000 64.000000
82.000000 -10.000000
84
-36.000000 -17.000000
59.000000 86.000000
179
33.000000 -87.000000
58.000000 56.000000
244
-98.000000 -99.000000
-82.000000 65.000000
241
51.000000 96.000000
-70.000000 87.000000
99
25.000000 83.000000
-96.000000 93.000000
95
-73.000000 98.000000
-95.000000 93.000000
142
27.000000 -43.000000
87.000000 -5.000000
135
-32.000000 0.000000
76.000000 81.000000
181
-66.000000 64.000000
-86.000000 92.000000
208
-23.000000 11.000000
82.000000 78.000000
168
-96.000000 30.000000
-99.000000 54.000000
230
76.000000 -37.000000
-88.000000 97.000000
112
-52.000000 -1.000000
-84.000000 60.000000
218
83.000000 56.000000
-72.000000 -20.000000
193
-48.000000 19.000000
-77.000000 -13.000000
128
-39.000000 -97.000000
-65.000000 -2.000000
99
15.000000 -4.000000
57.000000 -48.000000
195
-94.000000 -94.000000
-87.000000 70.000000
229
-36.000000 68.000000
88.000000 -5.000000
82
-91.000000 77.000000
94.000000 -20.000000
189
67.000000 9.000000
50.000000 56.000000
138
-9.000000 -42.000000
-59.000000 -46.000000
204
15.000000 -44.000000
70.000000 -29.000000
121
23.000000 57.000000
-67.000000 -47.000000
196
42.000000 -86.000000
88.000000 -47.000000
83
38.000000 -97.000000
69.000000 81.000000
53
-3.000000 10.000000
-56.000000 -13.000000
102
13.000000 44.000000
-84.000000 92.000000
175
-53.000000 -63.000000
87.000000 58.000000
121
29.000000 -69.000000
77.000000 -7.000000
148
37.000000 -76.000000
-91.000000 77.000000
238
59.000000 -15.000000
-95.000000 66.000000
81
-95.000000 -35.000000
-88.000000 -26.000000
122
99.000000 0.000000
-88.000000 55.000000
59
26.000000 -32.000000
-82.000000 -6.000000
245
-61.000000 54.000000
-83.000000 72.000000
238
39.000000 -64.000000
87.000000 71.000000
123
8.000000 69.000000
54.000000 -6.000000
132
-71.000000 83.000000
92.000000 -45.000000
181
12.000000 -58.000000
88.000000 91.000000
57
-79.000000 -56.000000
-87.000000 -11.000000
137
-56.000000 75.000000
82.000000 57.000000
61
-56.000000 89.000000
-85.000000 -10.000000
225
-5.000000 -19.000000
58.000000 83.000000
163
-83.000000 -2.000000
-99.000000 -24.000000
116
-55.000000 -6.000000
75.000000 -41.000000
80
19.000000 -59.000000
91.000000 87.000000
131
-45.000000 17.000000
66.000000 78.000000
173
-8.000000 -75.000000
-98.000000 77.000000
187
69.000000 88.000000
-87.000000 83.000000
225
91.000000 35.000000
-63.000000 80.000000
96
20.000000 -59.000000
-93.000000 56.000000
171
20.000000 73.000000
81.000000 -14.000000
78
-98.000000 -69.000000
88.000000 78.000000
90
-5.000000 -58.000000
-77.000000 68.000000
244
-94.000000 69.000000
-61.000000 71.000000
128
-32.000000 56.000000
85.000000 -13.000000
203
99.000000 -45.000000
95.000000 85.000000
130
85.000000 84.000000
72.000000 -9.000000
156
41.000000 14.000000
-76.000000 -46.000000
149
35.000000 51.000000
55.000000 74.000000
98
92.000000 -17.000000
83.000000 93.000000
156
-40.000000 69.000000
-69.000000 63.000000
95
-36.000000 80.000000
67.000000 -11.000000
241
-5.000000 -31.000000
-74.000000 71.000000
58
32.000000 38.000000
-87.000000 73.000000
93
51.000000 27.000000
59.000000 -48.000000
128
-74.000000 -76.000000
72.000000 84.000000
149
70.000000 86.000000
-78.000000 80.000000
98
99.000000 59.000000
55.000000 -7.000000
173
-7.000000 -44.000000
99.000000 53.000000
95
63.000000 27.000000
-98.000000 -18.000000
235
-14.000000 -73.000000
-72.000000 68.000000
176
92.000000 43.000000
76.000000 -27.000000
224
-48.000000 -88.000000
-98.000000 75.000000
76
-57.000000 53.000000
55.000000 -23.000000
189
62.000000 86.000000
-56.000000 -33.000000
166
-64.000000 -27.000000
-51.000000 -48.000000
236
-42.000000 95.000000
81.000000 91.000000
225
-25.000000 2.000000
56.000000 -26.000000
166
-51.000000 99.000000
79.000000 -27.000000
117
-54.000000 -40.000000
-71.000000 74.000000
134
68.000000 19.000000
71.000000 82.000000
132
70.000000 22.000000
91.000000 81.000000
139
-17.000000 -6.000000
80.000000 69.000000
220
68.000000 -74.000000
79.000000 90.000000
181
7.000000 -85.000000
-90.000000 -19.000000
224
72.000000 -57.000000
-64.000000 -27.000000
120
-19.000000 -10.000000
51.000000 55.000000
83
71.000000 -49.000000
91.000000 -18.000000
62
86.000000 -82.000000
80.000000 -50.000000
124
25.000000 81.000000
73.000000 75.000000
212
30.000000 -67.000000
-72.000000 -40.000000
111
-14.000000 53.000000
-53.000000 -31.000000
59
-7.000000 56.000000
-56.000000 91.000000
149
-9.000000 65.000000
61.000000 88.000000
182
-77.000000 38.000000
-65.000000 69.000000
183
-12.000000 74.000000
91.000000 99.000000
64
11.000000 65.000000
73.000000 55.000000
174
-64.000000 -93.000000
-55.000000 -15.000000
100
89.000000 69.000000
66.000000 81.000000
181
-13.000000 -39.000000
68.000000 -26.000000
109
45.000000 -52.000000
95.000000 -42.000000
228
67.000000 -26.000000
66.000000 62.000000
205
-71.000000 50.000000
94.000000 -27.000000
157
96.000000 -49.000000
56.000000 -47.000000
70
-56.000000 -99.000000
-97.000000 -47.000000
161
77.000000 -23.000000
51.000000 -1.000000
83
13.000000 84.000000
90.000000 78.000000
218
-50.000000 1.000000
-79.000000 -5.000000
132
-15.000000 28.000000
-66.000000 -3.000000
166
-99.000000 78.000000
-78.000000 -35.000000
207
-96.000000 -43.000000
61.000000 52.000000
238
13.000000 -90.000000
-89.000000 -16.000000
134
-63.000000 6.000000
-74.000000 -28.000000
110
-21.000000 -53.000000
-61.000000 56.000000
175
-53.000000 3.000000
58.000000 72.000000
146
-22.000000 47.000000
-94.000000 94.000000
238
75.000000 -90.000000
72.000000 51.000000
247
-66.000000 -94.000000
76.000000 -18.000000
123
-70.000000 87.000000
-55.000000 84.000000
106
-78.000000 73.000000
86.000000 -46.000000
76
42.000000 27.000000
94.000000 -25.000000
202
-30.000000 -95.000000
-91.000000 62.000000
200
-68.000000 -1.000000
85.000000 78.000000
136
-42.000000 61.000000
-82.000000 -43.000000
248
-96.000000 51.000000
87.000000 -23.000000
235
83.000000 -6.000000
78.000000 88.000000
116
8.000000 -60.000000
93.000000 -6.000000
246
82.000000 16.000000
-60.000000 69.000000
243
-90.000000 82.000000
-52.000000 -30.000000
168
-16.000000 -40.000000
67.000000 -30.000000
246
-30.000000 -6.000000
-87.000000 81.000000
115
92.000000 3.000000
-88.000000 -10.000000
229
10.000000 68.000000
-54.000000 54.000000
240
-12.000000 -55.000000
81.000000 89.000000
109
-57.000000 -27.000000
-87.000000 -16.000000
105
16.000000 -46.000000
-88.000000 89.000000
87
0.000000 -58.000000
63.000000 -11.000000
223
17.000000 41.000000
59.000000 -49.000000
237
-20.000000 74.000000
98.000000 84.000000
85
-13.000000 -30.000000
70.000000 59.000000
137
30.000000 -55.000000
50.000000 66.000000
155
54.000000 1.000000
61.000000 54.000000
78
91.000000 57.000000
55.000000 68.000000
205
-17.000000 54.000000
71.000000 67.000000
158
-29.000000 25.000000
-89.000000 -47.000000
65
-53.000000 33.000000
54.000000 -37.000000
162
2.000000 -98.000000
-73.000000 67.000000
179
31.000000 16.000000
-55.000000 -40.000000
186
30.000000 16.000000
87.000000 69.000000
50
-8.000000 -79.000000
-95.000000 -15.000000
239
98.000000 -9.000000
-72.000000 81.000000
142
37.000000 -53.000000
-72.000000 -19.000000
92
75.000000 -60.000000
-70.000000 82.000000
149
-93.000000 90.000000
-79.000000 81.000000
93
0.000000 -63.000000
-97.000000 -1.000000
97
-62.000000 -21.000000
92.000000 -27.000000
249
26.000000 6.000000
-53.000000 50.000000
81
55.000000 13.000000
58.000000 76.000000
197
-40.000000 -76.000000
89.000000 -46.000000
229
17.000000 5.000000
-81.000000 -27.000000
178
-59.000000 81.000000
-70.000000 99.000000
198
32.000000 -68.000000
60.000000 -7.000000
70
-42.000000 14.000000
-64.000000 65.000000
131
-62.000000 41.000000
-79.000000 86.000000
249
-56.000000 -1.000000
-83.000000 93.000000
217
88.000000 98.000000
-62.000000 88.000000
63
84.000000 -71.000000
65.000000 -8.000000
125
-76.000000 -65.000000
-73.000000 -2.000000
192
-56.000000 47.000000
-53.000000 82.000000
220
7.000000 -1.000000
-50.000000 86.000000
152
68.000000 37.000000
90.000000 -27.000000
61
12.000000 41.000000
94.000000 63.000000
229
34.000000 -26.000000
55.000000 -14.000000
190
-31.000000 -65.000000
-86.000000 -8.000000
114
-57.000000 -51.000000
-77.000000 -7.000000
86
-65.000000 -74.000000
-89.000000 51.000000
187
91.000000 40.000000
63.000000 73.000000
89
-98.000000 4.000000
-78.000000 -18.000000
192
-23.000000 1.000000
-54.000000 98.000000
201
2.000000 55.000000
-85.000000 87.000000
133
-26.000000 -32.000000
71.000000 89.000000
240
-87.000000 70.000000
-88.000000 89.000000
164
70.000000 -37.000000
95.000000 88.000000
101
-23.000000 55.000000
-69.000000 52.000000
247
10.000000 25.000000
-55.000000 72.000000
190
69.000000 71.000000
-56.000000 65.000000
241
25.000000 72.000000
-99.000000 -40.000000
199
26.000000 57.000000
-66.000000 97.000000
51
-90.000000 -17.000000
78.000000 94.000000
133
-43.000000 30.000000
-99.000000 -37.000000
157
60.000000 94.000000
-74.000000 97.000000
80
97.000000 3.000000
96.000000 91.000000
117
99.000000 63.000000
91.000000 60.000000
203
42.000000 -39.000000
-57.000000 81.000000
229
-34.000000 41.000000
-71.000000 55.000000
249
1.000000 -93.000000
-60.000000 -28.000000
194
-80.000000 0.000000
97.000000 -43.000000
246
26.000000 -29.000000
94.000000 54.000000
235
48.000000 -53.000000
-58.000000 -6.000000
132
-57.000000 -39.000000
63.000000 -29.000000
183
-39.000000 -30.000000
55.000000 54.000000
208
88.000000 35.000000
72.000000 -37.000000
138
-45.000000 29.000000
-72.000000 69.000000
137
-65.000000 98.000000
70.000000 51.000000
94
58.000000 -74.000000
73.000000 72.000000
82
2.000000 16.000000
-99.000000 97.000000
151
56.000000 -67.000000
71.000000 -17.000000
178
-8.000000 61.000000
-65.000000 -40.000000
67
61.000000 34.000000
-72.000000 -14.000000
76
-39.000000 54.000000
64.000000 -40.000000
210
-75.000000 91.000000
-79.000000 -49.000000
172
-69.000000 76.000000
56.000000 -38.000000
127
-70.000000 87.000000
55.000000 -40.000000
125
43.000000 82.000000
69.000000 -25.000000
87
-48.000000 -81.000000
76.000000 53.000000
189
73.000000 65.000000
65.000000 93.000000
90
-8.000000 -30.000000
50.000000 97.000000
169
-65.000000 -36.000000
-75.000000 94.000000
145
93.000000 -51.000000
-66.000000 -6.000000
190
1.000000 96.000000
-97.000000 88.000000
164
-8.000000 -41.000000
76.000000 -15.000000
66
19.000000 -69.000000
-58.000000 -11.000000
193
82.000000 -7.000000
51.000000 93.000000
178
-75.000000 -67.000000
-91.000000 -30.000000
60
-23.000000 13.000000
-50.000000 79.000000
51
-33.000000 -99.000000
-77.000000 59.000000
178
60.000000 68.000000
-74.000000 -21.000000
61
-43.000000 51.000000
86.000000 -29.000000
182
27.000000 -97.000000
-83.000000 -44.000000
240
51.000000 -68.000000
-58.000000 -3.000000
96
61.000000 -49.000000
55.000000 74.000000
93
98.000000 60.000000
72.000000 -27.000000
161
-13.000000 -53.000000
-98.000000 75.000000
189
-86.000000 -63.000000
-73.000000 80.000000
134
72.000000 93.000000
-86.000000 -39.000000
72
-46.000000 -91.000000
-68.000000 82.000000
231
-57.000000 -60.000000
89.000000 90.000000
171
66.000000 -51.000000
60.000000 70.000000
77
85.000000 -9.000000
-80.000000 86.000000
99
78.000000 -36.000000
77.000000 73.000000
246
48.000000 15.000000
-54.000000 -35.000000
245
4.000000 73.000000
-87.000000 -23.000000
187
-31.000000 4.000000
83.000000 78.000000
168
42.000000 -89.000000
-86.000000 93.000000
76
-79.000000 14.000000
-63.000000 -39.000000
175
36.000000 -64.000000
85.000000 57.000000
159
-9.000000 -81.000000
-92.000000 -13.000000
130
63.000000 -2.000000
-60.000000 -23.000000
66
32.000000 57.000000
-73.000000 -31.000000
244
56.000000 53.000000
-74.000000 -9.000000
90
-17.000000 -13.000000
58.000000 -13.000000
60
49.000000 14.000000
64.000000 85.000000
121
-46.000000 -51.000000
-53.000000 96.000000
197
-40.000000 -59.000000
-69.000000 -50.000000
215
31.000000 -2.000000
62.000000 -31.000000
194
-14.000000 16.000000
-85.000000 -28.000000
104
67.000000 -43.000000
-83.000000 84.000000
208
-5.000000 58.000000
-56.000000 62.000000
132
86.000000 -15.000000
76.000000 57.000000
80
50.000000 -86.000000
61.000000 -24.000000
61
-98.000000 -67.000000
-82.000000 -38.000000
171
48.000000 94.000000
-66.000000 -37.000000
96
-94.000000 23.000000
55.000000 -10.000000
157
-26.000000 -82.000000
-94.000000 -38.000000
193
83.000000 -3.000000
75.000000 -31.000000
92
-68.000000 66.000000
-59.000000 89.000000
64
96.000000 91.000000
76.000000 -17.000000
103
-42.000000 8.000000
86.000000 -23.000000
236
84.000000 -15.000000
80.000000 -3.000000
90
85.000000 54.000000
-64.000000 67.000000
219
97.000000 5.000000
-52.000000 52.000000
199
-53.000000 69.000000
-92.000000 59.000000
184
-98.000000 -93.000000
-69.000000 53.000000
239
7.000000 -5.000000
73.000000 -6.000000
157
-64.000000 45.000000
-50.000000 75.000000
118
-89.000000 -87.000000
-69.000000 -32.000000
196
-20.000000 94.000000
-92.000000 -21.000000
54
8.000000 -95.000000
-67.000000 -24.000000
144
-27.000000 75.000000
87.000000 61.000000
224
78.000000 -78.000000
-96.000000 97.000000
82
37.000000 -6.000000
-72.000000 73.000000
247
70.000000 39.000000
-61.000000 74.000000
155
39.000000 18.000000
-72.000000 -12.000000
142
-75.000000 -75.000000
-96.000000 -31.000000
228
57.000000 67.000000
-84.000000 95.000000
180
51.000000 -79.000000
-74.000000 61.000000
200
-15.000000 69.000000
89.000000 -45.000000
198
82.000000 94.000000
-83.000000 79.000000
183
-63.000000 37.000000
-71.000000 59.000000
221
-76.000000 -81.000000
99.000000 90.000000
113
77.000000 -28.000000
-60.000000 89.000000
219
15.000000 0.000000
-99.000000 -12.000000
152
97.000000 7.000000
-56.000000 -39.000000
59
63.000000 63.000000
56.000000 74.000000
249
-16.000000 -48.000000
-84.000000 -33.000000
105
-14.000000 79.000000
-81.000000 -41.000000
206
-51.000000 52.000000
-77.000000 -41.000000
173
-78.000000 -87.000000
-55.000000 -7.000000
162
-16.000000 -22.000000
94.000000 79.000000
78
-17.000000 -89.000000
-99.000000 -3.000000
122
62.000000 98.000000
50.000000 -23.000000
51
-16.000000 95.000000
73.000000 -4.000000
96
11.000000 92.000000
89.000000 59.000000
56
-19.000000 -3.000000
89.000000 -44.000000
240
7.000000 49.000000
68.000000 -25.000000
179
5.000000 85.000000
93.000000 -46.000000
136
-45.000000 -1.000000
78.000000 72.000000
60
90.000000 -39.000000
89.000000 90.000000
147
-84.000000 72.000000
59.000000 96.000000
150
-26.000000 -36.000000
70.000000 -26.000000
218
-18.000000 72.000000
75.000000 -44.000000
152
-96.000000 -96.000000
79.000000 -49.000000
57
-37.000000 -75.000000
-51.000000 52.000000
186
-22.000000 -47.000000
85.000000 -31.000000
93
81.000000 46.000000
-97.000000 78.000000
161
-67.000000 -6.000000
52.000000 -22.000000
85
62.000000 -64.000000
-75.000000 -44.000000
130
-35.000000 62.000000
-88.000000 -43.000000
245
-68.000000 98.000000
-78.000000 -34.000000
104
60.000000 -11.000000
60.000000 -1.000000
128
3.000000 -69.000000
87.000000 91.000000
173
-32.000000 4.000000
-71.000000 -12.000000
157
-89.000000 -47.000000
-63.000000 93.000000
174
76.000000 84.000000
-68.000000 -27.000000
246
-46.000000 32.000000
-89.000000 68.000000
74
75.000000 -82.000000
-81.000000 90.000000
199
-91.000000 55.000000
-57.000000 -6.000000
218
94.000000 -62.000000
54.000000 61.000000
177
0.000000 -90.000000
91.000000 -8.000000
235
-30.000000 -48.000000
90.000000 74.000000
185
96.000000 -37.000000
52.000000 -22.000000
236
-56.000000 -60.000000
90.000000 -15.000000
159
-95.000000 -85.000000
-53.000000 93.000000
187
-45.000000 -46.000000
-77.000000 73.000000
240
79.000000 -52.000000
-96.000000 93.000000
213
-17.000000 -63.000000
-70.000000 -40.000000
206
49.000000 -33.000000
69.000000 -15.000000
208
39.000000 -79.000000
-51.000000 99.000000
115
50.000000 -29.000000
-60.000000 -50.000000
88
-23.000000 23.000000
-81.000000 81.000000
249
17.000000 16.000000
-65.000000 53.000000
113
4.000000 37.000000
57.000000 -41.000000
92
17.000000 84.000000
98.000000 -11.000000
148
53.000000 -12.000000
-83.000000 -31.000000
83
-60.000000 98.000000
68.000000 -1.000000
100
-4.000000 -9.000000
73.000000 97.000000
209
-82.000000 38.000000
92.000000 -14.000000
55
-2.000000 70.000000
-67.000000 -16.000000
214
-70.000000 -8.000000
65.000000 -21.000000
131
-55.000000 -88.000000
-81.000000 -2.000000
65
68.000000 -67.000000
76.000000 51.000000
140
39.000000 91.000000
-78.000000 -16.000000
138
-72.000000 -12.000000
50.000000 51.000000
80
67.000000 31.000000
-66.000000 51.000000
98
56.000000 -72.000000
-52.000000 95.000000
167
-12.000000 -9.000000
71.000000 -7.000000
228
-29.000000 3.000000
50.000000 -29.000000
214
-39.000000 99.000000
-53.000000 61.000000
87
-90.000000 -36.000000
-69.000000 86.000000
115
-54.000000 -97.000000
56.000000 64.000000
68
-40.000000 69.000000
74.000000 99.000000
139
13.000000 69.000000
-99.000000 90.000000
127
64.000000 71.000000
-94.000000 -37.000000
240
-88.000000 -41.000000
51.000000 67.000000
90
-88.000000 -31.000000
86.000000 50.000000
234
-81.000000 -28.000000
-72.000000 82.000000
61
-2.000000 -47.000000
-77.000000 56.000000
69
73.000000 20.000000
-52.000000 54.000000
154
-15.000000 -45.000000
-63.000000 93.000000
207
28.000000 -11.000000
77.000000 -28.000000
54
73.000000 -79.000000
-73.000000 61.000000
52
31.000000 80.000000
51.000000 73.000000
191
-94.000000 -26.000000
-65.000000 -20.000000
194
8.000000 60.000000
-90.000000 -37.000000
213
88.000000 88.000000
-73.000000 70.000000
191
98.000000 71.000000
-59.000000 -14.000000
50
57.000000 28.000000
-82.000000 -1.000000
206
-71.000000 -82.000000
-85.000000 -5.000000
234
-91.000000 4.000000
95.000000 -17.000000
88
-61.000000 -65.000000
74.000000 89.000000
101
-18.000000 17.000000
-98.000000 80.000000
223
-13.000000 -61.000000
86.000000 -29.000000
111
61.000000 38.000000
89.000000 83.000000
61
75.000000 41.000000
61.000000 93.000000
56
86.000000 39.000000
-77.000000 -21.000000
126
46.000000 -3.000000
-77.000000 51.000000
197
47.000000 -49.000000
-86.000000 -38.000000
170
40.000000 12.000000
-56.000000 59.000000
188
-65.000000 -11.000000
86.000000 56.000000
232
63.000000 -50.000000
95.000000 98.000000
249
-56.000000 23.000000
-84.000000 60.000000
137
10.000000 -44.000000
99.000000 -47.000000
169
91.000000 80.000000
-79.000000 79.000000
140
-1.000000 16.000000
-73.000000 -3.000000
212
43.000000 -51.000000
52.000000 71.000000
87
-30.000000 -16.000000
-79.000000 87.000000
139
68.000000 -71.000000
67.000000 -1.000000
142
35.000000 -66.000000
73.000000 92.000000
136
-92.000000 8.000000
77.000000 -46.000000
89
-42.000000 -40.000000
50.000000 -4.000000
74
-40.000000 -43.000000
73.000000 -4.000000
175
-9.000000 37.000000
-67.000000 62.000000
152
46.000000 -17.000000
50.000000 -19.000000
166
28.000000 78.000000
-95.000000 55.000000
56
84.000000 78.000000
-65.000000 57.000000
150
12.000000 15.000000
-66.000000 -31.000000
184
46.000000 86.000000
82.000000 -42.000000
216
11.000000 -42.000000
83.000000 -12.000000
191
26.000000 -71.000000
-84.000000 77.000000
98
-77.000000 -39.000000
-69.000000 -49.000000
169
-32.000000 28.000000
-58.000000 -16.000000
183
-79.000000 42.000000
-61.000000 -11.000000
120
-67.000000 -87.000000
-65.000000 88.000000
234
41.000000 -26.000000
78.000000 -37.000000
218
-3.000000 -73.000000
86.000000 -37.000000
160
-74.000000 -29.000000
68.000000 -2.000000
162
-75.000000 -3.000000
-80.000000 79.000000
76
36.000000 -66.000000
89.000000 -21.000000
122
70.000000 60.000000
-98.000000 -44.000000
130
18.000000 74.000000
63.000000 -19.000000
204
82.000000 76.000000
90.000000 -30.000000
68
8.000000 -0.000000
95.000000 -43.000000
89
96.000000 76.000000
78.000000 56.000000
57
77.000000 51.000000
88.000000 86.000000
202
59.000000 27.000000
-56.000000 80.000000
116
48.000000 91.000000
-81.000000 76.000000
137
-33.000000 -7.000000
-94.000000 -33.000000
131
-71.000000 -28.000000
92.000000 92.000000
182
37.000000 -98.000000
-64.000000 -8.000000
216
55.000000 95.000000
69.000000 65.000000
139
14.000000 -65.000000
70.000000 -43.000000
74
18.000000 74.000000
-96.000000 -17.000000
62
-39.000000 85.000000
-58.000000 -41.000000
64
99.000000 81.000000
87.000000 81.000000
235
76.000000 68.000000
63.000000 76.000000
193
93.000000 82.000000
-85.000000 -32.000000
218
-15.000000 34.000000
-52.000000 -35.000000
115
-95.000000 80.000000
-95.000000 -5.000000
