6.6743e-11 100 8
137
89 16
75 53
181
13 73
74 70
61
4 82
51 85
173
62 32
58 85
216
6 89
82 87
63
41 32
80 71
196
49 10
63 86
74
39 67
89 89
113
73 1
88 69
127
20 43
78 89
128
69 57
96 85
102
80 50
71 95
111
31 91
77 62
147
46 86
76 86
235
29 51
70 61
167
13 88
79 87
144
89 15
52 63
87
55 67
62 68
226
4 31
93 58
133
79 57
93 80
105
96 67
80 86
216
18 53
90 82
200
58 26
91 91
112
61 28
96 67
223
77 94
54 79
220
63 13
95 52
158
14 9
96 54
95
99 22
54 65
240
32 65
56 50
76
37 62
80 87
133
26 12
92 63
82
7 35
89 95
52
99 3
59 66
195
81 13
79 96
186
94 38
88 70
153
53 46
83 90
183
46 75
90 61
90
28 95
92 97
167
45 1
69 66
106
83 13
60 87
162
0 73
94 58
89
92 13
55 92
176
81 77
90 74
123
35 64
63 51
227
64 19
85 74
83
1 30
67 68
161
93 32
91 61
89
4 2
96 81
60
23 57
83 93
165
97 68
70 52
210
89 79
55 76
126
87 62
80 77
57
63 40
54 52
56
58 91
72 62
155
32 24
69 80
167
88 96
98 65
108
30 27
56 97
237
70 75
55 77
150
45 34
86 65
51
29 73
86 60
53
60 65
95 87
82
93 5
72 70
194
51 78
77 74
157
4 13
90 79
59
74 30
97 55
62
23 56
68 91
209
33 97
84 71
181
89 3
75 76
163
53 20
96 65
232
60 24
54 87
150
36 96
53 77
235
12 39
83 58
230
30 19
93 66
116
46 49
75 58
224
98 21
86 79
94
63 62
51 54
167
49 57
84 55
55
75 90
99 67
58
70 49
67 90
163
16 57
65 62
144
86 86
65 92
175
27 88
95 90
230
2 57
62 80
236
4 87
56 61
205
5 22
64 76
175
21 39
51 93
88
37 87
81 77
53
72 54
94 82
167
3 15
97 69
167
84 57
70 71
190
44 77
55 97
159
94 22
66 82
248
55 21
50 87
189
4 42
77 61
100
92 80
51 53
239
60 70
93 75
180
72 17
64 77
77
37 36
70 74
55
91 72
61 62
143
54 51
64 99
