6.6743e-11 480 1000
209
57.000000 -90.000000
75.000000 59.000000
221
12.000000 89.000000
-84.000000 73.000000
249
1.000000 1.000000
-70.000000 85.000000
134
75.000000 -3.000000
73.000000 90.000000
85
-11.000000 -45.000000
-79.000000 -39.000000
152
82.000000 -27.000000
78.000000 94.000000
239
-13.000000 -90.000000
52.000000 64.000000
56
-1.000000 -28.000000
-77.000000 50.000000
235
-44.000000 6.000000
91.000000 -24.000000
134
22.000000 43.000000
97.000000 -25.000000
201
31.000000 64.000000
-73.000000 82.000000
237
-56.000000 98.000000
80.000000 -19.000000
235
-89.000000 -69.000000
78.000000 78.000000
99
-51.000000 13.000000
98.000000 -24.000000
141
38.000000 35.000000
-78.000000 -32.000000
96
36.000000 -85.000000
62.000000 -43.000000
99
-61.000000 86.000000
-90.000000 -44.000000
99
46.000000 -97.000000
78.000000 56.000000
138
-93.000000 -43.000000
-75.000000 -4.000000
136
-98.000000 -98.000000
61.000000 -31.000000
147
20.000000 84.000000
-84.000000 -5.000000
100
30.000000 -2.000000
83.000000 -43.000000
236
57.000000 14.000000
53.000000 74.000000
159
-17.000000 -94.000000
-63.000000 -29.000000
212
97.000000 -58.000000
-91.000000 93.000000
221
22.000000 -32.000000
77.000000 87.000000
222
46.000000 -15.000000
93.000000 -13.000000
203
62.000000 -8.000000
69.000000 55.000000
149
-37.000000 -34.000000
79.000000 89.000000
195
37.000000 -77.000000
-50.000000 55.000000
119
-1.000000 -82.000000
51.000000 83.000000
204
-20.000000 -5.000000
-94.000000 -39.000000
116
-26.000000 4.000000
89.000000 80.000000
71
-52.000000 71.000000
-94.000000 -34.000000
213
-71.000000 -43.000000
-69.000000 64.000000
110
31.000000 -46.000000
-91.000000 -29.000000
111
95.000000 9.000000
84.000000 85.000000
96
-2.000000 -12.000000
-98.000000 -34.000000
223
97.000000 96.000000
89.000000 82.000000
86
11.000000 -73.000000
84.000000 -2.000000
160
89.000000 -12.000000
62.000000 79.000000
80
-95.000000 71.000000
-94.000000 -48.000000
63
61.000000 8.000000
57.000000 -23.000000
199
-32.000000 84.000000
84.000000 -38.000000
176
82.000000 -98.000000
-73.000000 58.000000
192
-5.000000 -56.000000
82.000000 62.000000
137
-53.000000 83.000000
-67.000000 -48.000000
67
92.000000 -14.000000
-76.000000 -19.000000
87
45.000000 14.000000
-64.000000 92.000000
58
-19.000000 74.000000
67.000000 -19.000000
193
93.000000 -20.000000
-82.000000 51.000000
112
73.000000 -61.000000
95.000000 85.000000
152
18.000000 42.000000
-73.000000 86.000000
147
16.000000 14.000000
-53.000000 -13.000000
203
-98.000000 -81.000000
69.000000 72.000000
153
-49.000000 81.000000
53.000000 -36.000000
97
-47.000000 69.000000
85.000000 -42.000000
50
-29.000000 -86.000000
90.000000 53.000000
214
-39.000000 -8.000000
65.000000 -50.000000
75
95.000000 -26.000000
73.000000 -37.000000
248
-66.000000 -86.000000
-68.000000 55.000000
193
-43.000000 -61.000000
66.000000 -3.000000
165
53.000000 -77.000000
50.000000 -46.000000
112
-94.000000 -41.000000
58.000000 -9.000000
68
-67.000000 -96.000000
-82.000000 60.000000
203
-16.000000 47.000000
68.000000 -17.000000
99
-81.000000 65.000000
-73.000000 83.000000
128
-8.000000 -86.000000
76.000000 -21.000000
217
5.000000 83.000000
-52.000000 -48.000000
244
-36.000000 -48.000000
81.000000 51.000000
212
-87.000000 17.000000
-54.000000 92.000000
151
-23.000000 63.000000
-90.000000 -41.000000
229
-46.000000 51.000000
-84.000000 50.000000
85
15.000000 14.000000
-65.000000 -50.000000
212
63.000000 -37.000000
63.000000 -33.000000
52
0.000000 41.000000
69.000000 93.000000
106
7.000000 1.000000
-53.000000 91.000000
240
-85.000000 -73.000000
-52.000000 -26.000000
206
6.000000 44.000000
50.000000 73.000000
191
83.000000 -4.000000
70.000000 70.000000
53
22.000000 -10.000000
-85.000000 -14.000000
136
5.000000 26.000000
90.000000 -24.000000
113
-61.000000 -88.000000
65.000000 81.000000
50
58.000000 77.000000
54.000000 -26.000000
160
87.000000 -16.000000
59.000000 -12.000000
193
-18.000000 -96.000000
-70.000000 -49.000000
178
74.000000 50.000000
-60.000000 79.000000
214
40.000000 -84.000000
-83.000000 81.000000
192
64.000000 1.000000
64.000000 -7.000000
181
16.000000 -61.000000
64.000000 77.000000
99
-60.000000 5.000000
62.000000 -26.000000
109
94.000000 16.000000
-76.000000 -45.000000
86
-90.000000 6.000000
-55.000000 -21.000000
245
23.000000 75.000000
84.000000 -5.000000
90
62.000000 61.000000
67.000000 96.000000
173
77.000000 -60.000000
88.000000 -9.000000
76
-50.000000 -56.000000
76.000000 64.000000
133
-1.000000 41.000000
96.000000 87.000000
80
89.000000 -14.000000
-67.000000 89.000000
167
49.000000 -64.000000
92.000000 83.000000
100
-90.000000 30.000000
-67.000000 54.000000
153
-13.000000 -1.000000
70.000000 50.000000
233
-20.000000 -46.000000
-64.000000 73.000000
81
18.000000 50.000000
92.000000 90.000000
134
72.000000 -8.000000
-77.000000 -24.000000
59
-49.000000 72.000000
78.000000 78.000000
181
-97.000000 28.000000
-79.000000 -39.000000
197
5.000000 60.000000
68.000000 66.000000
158
-18.000000 28.000000
-89.000000 84.000000
178
-72.000000 -47.000000
-80.000000 -1.000000
94
7.000000 87.000000
-90.000000 -46.000000
134
-66.000000 -22.000000
-53.000000 51.000000
164
-6.000000 5.000000
58.000000 -21.000000
127
-92.000000 91.000000
96.000000 79.000000
91
46.000000 64.000000
-66.000000 -20.000000
171
-12.000000 97.000000
-67.000000 73.000000
121
84.000000 -47.000000
-66.000000 60.000000
106
-22.000000 -52.000000
-93.000000 59.000000
210
76.000000 63.000000
98.000000 75.000000
220
-29.000000 42.000000
-51.000000 53.000000
208
57.000000 -78.000000
-58.000000 51.000000
166
25.000000 40.000000
-78.000000 -45.000000
232
-71.000000 -73.000000
-74.000000 -17.000000
232
63.000000 70.000000
89.000000 80.000000
163
-12.000000 43.000000
-87.000000 -32.000000
114
-6.000000 -94.000000
-98.000000 -28.000000
233
-36.000000 -77.000000
-72.000000 63.000000
121
-41.000000 34.000000
-60.000000 80.000000
88
-9.000000 19.000000
91.000000 -25.000000
183
53.000000 41.000000
62.000000 77.000000
160
-55.000000 2.000000
-67.000000 96.000000
222
-13.000000 -87.000000
87.000000 74.000000
171
-23.000000 -96.000000
84.000000 -8.000000
54
-42.000000 79.000000
98.000000 85.000000
50
45.000000 -42.000000
80.000000 -34.000000
77
-87.000000 -76.000000
72.000000 -21.000000
81
-2.000000 -49.000000
-97.000000 76.000000
71
-84.000000 -53.000000
50.000000 -40.000000
232
-28.000000 53.000000
-68.000000 -14.000000
192
-52.000000 -9.000000
-95.000000 -44.000000
175
-46.000000 31.000000
87.000000 61.000000
126
2.000000 -2.000000
-64.000000 -30.000000
249
-35.000000 25.000000
72.000000 83.000000
101
-12.000000 -21.000000
95.000000 -45.000000
132
-1.000000 -61.000000
92.000000 51.000000
90
96.000000 57.000000
-91.000000 80.000000
155
-84.000000 -86.000000
99.000000 -3.000000
164
-24.000000 -22.000000
58.000000 -41.000000
75
63.000000 28.000000
68.000000 -1.000000
199
1.000000 -40.000000
84.000000 85.000000
223
21.000000 43.000000
-84.000000 -4.000000
176
-74.000000 -10.000000
50.000000 -7.000000
66
-74.000000 19.000000
-72.000000 75.000000
209
32.000000 -98.000000
93.000000 52.000000
56
12.000000 -12.000000
67.000000 -41.000000
121
39.000000 84.000000
79.000000 -31.000000
50
75.000000 3.000000
-96.000000 65.000000
239
-51.000000 56.000000
-75.000000 97.000000
113
-61.000000 2.000000
-64.000000 -10.000000
183
25.000000 40.000000
-68.000000 79.000000
207
-46.000000 4.000000
-97.000000 98.000000
77
-17.000000 1.000000
76.000000 -7.000000
216
-13.000000 -40.000000
-98.000000 -25.000000
218
-63.000000 -90.000000
-95.000000 -6.000000
158
-21.000000 26.000000
-74.000000 90.000000
155
25.000000 -98.000000
79.000000 75.000000
137
5.000000 -68.000000
-51.000000 89.000000
238
-28.000000 61.000000
92.000000 62.000000
108
-65.000000 4.000000
87.000000 -8.000000
126
-75.000000 -97.000000
-92.000000 57.000000
113
-2.000000 -36.000000
-55.000000 -40.000000
51
21.000000 -73.000000
-97.000000 78.000000
58
-69.000000 0.000000
-52.000000 76.000000
166
-13.000000 -76.000000
94.000000 91.000000
226
7.000000 -33.000000
-56.000000 -1.000000
61
2.000000 72.000000
51.000000 -19.000000
107
70.000000 12.000000
-93.000000 -10.000000
66
85.000000 -60.000000
-96.000000 60.000000
159
92.000000 -29.000000
-94.000000 -23.000000
108
68.000000 -75.000000
-54.000000 75.000000
226
9.000000 79.000000
-83.000000 -40.000000
99
-96.000000 -95.000000
51.000000 -24.000000
180
90.000000 78.000000
56.000000 -8.000000
130
37.000000 -90.000000
76.000000 -36.000000
200
1.000000 -65.000000
63.000000 93.000000
174
-44.000000 -66.000000
89.000000 82.000000
54
83.000000 -46.000000
65.000000 69.000000
82
45.000000 54.000000
-57.000000 79.000000
137
-89.000000 5.000000
77.000000 -21.000000
177
97.000000 -88.000000
-79.000000 65.000000
244
82.000000 47.000000
-79.000000 64.000000
77
-74.000000 23.000000
-50.000000 -14.000000
216
96.000000 -45.000000
-70.000000 -13.000000
82
77.000000 -46.000000
74.000000 -38.000000
101
-74.000000 -72.000000
78.000000 -3.000000
143
-12.000000 15.000000
79.000000 -42.000000
248
32.000000 46.000000
-55.000000 -49.000000
207
-54.000000 44.000000
70.000000 -8.000000
126
36.000000 77.000000
84.000000 -9.000000
109
41.000000 -96.000000
-78.000000 51.000000
147
-92.000000 75.000000
-89.000000 82.000000
107
-55.000000 -66.000000
81.000000 -22.000000
172
-46.000000 -32.000000
-83.000000 -15.000000
156
87.000000 79.000000
70.000000 -13.000000
109
38.000000 -35.000000
-97.000000 80.000000
220
23.000000 78.000000
98.000000 91.000000
195
-26.000000 -53.000000
98.000000 98.000000
228
2.000000 -25.000000
76.000000 86.000000
146
-21.000000 -18.000000
-64.000000 -43.000000
72
-7.000000 -74.000000
-97.000000 64.000000
175
1.000000 -40.000000
72.000000 96.000000
188
18.000000 38.000000
57.000000 -21.000000
56
-67.000000 89.000000
-70.000000 60.000000
192
65.000000 47.000000
75.000000 70.000000
186
70.000000 -80.000000
89.000000 -49.000000
212
-82.000000 -38.000000
62.000000 88.000000
78
-61.000000 91.000000
-51.000000 -27.000000
64
54.000000 -89.000000
-96.000000 -45.000000
73
-61.000000 27.000000
73.000000 53.000000
99
-3.000000 41.000000
-82.000000 -45.000000
53
50.000000 26.000000
-94.000000 -21.000000
230
-56.000000 66.000000
-52.000000 83.000000
77
-27.000000 12.000000
-66.000000 92.000000
197
-88.000000 96.000000
99.000000 76.000000
112
-69.000000 77.000000
-65.000000 -22.000000
159
-34.000000 -38.000000
-95.000000 86.000000
78
44.000000 89.000000
-77.000000 62.000000
120
-86.000000 9.000000
-91.000000 91.000000
179
-98.000000 66.000000
61.000000 56.000000
208
7.000000 -48.000000
72.000000 -40.000000
189
52.000000 -66.000000
74.000000 -11.000000
160
11.000000 -75.000000
-56.000000 70.000000
236
60.000000 -28.000000
-96.000000 -41.000000
93
-44.000000 71.000000
-65.000000 -22.000000
214
-75.000000 -34.000000
56.000000 68.000000
98
-98.000000 -86.000000
85.000000 -39.000000
118
7.000000 69.000000
58.000000 -31.000000
148
65.000000 34.000000
-75.000000 82.000000
177
51.000000 4.000000
-52.000000 74.000000
148
-48.000000 -11.000000
89.000000 54.000000
217
50.000000 -58.000000
-73.000000 65.000000
230
-58.000000 -32.000000
-62.000000 97.000000
170
-70.000000 49.000000
-97.000000 -31.000000
211
29.000000 95.000000
-62.000000 52.000000
123
-39.000000 60.000000
-51.000000 68.000000
179
-32.000000 99.000000
91.000000 91.000000
58
-61.000000 -98.000000
91.000000 -20.000000
57
-18.000000 -51.000000
68.000000 -33.000000
125
-55.000000 -50.000000
63.000000 -38.000000
238
78.000000 -2.000000
-73.000000 -24.000000
245
-89.000000 28.000000
-58.000000 82.000000
118
28.000000 -65.000000
95.000000 79.000000
108
92.000000 -92.000000
-60.000000 75.000000
100
87.000000 25.000000
62.000000 92.000000
102
63.000000 10.000000
-59.000000 53.000000
173
-83.000000 -55.000000
58.000000 85.000000
234
23.000000 30.000000
69.000000 56.000000
182
-14.000000 89.000000
-58.000000 53.000000
209
-5.000000 2.000000
-60.000000 51.000000
133
-53.000000 -19.000000
-80.000000 57.000000
242
-22.000000 20.000000
-69.000000 -50.000000
120
-3.000000 74.000000
88.000000 60.000000
201
68.000000 88.000000
77.000000 -31.000000
102
-41.000000 -15.000000
82.000000 79.000000
54
-51.000000 97.000000
-72.000000 -22.000000
68
6.000000 22.000000
96.000000 90.000000
228
4.000000 42.000000
-88.000000 -41.000000
141
25.000000 -42.000000
-99.000000 -50.000000
109
-21.000000 -9.000000
85.000000 -34.000000
67
-82.000000 43.000000
-76.000000 82.000000
239
10.000000 -39.000000
-58.000000 -37.000000
115
-84.000000 39.000000
72.000000 71.000000
244
88.000000 -97.000000
98.000000 81.000000
213
44.000000 28.000000
80.000000 -32.000000
126
-89.000000 94.000000
-98.000000 -48.000000
125
25.000000 -26.000000
62.000000 -26.000000
246
-48.000000 -92.000000
-51.000000 -33.000000
199
1.000000 16.000000
-83.000000 62.000000
64
17.000000 -85.000000
-87.000000 51.000000
218
58.000000 -50.000000
-97.000000 -16.000000
115
-2.000000 -26.000000
78.000000 61.000000
134
60.000000 -90.000000
75.000000 -26.000000
139
-14.000000 69.000000
-98.000000 76.000000
240
83.000000 45.000000
-67.000000 52.000000
240
48.000000 -89.000000
86.000000 -2.000000
214
52.000000 21.000000
-77.000000 55.000000
105
-82.000000 -85.000000
-60.000000 90.000000
110
-39.000000 39.000000
-79.000000 61.000000
146
55.000000 -68.000000
-85.000000 -3.000000
94
39.000000 63.000000
54.000000 73.000000
225
30.000000 -12.000000
-63.000000 50.000000
165
3.000000 62.000000
-65.000000 82.000000
225
-85.000000 56.000000
94.000000 -33.000000
97
97.000000 79.000000
-86.000000 59.000000
208
-91.000000 -90.000000
-60.000000 -37.000000
138
55.000000 -89.000000
51.000000 -1.000000
176
16.000000 -25.000000
69.000000 -22.000000
124
9.000000 28.000000
-82.000000 62.000000
75
-1.000000 87.000000
-84.000000 73.000000
245
50.000000 -93.000000
88.000000 -34.000000
129
-63.000000 -3.000000
89.000000 -15.000000
147
-16.000000 99.000000
-80.000000 97.000000
171
-63.000000 -76.000000
-73.000000 57.000000
220
-58.000000 -74.000000
66.000000 -27.000000
55
81.000000 -51.000000
67.000000 -7.000000
186
-13.000000 17.000000
-54.000000 -22.000000
184
63.000000 -8.000000
-88.000000 51.000000
207
12.000000 -55.000000
-93.000000 -23.000000
200
-72.000000 32.000000
-84.000000 62.000000
154
-8.000000 -11.000000
-60.000000 -33.000000
138
45.000000 -45.000000
-64.000000 -8.000000
246
73.000000 72.000000
95.000000 85.000000
82
35.000000 71.000000
-86.000000 54.000000
63
-60.000000 73.000000
-57.000000 -43.000000
139
44.000000 78.000000
99.000000 -50.000000
132
-88.000000 -19.000000
-88.000000 91.000000
186
-38.000000 -34.000000
-57.000000 80.000000
209
20.000000 54.000000
88.000000 78.000000
198
-23.000000 85.000000
-57.000000 77.000000
135
54.000000 -88.000000
-62.000000 -44.000000
243
-37.000000 -14.000000
-94.000000 -35.000000
118
-74.000000 94.000000
-68.000000 87.000000
160
91.000000 62.000000
-54.000000 54.000000
218
-74.000000 -18.000000
-50.000000 -38.000000
152
66.000000 -40.000000
-86.000000 76.000000
157
-64.000000 -71.000000
-76.000000 -47.000000
87
-70.000000 38.000000
-83.000000 76.000000
78
15.000000 20.000000
90.000000 -16.000000
175
48.000000 58.000000
82.000000 -45.000000
94
-48.000000 15.000000
75.000000 55.000000
184
-25.000000 -93.000000
-89.000000 -29.000000
203
-49.000000 86.000000
61.000000 98.000000
139
80.000000 -0.000000
-92.000000 66.000000
153
19.000000 -50.000000
60.000000 92.000000
91
-89.000000 -79.000000
84.000000 -7.000000
77
44.000000 -18.000000
-92.000000 -31.000000
163
85.000000 38.000000
-63.000000 58.000000
178
-94.000000 -34.000000
-66.000000 -16.000000
144
-50.000000 45.000000
69.000000 -28.000000
138
-4.000000 16.000000
-64.000000 67.000000
224
-17.000000 50.000000
75.000000 60.000000
109
-76.000000 75.000000
-72.000000 52.000000
105
89.000000 41.000000
-88.000000 64.000000
235
96.000000 2.000000
-96.000000 62.000000
81
-21.000000 -20.000000
-58.000000 -4.000000
181
-60.000000 -40.000000
-87.000000 83.000000
174
20.000000 -57.000000
-90.000000 59.000000
96
-42.000000 -62.000000
-66.000000 -46.000000
61
-28.000000 -94.000000
-86.000000 86.000000
55
-74.000000 96.000000
-95.000000 -21.000000
88
-75.000000 -27.000000
-69.000000 -26.000000
113
-98.000000 82.000000
-74.000000 84.000000
180
-13.000000 -96.000000
-77.000000 96.000000
165
39.000000 8.000000
73.000000 95.000000
178
-50.000000 84.000000
98.000000 74.000000
174
35.000000 44.000000
-89.000000 -8.000000
233
-54.000000 77.000000
84.000000 84.000000
215
-37.000000 -88.000000
-67.000000 -8.000000
206
-76.000000 -57.000000
-68.000000 85.000000
166
63.000000 -53.000000
-92.000000 -20.000000
173
-7.000000 -64.000000
-69.000000 50.000000
108
0.000000 0.000000
86.000000 -5.000000
229
92.000000 10.000000
91.000000 -50.000000
178
-55.000000 -30.000000
-62.000000 -3.000000
69
-88.000000 77.000000
-87.000000 50.000000
71
99.000000 -31.000000
56.000000 -42.000000
199
38.000000 4.000000
89.000000 -42.000000
170
-49.000000 58.000000
-67.000000 -45.000000
52
63.000000 45.000000
-67.000000 63.000000
170
7.000000 15.000000
54.000000 -12.000000
95
61.000000 -27.000000
-99.000000 70.000000
145
-88.000000 -51.000000
-68.000000 -36.000000
186
-14.000000 80.000000
60.000000 67.000000
88
10.000000 47.000000
54.000000 -32.000000
93
-95.000000 -44.000000
-82.000000 72.000000
180
-63.000000 -53.000000
-53.000000 78.000000
233
-17.000000 -53.000000
53.000000 90.000000
128
98.000000 27.000000
69.000000 -18.000000
142
69.000000 85.000000
79.000000 -39.000000
195
-28.000000 45.000000
-50.000000 -39.000000
211
95.000000 8.000000
86.000000 89.000000
166
92.000000 -56.000000
-69.000000 69.000000
211
-64.000000 36.000000
-61.000000 66.000000
235
-40.000000 -84.000000
93.000000 -42.000000
194
-58.000000 -29.000000
-90.000000 91.000000
65
52.000000 42.000000
70.000000 97.000000
236
-85.000000 42.000000
70.000000 -22.000000
243
-89.000000 -73.000000
-78.000000 50.000000
165
-56.000000 -22.000000
91.000000 -18.000000
64
94.000000 61.000000
-85.000000 50.000000
217
-95.000000 -20.000000
55.000000 74.000000
168
-17.000000 29.000000
-51.000000 -4.000000
141
79.000000 68.000000
-79.000000 -11.000000
139
18.000000 -69.000000
-81.000000 99.000000
96
-90.000000 99.000000
85.000000 99.000000
62
-99.000000 94.000000
-66.000000 -32.000000
219
62.000000 55.000000
66.000000 -47.000000
91
-58.000000 -86.000000
75.000000 75.000000
229
26.000000 -42.000000
56.000000 75.000000
96
1.000000 85.000000
-69.000000 -15.000000
193
-85.000000 10.000000
-61.000000 88.000000
89
-34.000000 -91.000000
-97.000000 -7.000000
245
-59.000000 -75.000000
-73.000000 95.000000
77
-11.000000 60.000000
90.000000 -17.000000
51
75.000000 55.000000
80.000000 93.000000
69
-68.000000 -48.000000
54.000000 90.000000
223
24.000000 -94.000000
-85.000000 -1.000000
82
-22.000000 -98.000000
-76.000000 52.000000
120
-36.000000 -2.000000
90.000000 79.000000
244
-58.000000 -18.000000
-67.000000 -25.000000
147
4.000000 16.000000
73.000000 -16.000000
156
-7.000000 49.000000
58.000000 67.000000
168
42.000000 12.000000
-69.000000 -50.000000
149
-98.000000 -66.000000
71.000000 -19.000000
71
-59.000000 -75.000000
90.000000 56.000000
141
31.000000 76.000000
89.000000 98.000000
112
-58.000000 -62.000000
-62.000000 -4.000000
202
36.000000 -99.000000
-80.000000 -40.000000
50
-28.000000 -56.000000
78.000000 63.000000
214
-22.000000 -92.000000
-65.000000 65.000000
98
13.000000 -38.000000
79.000000 92.000000
60
55.000000 74.000000
-54.000000 52.000000
156
66.000000 18.000000
-57.000000 -26.000000
84
-15.000000 59.000000
-72.000000 88.000000
50
-17.000000 23.000000
-91.000000 -12.000000
216
-17.000000 -85.000000
59.000000 -10.000000
76
-59.000000 -28.000000
-80.000000 94.000000
148
-29.000000 39.000000
58.000000 -47.000000
182
99.000000 -74.000000
59.000000 67.000000
158
-35.000000 61.000000
-50.000000 50.000000
163
-18.000000 60.000000
90.000000 87.000000
151
92.000000 -36.000000
-67.000000 -35.000000
90
1.000000 87.000000
83.000000 -21.000000
223
91.000000 -53.000000
89.000000 -19.000000
228
-8.000000 -37.000000
-83.000000 -31.000000
66
-73.000000 58.000000
-54.000000 95.000000
73
94.000000 27.000000
93.000000 -16.000000
98
41.000000 -82.000000
71.000000 81.000000
193
-84.000000 -72.000000
66.000000 65.000000
137
83.000000 10.000000
80.000000 -1.000000
199
-4.000000 -99.000000
90.000000 -20.000000
78
-4.000000 -66.000000
-95.000000 -12.000000
179
-97.000000 -37.000000
60.000000 58.000000
71
-25.000000 25.000000
81.000000 -25.000000
53
-45.000000 -78.000000
-63.000000 -19.000000
99
30.000000 27.000000
-57.000000 -22.000000
237
-83.000000 -79.000000
-78.000000 -6.000000
184
61.000000 51.000000
52.000000 83.000000
159
4.000000 -13.000000
94.000000 -12.000000
225
-30.000000 73.000000
96.000000 -15.000000
143
65.000000 -8.000000
-55.000000 -30.000000
154
-0.000000 -83.000000
99.000000 96.000000
200
-97.000000 94.000000
51.000000 -19.000000
90
81.000000 -0.000000
-61.000000 53.000000
72
-51.000000 -82.000000
-91.000000 86.000000
180
42.000000 -3.000000
-53.000000 77.000000
182
78.000000 8.000000
-81.000000 -49.000000
226
74.000000 33.000000
-61.000000 -8.000000
117
49.000000 -96.000000
73.000000 78.000000
159
-56.000000 -23.000000
86.000000 -5.000000
208
55.000000 -59.000000
-62.000000 -35.000000
59
43.000000 41.000000
-59.000000 82.000000
98
-83.000000 41.000000
-59.000000 61.000000
168
16.000000 -18.000000
85.000000 -32.000000
62
37.000000 2.000000
55.000000 63.000000
156
-69.000000 -23.000000
54.000000 -23.000000
219
-40.000000 -27.000000
61.000000 -38.000000
167
-74.000000 60.000000
60.000000 80.000000
58
-32.000000 -84.000000
64.000000 -30.000000
94
-26.000000 22.000000
85.000000 77.000000
182
-72.000000 -32.000000
-75.000000 96.000000
133
25.000000 -20.000000
-64.000000 -32.000000
245
91.000000 -81.000000
54.000000 51.000000
121
94.000000 -24.000000
-81.000000 -35.000000
179
50.000000 33.000000
94.000000 64.000000
104
17.000000 69.000000
58.000000 92.000000
100
-46.000000 2.000000
-69.000000 53.000000
95
62.000000 1.000000
83.000000 -20.000000
121
-16.000000 67.000000
90.000000 65.000000
120
42.000000 86.000000
-85.000000 -6.000000
