6.6743e-11 600 1000
90
64 25
51 93
186
33 68
65 75
231
83 46
50 62
222
94 21
51 70
127
62 92
70 80
228
13 14
88 80
227
15 72
65 93
219
85 82
57 52
101
55 35
97 86
156
19 10
83 50
72
75 29
59 85
197
76 15
95 60
64
19 90
85 81
234
17 50
53 71
176
88 24
61 82
88
21 88
90 59
106
69 31
66 81
180
31 31
93 56
128
33 72
54 97
119
4 33
57 88
159
31 65
99 50
244
39 88
97 68
129
80 24
58 50
199
39 82
91 80
132
13 11
60 66
117
46 37
75 74
103
92 85
85 86
241
75 31
99 80
74
23 61
63 55
181
48 54
86 72
239
49 5
73 52
60
62 22
98 58
139
83 61
97 82
169
80 25
56 94
229
69 19
74 55
185
30 38
61 83
166
18 72
74 66
141
48 28
86 55
196
49 94
76 80
196
2 1
95 79
60
66 58
65 79
192
4 66
99 72
67
73 41
57 85
150
87 78
83 98
73
77 95
77 72
104
78 70
99 58
75
60 18
99 92
175
16 86
59 81
167
0 98
85 91
209
63 91
89 96
96
86 21
93 74
165
15 78
88 95
115
56 71
65 77
55
1 2
86 73
162
86 91
84 64
222
25 75
71 85
66
94 82
58 55
189
88 70
68 55
76
39 72
99 82
156
3 39
63 59
89
56 72
88 78
240
64 50
85 67
187
19 83
90 82
127
13 23
78 65
131
50 43
75 72
149
65 78
87 55
180
61 94
74 86
52
74 28
95 66
162
30 55
89 81
71
63 61
78 84
191
22 67
89 94
249
17 95
50 64
156
97 46
84 70
71
12 22
90 96
157
95 8
91 88
237
4 11
97 50
185
64 43
87 57
53
83 56
73 72
135
71 78
98 82
206
72 4
50 68
162
60 28
68 60
153
29 47
99 60
76
44 95
54 92
182
12 45
67 67
135
47 52
87 57
248
91 65
83 70
193
61 35
95 55
229
94 58
68 60
245
65 38
80 89
219
77 23
92 82
96
47 19
78 94
84
93 92
64 77
129
49 20
77 90
146
37 72
84 92
58
75 89
81 73
205
4 43
77 85
249
96 31
77 98
175
21 32
61 70
86
33 49
92 87
110
14 86
80 97
200
70 5
79 75
101
74 33
68 57
101
1 58
56 99
229
40 24
97 52
151
96 40
78 84
188
16 94
94 54
246
49 55
82 68
130
65 21
79 54
233
87 57
57 87
94
33 68
70 84
230
13 38
72 79
93
19 19
74 59
165
31 7
76 64
213
47 97
53 79
78
61 64
53 68
220
21 64
50 55
144
38 88
67 57
213
36 50
59 84
162
68 49
65 93
96
62 7
88 96
216
4 74
94 79
208
58 1
56 79
109
96 25
82 99
63
34 12
96 52
93
47 66
60 64
163
69 10
56 77
159
31 93
74 63
75
25 71
53 86
184
28 95
96 80
63
9 96
98 97
157
64 43
57 57
76
69 20
97 97
76
93 56
70 59
67
93 86
72 95
246
69 29
61 77
216
7 42
89 77
207
84 86
93 74
93
13 52
50 63
63
56 39
50 56
76
86 75
72 72
59
3 20
97 80
65
91 96
75 72
183
62 32
56 67
205
10 61
76 71
60
65 34
92 67
215
19 45
67 53
192
38 64
95 95
237
43 12
87 79
69
19 64
81 83
127
94 88
59 87
70
95 98
67 87
189
62 54
58 61
182
22 53
50 70
119
63 9
90 65
52
4 36
69 71
188
57 50
89 84
169
87 5
94 66
206
1 6
67 69
61
22 51
73 83
174
82 55
70 89
73
56 41
64 79
75
64 17
52 84
156
59 5
72 93
155
30 2
71 56
249
24 17
53 73
99
58 97
89 83
180
30 58
88 86
247
55 63
99 63
59
55 19
65 68
129
67 74
82 61
90
50 60
85 66
155
34 65
98 63
73
7 45
83 56
247
98 55
68 52
197
40 14
82 54
55
8 33
94 74
243
6 64
80 93
193
97 48
63 78
247
60 1
59 56
93
14 53
58 91
85
72 40
95 75
156
28 80
54 65
125
20 8
53 83
202
3 77
55 99
68
8 98
55 78
170
8 73
64 84
216
6 69
94 88
51
76 97
62 82
182
72 57
92 52
77
19 4
55 82
76
56 0
80 87
161
3 7
91 71
119
63 38
78 75
109
25 77
59 86
239
68 68
73 63
212
29 40
74 84
237
74 60
97 93
154
6 54
77 59
150
15 28
56 63
146
85 74
60 73
146
31 15
78 66
206
21 78
62 85
245
25 72
67 72
74
73 78
88 81
101
18 31
96 68
76
20 14
90 61
133
55 7
75 64
185
54 22
57 58
168
32 56
80 93
149
8 68
99 73
248
82 24
92 69
178
9 95
59 98
151
18 31
97 58
144
19 95
56 50
229
12 18
64 63
192
82 62
87 52
83
11 53
72 65
156
69 95
93 67
78
27 68
78 99
126
23 45
95 98
229
15 27
90 93
79
4 37
90 61
142
93 96
61 55
217
6 13
80 86
152
0 17
68 79
78
13 57
55 54
160
32 83
77 75
224
16 55
68 79
206
15 23
78 51
228
44 68
57 87
174
26 91
72 77
144
29 57
61 59
85
97 69
94 69
226
1 94
75 92
122
48 1
52 89
228
23 69
56 72
182
49 99
78 58
71
85 4
63 51
249
32 38
57 98
128
3 24
68 82
130
69 4
93 80
174
64 59
83 99
221
84 31
89 72
162
93 94
97 98
206
35 49
97 90
194
73 70
52 98
91
58 28
59 61
103
20 87
86 68
203
17 41
63 90
208
7 2
52 51
54
1 59
51 91
100
73 36
86 73
226
64 65
78 86
175
15 40
60 95
103
51 51
91 70
114
43 28
81 74
198
42 80
72 99
95
60 0
73 68
146
40 46
83 60
118
25 38
83 85
85
34 88
60 86
177
90 2
76 71
171
7 19
70 65
81
72 12
81 91
98
77 39
99 88
60
37 9
96 87
223
85 22
58 59
245
11 87
60 86
139
81 59
77 96
103
39 79
72 76
172
61 26
66 50
63
75 62
50 52
122
72 75
85 59
83
74 56
94 94
134
6 33
82 67
183
61 70
96 74
86
22 47
97 97
139
61 10
63 66
61
40 40
51 86
177
58 21
65 51
202
50 37
54 58
134
25 43
68 98
123
15 34
81 98
64
94 37
55 75
57
98 39
77 99
149
48 27
80 57
215
18 62
70 67
222
16 52
52 99
134
36 23
71 51
169
60 65
92 65
167
83 24
74 65
112
51 15
72 60
81
34 27
95 51
157
99 26
75 75
151
50 59
62 89
71
79 60
76 83
73
50 51
66 57
124
81 69
82 77
56
59 61
62 90
156
88 99
74 55
166
85 58
97 66
197
60 40
73 78
136
76 2
61 88
93
82 63
92 76
116
53 82
75 78
118
74 84
92 56
151
0 24
91 86
150
31 86
66 60
206
18 46
84 83
81
49 28
54 66
192
39 32
60 97
164
95 15
74 90
87
48 41
80 89
89
18 89
99 72
84
47 31
66 55
184
96 88
54 83
202
87 77
77 91
147
92 57
98 94
118
91 33
73 67
121
12 8
81 91
64
14 76
83 61
80
21 47
83 76
226
60 78
72 65
139
79 64
59 84
127
94 2
69 69
119
28 92
84 82
61
62 48
61 75
145
9 7
85 68
142
15 44
61 54
187
76 94
78 67
187
82 46
67 81
152
60 1
85 82
144
83 45
72 56
194
29 3
71 55
64
68 97
52 81
229
96 19
88 55
226
34 44
76 58
152
29 12
96 64
66
91 8
66 99
163
71 95
51 94
192
50 60
92 60
102
61 42
99 50
99
94 76
87 85
172
51 89
53 51
148
63 67
68 89
81
65 55
99 52
68
62 45
57 69
154
1 21
74 65
101
2 66
53 95
239
43 19
70 93
196
89 91
82 60
109
87 41
94 74
239
41 95
64 51
50
37 7
72 52
161
90 5
52 66
193
21 55
98 88
193
91 85
97 82
74
88 43
69 63
234
14 4
57 77
80
14 30
84 68
188
89 31
97 80
141
5 24
62 62
55
99 55
89 99
196
82 25
88 87
103
45 71
51 68
102
31 98
68 69
165
2 57
88 54
101
14 47
61 56
78
66 14
63 78
207
88 26
63 91
178
37 44
64 75
188
15 30
99 71
135
58 36
92 87
198
39 39
97 62
52
13 43
73 70
78
49 77
70 66
65
16 97
74 52
131
4 42
63 98
55
51 33
71 64
245
12 12
77 86
61
22 88
58 75
95
37 53
72 96
107
71 61
65 75
195
7 58
56 52
172
40 7
73 75
163
88 20
58 75
165
46 88
63 87
156
19 34
80 93
243
42 52
78 64
57
88 61
63 67
245
23 41
67 87
96
39 0
77 84
248
65 1
90 96
81
24 3
98 50
155
51 95
59 99
231
72 58
77 69
186
19 64
51 61
136
3 57
92 77
230
45 75
72 98
86
27 29
81 60
175
26 17
68 78
87
79 9
81 59
106
47 97
58 75
101
18 13
91 54
212
18 87
85 57
240
14 95
58 69
147
25 47
75 73
196
37 12
71 75
118
71 81
59 65
81
22 66
71 99
63
8 63
71 82
95
66 74
96 59
124
43 56
81 52
68
43 50
75 55
166
8 23
91 89
67
57 71
72 92
80
36 5
89 90
209
16 35
96 77
162
54 4
58 55
135
58 25
81 80
135
56 97
88 93
197
59 63
55 55
234
12 87
78 72
152
13 31
58 68
110
12 82
87 64
170
62 52
82 80
145
81 15
61 52
72
24 51
56 81
81
96 17
89 93
224
20 97
67 87
231
49 99
64 95
188
18 18
98 53
52
64 48
52 86
75
4 58
89 51
62
9 84
77 58
148
77 82
72 71
194
21 52
97 96
137
15 84
87 55
66
38 8
94 80
240
2 57
60 94
243
94 7
65 52
223
98 53
74 50
170
28 47
93 91
75
29 81
86 93
169
46 61
91 57
192
50 47
92 96
162
49 42
96 58
166
49 31
84 64
75
33 86
80 53
128
61 31
74 57
249
37 78
85 98
128
83 40
87 80
127
31 44
52 78
177
85 46
61 77
121
99 2
56 54
129
39 34
92 92
65
72 44
92 52
58
82 82
62 93
221
58 72
50 52
110
96 82
61 97
159
13 21
75 61
71
12 92
87 60
156
81 75
77 78
173
9 86
81 57
73
53 29
83 83
105
17 93
93 54
78
64 65
76 94
91
19 15
78 53
106
55 59
88 89
85
76 12
69 96
108
50 72
55 61
236
51 19
73 53
244
88 32
76 60
165
93 51
57 86
223
68 94
83 81
156
47 16
64 85
66
36 93
56 67
92
75 5
58 95
248
92 39
51 89
220
4 54
92 66
211
38 89
72 80
71
38 88
75 68
205
68 36
55 91
127
60 85
82 52
171
73 3
92 65
224
48 36
52 79
142
93 92
74 80
66
63 3
73 56
188
59 61
55 59
117
42 88
90 77
175
95 0
66 98
139
54 73
54 89
108
96 81
63 51
121
18 19
78 86
91
39 76
85 53
146
23 20
99 89
166
52 16
64 63
68
39 53
94 72
93
76 30
83 92
241
5 63
99 60
233
25 51
56 74
63
28 71
62 88
178
30 56
70 82
94
25 50
74 86
69
56 31
73 97
91
86 39
99 96
237
52 29
54 65
211
27 30
68 89
91
27 69
51 71
97
3 15
53 74
127
35 43
93 85
108
34 27
73 97
133
3 84
51 87
109
31 0
90 86
52
59 27
98 79
211
65 28
54 64
119
99 94
79 54
92
6 62
59 76
230
96 11
51 85
199
51 94
80 81
91
59 35
66 53
207
96 66
80 74
150
76 43
97 99
206
62 94
70 64
123
34 46
81 71
235
75 71
54 86
57
91 30
83 66
157
1 75
50 53
233
93 55
54 60
143
48 68
82 57
221
29 32
54 55
112
77 42
80 88
231
60 97
66 72
145
91 31
84 96
91
89 80
92 87
245
60 32
91 96
244
23 67
74 75
79
66 38
78 56
98
77 39
63 61
243
94 8
57 85
230
89 78
67 71
131
1 17
63 93
94
32 39
65 68
58
5 49
56 76
235
47 74
85 64
61
44 8
95 57
51
75 38
59 92
95
76 23
66 96
191
55 91
61 73
72
60 81
57 79
118
34 16
81 68
219
39 31
88 65
234
26 18
60 61
136
35 56
53 64
153
46 56
81 61
59
15 33
65 71
172
81 42
60 58
62
41 30
95 51
179
66 87
99 58
128
55 94
58 64
60
16 17
78 58
248
14 17
91 63
229
33 87
96 60
245
26 73
74 88
123
64 17
77 91
213
71 70
84 68
182
1 81
89 98
132
59 46
61 96
100
99 75
85 85
97
60 30
70 75
235
39 98
90 99
167
60 64
84 88
146
15 20
71 99
107
67 31
79 68
81
54 18
55 80
92
87 29
54 52
207
4 39
90 96
196
4 13
54 58
189
26 54
54 56
97
87 15
83 67
117
53 98
78 73
208
9 15
70 95
113
9 54
51 67
52
16 14
72 56
120
79 97
56 97
133
71 44
61 72
105
9 89
63 58
139
30 19
66 98
50
71 13
83 62
124
99 64
70 90
121
20 61
60 52
126
54 37
60 97
168
1 54
65 79
114
34 21
71 95
52
85 47
59 73
220
73 47
88 69
194
51 92
95 66
211
32 92
91 67
194
98 85
67 96
115
38 10
57 99
