6.6743e-11 20 1000
216
97.000000 13.000000
81.000000 77.000000
55
-18.000000 -64.000000
-77.000000 81.000000
249
-65.000000 -69.000000
-87.000000 -37.000000
184
-77.000000 13.000000
78.000000 -16.000000
71
55.000000 27.000000
-53.000000 76.000000
127
-50.000000 -61.000000
-80.000000 -36.000000
212
-53.000000 93.000000
-59.000000 71.000000
110
-38.000000 -52.000000
-80.000000 58.000000
80
46.000000 75.000000
57.000000 -39.000000
55
-24.000000 -56.000000
76.000000 -50.000000
56
9.000000 -0.000000
-51.000000 -5.000000
201
46.000000 -3.000000
-82.000000 78.000000
58
84.000000 73.000000
-54.000000 -48.000000
242
76.000000 89.000000
-59.000000 -48.000000
216
37.000000 2.000000
-54.000000 -29.000000
221
-6.000000 -1.000000
95.000000 64.000000
105
-28.000000 -89.000000
59.000000 92.000000
135
0.000000 78.000000
84.000000 54.000000
141
51.000000 -75.000000
-55.000000 70.000000
209
5.000000 57.000000
93.000000 69.000000
