6.6743e-11 2000 1000
80
76 22
55 82
85
39 57
85 55
95
41 39
62 57
226
21 28
79 74
89
46 27
58 54
73
57 99
53 82
219
77 14
97 95
232
54 33
90 74
241
31 71
78 82
243
6 61
87 66
88
65 58
62 84
223
61 8
92 83
66
6 52
98 96
105
83 80
54 61
173
25 4
87 54
206
50 99
65 64
89
23 52
89 54
188
49 30
63 51
191
17 20
66 99
217
46 55
66 50
151
21 73
79 78
160
78 34
51 62
146
53 51
58 69
244
90 9
61 93
53
81 36
88 70
249
95 88
90 95
213
16 98
77 84
145
63 46
60 76
214
14 22
93 70
172
3 64
60 62
166
48 67
89 99
186
27 48
95 81
220
44 95
81 86
71
30 33
59 86
242
81 1
71 56
177
87 28
92 82
97
59 98
99 98
149
47 36
68 78
142
15 48
86 88
148
20 61
98 80
229
99 73
79 63
172
60 92
74 59
102
24 9
59 62
173
45 63
91 72
115
42 66
55 80
178
68 31
63 98
216
36 80
95 67
218
37 91
51 78
113
62 80
94 89
173
7 62
86 68
151
54 34
66 93
211
49 71
72 80
63
4 96
66 51
51
57 69
97 90
160
30 53
92 74
176
6 47
68 84
244
54 35
80 98
170
1 10
92 72
75
40 35
86 79
56
58 30
70 66
205
25 26
51 87
167
50 64
50 75
168
37 69
70 72
217
80 45
67 68
174
54 46
75 64
92
58 71
87 50
228
65 8
95 54
118
61 73
99 69
161
70 89
64 50
190
59 67
88 72
228
34 96
61 84
111
84 26
77 69
173
35 98
54 88
182
79 57
78 96
130
69 57
60 51
133
77 43
66 94
167
64 72
56 53
75
35 65
84 61
164
34 84
75 51
238
34 33
79 70
164
89 0
51 83
149
47 67
61 78
113
86 98
51 77
244
66 5
68 79
101
3 43
94 87
230
30 26
98 66
211
98 80
63 50
152
82 1
82 99
194
80 64
93 80
231
48 24
56 98
217
1 51
88 72
196
66 54
70 78
114
0 89
92 65
165
93 17
68 98
177
82 94
74 57
127
0 41
89 76
108
92 45
69 60
182
25 58
86 51
195
75 67
82 97
117
51 12
60 63
219
4 40
50 53
230
41 81
59 83
132
56 91
53 74
125
61 58
59 52
97
77 97
94 73
61
6 42
55 63
119
48 84
88 75
198
69 58
91 91
178
34 23
99 84
188
7 11
63 99
219
60 47
72 98
56
64 9
74 64
222
9 85
61 72
147
69 72
63 66
162
88 46
82 96
87
93 84
86 96
158
83 65
63 70
107
25 26
92 73
99
28 97
69 60
189
93 7
75 60
56
23 72
68 96
55
55 83
80 98
241
97 6
76 74
111
4 83
56 88
197
54 39
50 75
73
57 66
76 67
185
98 75
74 58
118
57 64
64 73
239
73 14
90 87
201
23 0
90 56
130
29 55
80 84
129
48 9
78 89
124
6 24
82 74
130
98 92
66 89
163
82 79
68 86
173
70 37
95 96
210
0 26
62 91
132
22 21
60 80
150
86 56
80 58
170
25 38
78 69
143
59 84
72 75
179
11 98
97 99
107
75 11
52 59
138
25 92
74 62
137
31 14
73 73
113
11 94
65 88
141
49 33
59 50
221
59 79
80 84
106
93 91
51 84
196
45 24
86 73
169
0 11
84 52
223
78 66
56 87
145
40 80
81 94
151
62 67
52 62
195
45 69
55 88
96
29 84
58 93
65
71 63
65 67
105
83 93
82 86
192
62 81
78 84
195
45 35
97 58
149
68 53
91 95
123
28 43
87 54
138
2 21
89 59
69
34 14
52 53
66
34 97
81 78
214
66 24
84 59
215
37 61
58 84
230
1 59
66 58
90
87 96
57 92
126
22 14
67 60
124
66 78
57 60
247
33 24
86 65
167
47 80
66 54
155
78 86
95 58
194
43 99
93 81
101
7 60
72 75
126
1 51
62 92
60
88 39
54 93
224
87 60
66 73
203
52 30
89 81
149
40 27
59 93
135
71 46
71 93
143
22 21
64 94
136
55 4
97 75
212
59 1
75 99
75
57 54
88 80
148
65 29
74 90
226
70 76
69 97
91
42 41
87 66
156
92 2
79 64
241
31 76
77 53
208
83 80
60 65
71
40 66
56 89
66
32 15
65 87
203
8 80
96 98
245
51 54
68 89
230
96 83
86 63
175
66 21
89 59
79
7 82
71 69
113
89 37
74 98
106
5 53
51 64
203
8 59
99 54
178
82 85
98 77
70
22 2
61 88
113
46 67
88 70
169
26 85
83 58
100
39 64
80 57
242
40 61
65 50
141
2 81
58 75
153
60 45
83 75
74
3 40
60 70
141
95 41
50 67
231
66 20
77 70
197
88 64
65 89
56
46 30
55 58
206
52 11
88 66
137
28 92
64 90
88
56 82
51 86
108
71 67
89 76
201
3 75
64 89
70
96 45
54 68
153
17 74
93 55
56
35 95
85 84
152
19 25
61 60
121
30 20
96 94
219
24 45
85 72
140
82 45
63 87
238
38 42
50 56
131
45 64
98 68
180
75 22
82 50
188
52 73
67 68
51
13 37
62 75
100
7 15
54 84
120
97 73
81 60
97
95 41
62 92
95
84 74
74 71
67
49 59
80 71
67
17 22
97 82
81
63 84
70 90
167
93 13
73 66
226
15 13
55 71
79
80 17
90 63
106
1 30
52 56
231
26 75
59 51
124
45 82
73 89
215
86 58
75 61
161
38 87
59 76
146
28 7
71 76
220
3 84
92 71
57
69 5
56 84
128
90 8
99 75
65
7 93
54 53
182
91 65
93 73
52
51 19
97 82
222
31 52
76 75
176
33 35
69 95
91
29 26
51 81
128
94 47
52 85
200
17 70
93 94
111
12 96
79 62
209
83 36
63 92
161
98 68
66 94
169
42 37
69 98
145
68 26
64 92
170
34 92
86 88
77
35 51
65 89
116
51 50
94 51
216
65 13
59 65
231
47 84
85 75
118
11 70
64 86
225
57 8
96 59
245
97 88
79 82
62
29 48
50 65
76
15 82
99 91
226
35 72
97 73
70
69 43
79 84
184
88 59
71 93
136
9 90
73 86
139
21 0
68 70
173
50 96
89 88
151
11 15
90 86
60
34 9
93 82
115
4 66
59 55
127
51 44
80 87
174
32 28
50 98
150
99 21
62 52
188
79 55
92 52
219
53 64
96 55
196
14 73
78 52
125
74 80
69 77
56
99 51
99 89
99
23 91
94 50
85
49 91
93 64
143
9 35
93 98
156
16 96
99 70
196
79 48
75 71
200
26 79
68 99
78
62 50
51 53
106
42 38
54 57
137
91 3
53 96
184
50 54
77 52
151
75 1
74 82
200
53 82
81 78
122
81 8
61 86
134
1 94
51 76
107
6 13
62 99
210
68 35
88 62
145
39 63
95 70
63
77 72
53 68
210
61 42
78 93
223
22 78
54 74
76
70 84
83 82
134
68 44
58 52
208
21 48
70 99
218
95 14
83 97
198
75 57
51 59
54
81 34
61 76
235
45 52
87 57
128
33 91
94 98
194
44 9
58 67
64
73 86
85 61
56
93 9
69 83
246
53 89
66 77
216
20 14
72 61
59
65 41
90 95
59
49 39
56 55
209
94 72
83 82
180
43 90
76 75
164
65 23
52 69
83
66 86
97 54
190
39 15
62 56
81
1 67
73 82
160
45 91
76 56
228
18 86
61 73
244
36 87
59 60
138
45 93
99 55
144
15 47
53 85
227
73 16
50 81
96
92 93
99 93
118
88 73
97 86
51
86 33
93 88
195
38 26
83 90
188
81 37
72 55
184
91 34
65 59
141
10 5
98 85
210
74 55
92 50
71
27 1
89 57
170
18 5
97 58
101
84 96
53 82
109
88 19
78 50
203
36 93
79 66
186
84 76
78 60
128
29 31
91 55
119
96 77
86 87
145
84 90
73 80
188
94 91
91 76
122
86 31
97 60
65
75 97
57 52
53
39 82
88 85
232
65 54
93 80
203
83 25
57 90
108
48 80
56 52
91
89 77
87 80
139
34 47
99 66
92
82 72
57 83
172
63 67
97 89
206
74 93
85 91
134
15 50
54 84
223
31 26
58 62
171
5 3
70 57
55
44 1
84 89
151
53 61
50 66
52
45 72
65 77
130
17 61
95 97
222
23 20
85 55
131
38 28
86 89
160
37 44
83 56
74
96 7
73 77
198
47 80
59 94
65
22 26
74 82
69
94 56
64 93
131
92 76
65 70
178
11 82
89 68
196
48 94
73 92
74
55 91
87 73
214
63 38
73 86
239
79 6
51 84
193
29 65
87 88
247
72 68
86 58
163
80 7
51 61
154
44 37
61 59
131
99 76
64 97
72
20 86
72 54
123
40 49
87 53
79
6 52
62 51
194
19 14
78 77
171
65 33
94 65
176
20 99
96 78
85
34 52
56 57
107
8 33
88 99
247
40 78
80 55
202
46 0
79 74
224
62 97
62 92
156
13 18
98 79
111
1 66
75 96
109
58 5
54 67
148
84 65
70 88
214
72 43
67 63
51
64 89
81 63
128
52 22
53 94
150
71 5
53 53
146
58 13
82 57
114
49 5
96 99
220
39 65
78 94
108
70 96
61 74
153
85 4
98 57
140
6 60
63 61
109
78 58
67 70
161
74 34
83 60
120
49 82
79 61
79
77 71
95 99
138
2 55
62 76
52
74 16
80 58
138
40 20
90 68
107
24 81
94 81
158
28 2
65 59
207
87 38
90 84
134
97 75
51 86
61
69 89
99 86
249
69 26
94 89
109
26 48
80 86
70
34 44
53 98
151
43 58
92 88
235
19 73
61 82
222
52 94
80 92
152
58 93
85 73
152
33 83
69 80
115
15 0
51 51
170
59 53
93 65
153
66 1
85 73
180
81 95
89 82
111
83 84
60 69
70
95 74
54 55
116
7 71
74 81
110
79 53
68 69
123
21 74
97 91
107
45 21
56 88
84
92 52
73 69
102
49 89
95 97
54
18 13
96 63
142
99 23
94 72
70
68 97
90 93
168
62 50
91 63
120
45 49
69 62
70
8 15
62 70
153
28 26
91 73
124
16 66
90 76
60
39 46
89 80
129
42 0
65 93
185
65 63
76 82
134
41 4
76 94
105
52 0
73 85
95
39 10
88 61
231
86 71
54 70
227
54 52
95 71
220
9 6
90 87
185
95 71
65 78
171
67 35
71 76
191
33 71
85 82
123
8 14
86 59
112
38 36
58 69
234
66 91
78 95
107
49 32
62 52
66
47 25
51 84
220
75 77
59 55
210
75 28
87 68
112
24 31
52 52
234
43 88
83 50
71
65 7
61 70
127
37 38
74 77
90
51 99
55 65
111
35 75
94 88
173
27 50
55 99
129
43 83
85 72
227
93 43
65 94
206
55 24
51 93
180
52 34
51 83
157
77 94
85 93
123
85 18
69 52
90
52 31
55 86
187
0 13
59 82
67
83 91
84 72
186
70 54
88 89
74
34 48
93 51
219
13 26
78 57
132
61 47
83 84
116
48 24
58 66
58
49 83
57 93
236
62 80
71 58
200
69 32
85 84
215
63 6
63 78
191
60 61
97 52
146
23 20
88 96
132
73 56
50 83
231
32 21
80 93
103
14 45
81 74
102
87 39
68 65
50
79 9
61 63
228
84 61
57 52
72
66 36
69 96
216
93 29
72 50
225
69 3
77 91
100
69 93
61 88
237
70 38
53 68
183
64 48
50 67
72
86 40
88 88
208
17 6
58 51
91
11 78
69 60
90
13 12
52 61
224
93 48
68 94
146
67 77
97 61
119
39 83
73 56
77
81 66
69 96
239
47 37
99 52
216
11 44
56 81
216
6 57
53 59
75
83 55
66 94
180
51 13
71 69
224
39 96
94 57
158
81 48
50 57
182
97 26
59 95
153
67 61
70 59
170
76 86
80 53
142
96 85
54 96
219
2 70
80 59
96
78 69
79 79
181
55 11
57 78
214
68 83
92 83
139
31 4
59 67
63
45 61
57 61
201
80 31
90 54
160
61 0
80 90
140
43 23
51 95
200
86 62
97 71
181
53 60
79 62
163
90 27
89 60
98
20 61
65 80
110
68 90
82 71
50
6 64
61 93
159
23 46
67 96
223
77 27
91 76
208
68 91
51 98
207
63 48
78 77
180
70 89
63 50
155
27 50
96 61
238
92 72
68 64
59
47 37
63 88
190
7 96
96 59
158
97 18
96 73
127
37 6
56 98
202
59 5
66 79
207
40 20
84 99
111
73 10
98 58
138
96 49
60 95
94
28 4
79 91
226
85 19
69 64
244
24 66
98 53
242
18 10
61 84
152
21 45
54 77
171
55 15
61 69
167
67 13
57 95
96
78 22
88 84
147
6 78
83 73
54
45 17
51 74
106
99 28
55 79
55
71 50
69 60
232
84 77
74 51
141
48 47
81 69
86
61 18
93 95
194
12 99
76 89
216
54 97
76 65
160
28 70
82 81
197
11 15
66 84
135
63 75
95 86
97
63 22
69 58
157
21 5
94 71
97
92 37
52 51
220
72 11
94 99
104
59 98
82 67
225
10 3
89 91
205
63 90
98 70
235
55 29
51 56
100
38 53
54 94
191
18 16
67 65
212
66 72
89 72
150
44 49
90 60
235
30 17
88 51
231
17 86
92 86
220
45 38
84 59
201
1 2
67 69
118
39 32
56 86
131
55 39
99 75
98
19 11
62 80
157
98 63
52 76
140
90 47
58 87
77
10 38
60 78
127
44 48
85 69
100
74 50
75 57
125
38 5
88 96
152
51 5
82 50
53
81 42
81 96
191
72 73
51 51
182
1 80
51 76
86
3 26
85 62
181
41 90
86 69
79
42 72
74 82
226
19 36
82 59
150
7 50
53 72
210
85 56
82 61
237
10 50
64 92
196
54 73
93 89
93
67 20
52 87
141
88 13
74 62
72
24 63
87 81
179
44 41
53 64
226
5 53
96 89
219
21 37
76 76
114
96 19
56 83
50
21 27
89 91
245
52 15
97 69
242
38 0
64 86
143
20 64
53 98
218
92 20
96 89
118
15 6
89 66
73
16 69
60 94
208
25 39
60 62
172
10 54
90 63
226
55 58
59 96
60
29 16
56 55
75
64 23
92 92
155
61 15
59 74
73
98 32
94 98
58
49 23
88 68
189
46 94
93 96
205
11 9
64 86
119
39 61
53 83
133
20 39
63 96
229
45 19
70 77
241
95 37
57 90
133
54 32
80 81
99
91 89
75 60
57
39 30
63 97
94
54 82
79 65
169
50 44
74 66
220
11 8
50 67
121
32 0
82 75
65
71 74
84 56
198
16 14
63 87
130
47 32
97 86
176
93 6
72 79
169
82 51
69 83
133
21 54
79 65
153
5 82
89 76
89
55 27
64 58
170
98 88
76 67
197
84 46
75 93
157
26 12
95 91
97
49 24
92 69
230
74 24
53 85
65
30 77
85 70
246
25 90
60 95
53
56 94
87 88
81
0 95
88 59
197
13 9
78 99
55
2 29
67 79
55
44 47
67 87
231
60 84
81 58
120
25 61
99 78
115
96 9
70 67
135
79 64
63 98
59
95 55
86 64
212
33 21
59 58
53
93 91
99 63
226
10 85
63 51
62
24 18
85 58
96
52 93
93 78
167
98 87
51 62
87
73 74
84 70
184
75 73
88 79
74
25 55
58 87
90
27 99
59 64
164
5 63
91 66
98
80 84
96 99
82
23 36
56 57
209
32 91
70 85
170
77 11
50 98
235
49 38
55 64
59
18 79
97 66
109
81 14
65 89
80
1 23
82 55
110
23 64
51 94
95
15 16
64 74
115
53 12
76 67
58
55 28
94 76
55
60 37
78 86
176
52 68
73 79
134
90 39
85 60
143
52 57
84 58
116
96 26
93 71
122
73 31
57 80
217
46 85
73 77
125
92 5
85 79
67
76 15
77 59
62
37 53
61 64
71
39 30
54 67
82
85 41
71 55
145
58 24
54 91
184
9 68
99 76
96
15 95
55 73
92
60 35
99 79
123
81 52
69 63
185
63 97
55 73
186
79 68
61 95
185
30 29
57 97
179
54 43
66 96
111
1 91
72 71
102
75 95
60 84
146
57 21
94 59
162
14 48
93 92
226
24 79
76 58
233
20 39
86 89
236
79 51
74 90
51
71 92
78 78
181
0 25
86 89
96
84 1
95 63
229
25 89
97 55
51
38 90
80 71
124
83 60
50 55
209
92 7
85 81
73
12 62
51 75
151
53 73
86 87
100
75 69
74 75
124
67 29
50 63
149
62 39
95 84
212
4 93
74 57
141
87 30
55 54
188
78 57
94 93
167
63 46
71 92
190
50 19
84 57
103
23 58
92 65
170
85 30
87 74
60
19 16
72 97
126
29 87
83 56
125
29 23
68 89
52
87 31
90 53
221
48 58
73 96
190
55 19
95 77
142
63 87
86 63
185
24 39
96 66
109
69 44
85 88
187
66 42
95 76
206
5 47
96 56
181
65 48
75 86
110
13 31
94 74
151
34 11
80 77
182
24 36
76 51
209
19 91
67 75
116
67 33
89 72
63
89 3
91 80
64
72 90
66 79
217
30 81
58 53
160
47 85
86 84
173
29 93
70 92
247
3 61
83 64
194
88 29
59 83
179
1 99
79 52
170
12 69
74 50
72
59 60
94 69
247
39 93
87 77
159
48 76
92 62
83
21 8
93 71
82
92 3
55 83
73
26 53
55 85
50
15 10
79 59
211
24 8
85 50
214
11 9
73 62
153
81 98
71 76
224
74 8
94 69
81
99 42
80 57
105
40 9
70 70
121
29 32
84 96
214
94 60
74 76
117
74 31
58 51
96
16 27
96 72
112
41 4
61 62
73
71 17
89 65
241
23 86
84 70
58
46 37
65 54
173
96 73
76 99
106
54 95
68 75
202
72 87
99 95
135
18 68
85 58
60
74 0
72 83
158
61 93
97 57
176
73 82
81 75
149
79 31
58 53
197
96 58
53 71
147
72 56
65 68
57
17 78
61 81
91
57 42
51 53
106
83 81
56 79
216
40 29
84 95
198
92 92
65 96
246
24 46
64 70
91
92 79
61 58
105
55 51
56 64
158
88 21
50 91
146
79 9
55 88
116
99 89
85 58
165
83 54
74 89
247
54 80
90 91
117
93 49
63 74
150
34 82
75 90
187
34 88
77 68
239
66 34
93 89
53
99 56
97 87
224
27 36
78 80
219
79 99
73 64
142
7 14
56 79
182
95 68
86 68
74
71 60
51 90
166
57 45
82 65
54
21 41
71 83
249
72 4
68 80
247
85 74
53 54
93
21 88
59 88
160
19 14
54 83
170
2 49
64 79
136
6 33
68 57
129
72 58
88 54
140
63 1
58 77
218
98 71
61 92
207
76 52
85 76
82
34 48
77 84
200
62 21
78 58
180
39 88
92 52
77
93 45
74 92
53
95 11
55 52
59
57 59
88 85
144
88 17
54 80
116
25 30
89 80
155
79 11
65 94
73
62 24
66 68
137
29 72
74 84
184
85 43
80 93
123
50 89
69 64
204
52 80
60 81
93
23 36
83 74
91
9 97
65 53
177
37 42
77 57
213
72 43
89 99
203
28 74
88 53
100
20 9
90 52
83
28 97
71 56
163
20 97
53 72
235
95 50
59 75
174
54 38
87 97
143
14 2
57 74
52
66 24
76 73
156
75 56
64 84
96
14 48
72 66
217
24 3
78 62
185
69 39
86 90
206
90 35
59 72
197
33 25
50 65
61
8 71
57 88
122
57 36
54 86
82
58 5
68 56
238
59 44
86 57
245
21 66
88 87
233
13 36
51 68
115
24 32
70 73
183
7 98
86 91
111
42 75
81 69
112
27 8
65 71
163
83 68
55 87
222
41 70
90 87
144
22 3
78 68
243
26 51
94 52
113
69 13
85 57
203
45 19
90 80
112
60 94
83 96
215
3 18
55 58
95
10 52
72 68
189
73 13
67 67
170
30 32
89 89
65
60 94
75 60
202
21 23
71 62
204
39 29
87 59
96
91 54
74 57
163
39 48
67 89
106
50 59
50 87
241
95 54
67 52
120
42 4
67 91
213
46 97
56 54
136
12 0
59 77
137
57 43
82 78
125
41 35
74 77
191
80 68
70 88
197
77 58
51 91
96
98 4
60 92
206
11 30
60 69
70
3 8
86 78
187
73 5
82 80
97
2 71
60 78
73
70 27
69 52
174
25 98
92 74
86
73 31
52 99
83
12 19
99 88
248
6 25
55 74
138
78 71
51 93
140
79 66
68 61
150
16 85
61 77
208
42 65
64 83
196
36 68
56 58
187
81 9
83 94
138
56 84
77 67
58
45 57
70 89
113
7 91
70 81
69
86 42
75 63
152
94 60
70 88
152
79 28
72 84
114
56 24
91 71
234
1 81
70 79
221
63 45
78 79
233
70 50
63 69
198
75 24
64 94
96
42 48
82 77
164
57 42
65 73
150
96 59
88 51
166
85 73
54 81
216
6 14
86 86
171
60 36
82 97
176
31 95
74 69
165
18 35
58 74
83
17 77
78 79
108
3 97
78 95
209
43 61
50 65
81
86 87
86 93
71
83 69
90 54
157
26 19
96 76
86
73 59
91 54
201
38 64
59 57
69
21 66
82 64
221
71 45
88 59
209
9 82
86 92
50
58 49
77 78
56
39 14
70 79
130
36 82
89 70
146
8 89
55 69
190
0 92
53 63
90
88 22
64 52
224
65 54
82 84
195
98 90
71 84
121
4 16
88 57
95
80 55
76 53
185
20 45
60 86
124
82 28
80 62
148
36 88
73 64
70
15 61
95 69
87
13 42
51 91
101
9 38
94 83
135
41 19
57 56
152
35 80
94 84
68
82 35
99 56
157
12 27
98 73
59
40 60
53 72
191
43 25
59 52
137
80 88
94 79
137
26 31
67 74
122
2 44
51 56
103
78 14
89 65
126
49 74
98 68
204
26 61
64 97
137
52 37
66 67
248
49 54
80 76
166
25 0
56 69
126
72 24
90 56
111
16 82
50 62
215
63 16
66 91
77
3 78
97 79
219
3 29
57 68
133
57 86
57 60
114
82 88
94 86
222
28 50
62 90
180
81 5
98 94
197
78 73
53 52
177
34 71
91 80
142
79 66
76 51
187
67 65
54 69
163
4 43
83 92
118
41 24
70 99
139
44 48
50 70
199
73 47
78 83
216
96 27
79 96
124
46 83
54 91
102
97 55
99 58
130
25 77
78 71
246
79 63
83 90
131
30 89
74 55
110
4 73
69 56
235
54 83
74 83
158
31 36
96 55
230
25 38
59 56
106
22 2
94 85
207
35 16
73 90
161
97 0
59 65
118
92 52
86 73
118
24 83
89 50
170
79 80
88 96
188
92 54
89 63
236
5 70
60 73
131
63 85
52 78
74
5 46
71 66
143
5 36
86 69
196
69 89
87 75
209
41 63
78 52
132
99 90
64 90
211
1 21
99 74
103
97 48
66 60
169
53 55
74 76
91
66 22
97 60
55
62 22
74 97
241
64 81
71 90
130
42 3
78 81
143
76 87
99 93
195
57 62
88 50
131
60 91
54 99
109
76 5
54 71
52
85 12
54 66
157
58 99
82 51
188
71 95
88 66
123
52 11
61 80
192
5 11
61 54
109
68 13
86 87
222
51 89
57 57
55
58 16
68 65
241
65 53
70 64
205
83 87
67 57
147
81 1
55 52
142
20 13
50 60
156
41 32
91 57
198
58 15
80 57
226
36 50
64 93
58
52 48
57 93
219
8 40
94 50
65
7 94
56 85
109
90 93
51 50
182
66 49
58 92
98
58 70
63 86
124
63 96
90 76
220
80 48
50 80
225
97 97
84 84
53
77 94
94 96
130
95 30
72 96
105
94 47
85 65
159
32 40
68 72
222
18 94
76 54
71
73 31
66 68
207
60 73
69 86
156
1 67
65 52
175
12 9
75 69
150
67 28
52 82
135
46 56
60 56
224
92 77
97 97
208
20 56
93 70
142
62 76
80 93
177
40 19
88 92
65
19 92
76 84
221
32 71
77 70
194
56 44
94 86
153
52 46
66 74
97
45 68
61 59
225
32 37
81 67
73
73 82
68 92
99
40 65
87 83
217
32 77
66 74
178
64 27
53 82
183
71 80
91 78
135
30 5
73 67
61
7 40
84 84
226
0 85
70 66
189
0 83
59 71
116
39 51
84 80
144
16 15
93 68
107
51 3
72 88
74
13 99
86 81
249
73 7
75 51
94
11 91
64 94
220
66 62
94 61
152
60 56
74 68
155
29 27
65 56
51
15 80
64 66
53
23 66
67 76
249
8 72
68 60
73
30 32
94 91
177
2 95
63 89
226
40 44
53 55
158
85 58
75 75
199
91 78
56 73
210
79 24
86 71
249
18 96
87 80
214
32 9
98 66
147
92 94
51 89
195
10 97
72 83
85
2 32
57 78
159
33 38
59 90
169
55 39
71 90
194
30 54
73 78
228
67 25
67 73
69
64 20
53 81
239
88 16
94 91
95
84 52
92 79
146
84 50
90 53
55
47 48
76 86
170
54 66
89 89
171
62 10
91 85
115
7 26
68 53
103
22 51
82 90
65
32 86
89 99
175
37 56
94 72
216
11 44
85 70
202
46 93
80 64
87
57 32
87 97
177
40 2
92 99
172
78 16
67 57
170
24 84
58 59
118
4 75
97 81
189
92 84
50 85
73
34 75
72 82
174
74 59
60 64
69
77 39
98 97
94
82 17
79 70
240
54 89
72 94
204
56 85
71 96
209
46 69
51 93
120
12 69
84 96
223
73 15
65 52
73
34 46
69 55
63
60 47
93 68
182
78 74
70 91
51
42 0
95 97
145
15 69
66 58
51
81 33
85 74
248
33 49
54 83
102
53 46
66 62
196
40 45
86 76
111
38 78
77 53
233
47 98
58 50
215
91 51
77 98
76
26 97
80 62
230
76 64
79 85
193
74 31
58 83
162
86 96
99 50
165
50 85
86 62
158
87 27
76 52
167
75 30
92 93
55
59 76
61 81
238
93 76
62 64
203
8 78
80 91
58
65 6
69 60
103
48 18
72 93
176
53 10
53 51
97
29 6
90 56
141
68 46
60 86
230
90 89
80 89
220
86 49
59 86
57
29 89
82 58
202
92 86
88 57
96
46 4
61 77
88
57 18
54 57
120
95 39
78 60
125
77 31
69 64
238
8 73
81 68
193
68 22
81 85
58
35 33
63 56
96
31 45
54 56
88
43 78
88 83
174
21 61
75 51
90
0 42
62 51
132
86 44
81 52
167
17 62
68 52
80
65 51
59 63
171
37 51
87 65
77
98 41
92 99
75
36 41
92 75
98
86 59
63 84
120
75 51
54 87
146
7 17
82 61
216
34 83
50 55
173
41 82
83 73
85
25 98
75 74
217
87 72
57 56
50
10 76
65 76
216
32 24
85 73
64
20 91
96 50
222
81 75
98 65
114
98 53
77 89
76
49 9
67 63
58
95 13
91 71
60
65 37
63 94
53
6 60
63 75
55
88 48
65 86
239
18 50
92 87
145
53 13
78 97
70
92 57
78 67
235
18 77
73 51
83
83 6
81 89
246
29 44
82 85
245
33 26
63 65
175
79 61
60 78
59
67 50
67 51
98
46 39
92 68
219
48 51
92 52
131
39 1
86 61
171
64 58
73 56
227
36 31
61 58
248
63 18
71 66
182
62 66
84 78
154
87 47
52 54
179
53 86
99 70
141
7 42
98 55
132
32 84
95 71
195
63 69
87 59
236
5 93
72 99
139
71 53
60 76
125
96 58
78 80
195
72 71
78 54
123
15 86
59 57
110
31 2
63 75
120
57 61
62 76
131
16 65
94 54
176
52 80
60 74
132
84 19
73 55
64
61 80
87 79
121
91 41
66 54
157
30 24
50 64
242
18 97
51 60
162
33 38
62 66
96
31 50
55 82
56
37 96
78 68
224
71 91
95 68
238
21 25
91 70
124
38 62
75 92
141
13 56
72 77
176
74 23
55 59
130
53 16
86 69
133
79 96
64 55
226
39 95
65 97
230
79 71
65 68
204
71 61
88 68
245
13 46
57 70
168
75 2
71 74
61
67 59
64 92
183
61 18
68 72
176
91 52
72 58
57
36 12
82 80
224
78 26
98 88
236
2 58
84 61
123
94 25
67 93
110
38 26
51 72
156
55 0
58 97
228
71 4
85 64
153
13 40
78 84
211
39 72
83 65
123
10 40
85 69
180
12 80
52 68
65
2 74
71 70
163
28 48
64 86
113
55 91
75 78
185
97 41
56 76
233
96 52
71 95
132
51 75
93 96
155
17 61
83 58
191
84 73
59 69
148
0 84
62 55
76
5 93
71 75
111
23 10
56 59
245
83 43
89 96
177
2 52
62 96
88
85 37
56 72
196
42 72
80 96
104
75 24
50 61
96
62 72
84 70
220
77 17
65 54
169
19 33
79 73
133
67 63
85 68
175
10 66
63 68
90
37 74
86 65
139
10 13
85 54
146
52 74
80 74
70
13 45
70 89
245
34 23
93 64
221
10 91
59 81
73
86 21
88 62
122
54 54
58 84
239
84 31
57 94
215
2 14
55 80
174
28 77
91 58
174
83 82
63 84
144
37 9
73 80
127
27 4
89 81
87
70 73
67 72
229
33 39
71 81
88
99 57
68 67
92
50 91
77 75
63
86 72
52 52
161
9 80
61 89
98
36 76
50 70
153
89 49
82 86
61
39 27
94 62
109
37 4
82 59
64
54 75
77 52
208
9 63
54 67
171
83 67
87 57
83
38 13
51 75
222
28 86
98 62
124
4 71
83 61
236
8 77
81 90
187
97 51
68 97
153
38 20
79 86
77
42 72
97 66
146
85 90
52 74
235
26 51
64 89
161
44 28
70 71
75
71 8
55 74
192
27 78
66 80
107
40 7
75 51
237
16 99
76 74
220
27 9
99 98
91
79 59
80 85
149
91 63
87 71
148
67 13
95 76
86
4 35
88 76
232
38 16
90 50
64
50 72
71 91
151
32 34
70 80
165
35 79
52 58
174
67 56
84 94
62
69 80
58 67
158
76 51
51 98
119
73 12
55 71
196
39 72
54 79
161
35 46
54 96
240
60 23
67 57
145
99 70
89 66
109
90 76
74 86
241
38 5
76 66
93
0 63
94 85
106
40 46
95 93
246
68 33
91 56
185
61 3
72 86
202
48 45
81 92
173
38 85
51 61
116
64 57
92 68
208
38 74
70 98
85
3 94
53 53
144
58 90
76 57
80
74 59
53 79
157
38 54
67 96
190
24 64
83 56
66
9 15
65 57
229
12 94
50 85
117
40 29
89 75
219
0 8
89 93
204
45 2
98 92
162
65 84
91 89
150
8 57
64 59
123
59 41
76 87
211
57 4
82 51
196
90 22
67 99
231
20 53
97 76
70
34 90
79 85
125
37 85
97 83
203
88 8
96 64
66
2 25
79 73
234
1 72
71 76
121
76 59
85 93
223
28 63
51 57
57
38 34
69 96
187
78 50
64 77
226
40 93
69 78
69
91 15
91 72
112
1 95
88 90
88
54 63
73 66
57
57 26
72 95
177
72 35
62 57
89
58 33
61 81
127
26 50
74 68
170
70 82
72 73
158
87 63
80 64
60
8 21
69 68
80
54 47
54 55
116
37 94
75 74
50
27 1
71 79
203
3 51
74 73
77
87 84
98 65
219
72 25
95 77
241
92 60
65 95
246
61 63
90 85
88
93 86
65 67
65
68 70
96 70
142
82 98
65 81
82
42 53
82 54
138
42 95
92 82
159
56 29
64 72
146
52 12
79 89
219
52 56
79 87
148
29 81
63 82
244
18 64
71 86
150
68 76
59 95
211
38 4
79 69
154
91 17
58 59
123
15 30
68 75
196
1 75
57 75
116
23 69
57 84
246
34 85
82 65
93
88 78
99 83
117
16 89
98 61
224
29 84
61 91
199
36 87
62 50
145
83 17
53 70
191
90 67
84 75
72
14 70
53 61
63
92 78
91 79
193
25 55
99 74
136
88 25
75 74
53
44 69
90 88
200
59 79
56 90
193
28 63
76 57
81
56 22
53 76
248
58 71
95 75
209
72 62
86 50
249
58 55
93 94
100
25 46
86 59
233
1 52
61 62
77
83 43
71 86
88
42 34
59 96
139
23 8
60 61
62
15 61
57 70
158
55 72
81 85
91
85 69
81 95
148
76 74
60 83
98
96 71
69 92
156
27 84
95 81
89
58 45
65 54
217
87 15
50 72
70
69 16
63 55
200
37 3
86 77
150
59 27
69 96
229
5 54
88 58
53
33 98
52 61
51
67 81
53 90
70
71 61
68 89
184
22 92
69 74
160
98 24
72 72
69
27 1
59 75
165
57 28
91 50
112
22 1
92 81
128
3 1
91 99
71
83 36
60 95
204
84 58
80 52
106
33 71
96 85
142
76 2
53 52
68
4 16
97 90
96
99 18
70 51
192
56 75
72 75
166
32 79
83 50
114
6 8
94 97
205
98 42
96 81
51
12 49
90 56
59
60 4
56 60
230
33 2
79 86
105
10 52
54 88
243
65 4
52 50
111
96 7
88 59
242
88 13
69 56
228
75 17
80 88
83
32 71
57 66
62
12 74
64 74
218
18 20
72 83
222
79 46
56 68
167
19 12
68 55
140
38 35
74 65
218
97 99
67 52
54
91 64
91 66
55
11 37
70 76
233
17 48
67 62
125
81 79
85 96
52
20 36
53 90
196
4 60
62 93
172
29 0
68 65
170
5 23
99 81
78
47 14
78 95
66
7 72
68 50
194
6 52
94 67
109
4 15
61 66
66
11 38
55 95
129
78 65
98 87
227
62 65
62 77
192
34 45
95 52
54
99 46
65 60
193
31 21
87 97
92
27 64
59 55
233
75 36
73 61
125
90 91
70 90
202
17 32
84 88
163
81 42
54 62
98
26 56
55 79
65
19 73
78 93
79
67 26
89 56
90
82 31
71 83
104
6 35
76 72
190
20 37
51 73
227
9 22
53 53
115
27 70
63 84
207
91 65
73 74
233
57 17
50 65
180
87 72
94 86
63
33 77
52 86
184
24 63
68 96
80
88 13
97 57
204
15 14
91 95
238
8 80
98 97
58
70 28
64 97
216
93 61
97 99
98
10 85
83 74
78
46 54
61 68
246
78 22
70 61
219
0 51
99 79
148
29 89
86 68
95
97 34
85 89
146
23 87
63 58
106
18 38
57 55
231
29 51
64 59
199
65 80
59 52
216
98 0
69 97
237
55 93
84 84
243
23 33
93 66
236
82 24
79 54
91
30 86
97 72
246
78 24
76 64
189
26 32
80 90
145
73 77
63 53
207
46 96
64 82
192
88 18
75 74
170
61 17
89 50
108
63 99
63 88
239
45 80
70 68
75
47 15
68 50
162
66 59
91 61
80
10 53
79 69
135
46 39
91 98
135
40 8
99 51
203
29 42
60 99
101
78 76
77 50
246
86 62
73 63
228
26 45
64 90
105
55 77
77 53
147
87 91
92 89
186
86 95
94 67
99
22 68
68 77
199
81 75
90 86
156
36 66
58 83
50
87 40
96 58
64
37 57
96 51
131
41 90
57 67
237
76 68
95 60
244
23 59
97 77
63
65 34
69 99
125
11 2
60 64
207
67 28
82 94
115
24 75
95 57
81
63 46
56 59
161
68 54
83 84
117
19 99
51 85
88
3 12
77 50
215
55 7
52 84
239
29 49
58 63
174
55 97
56 90
113
62 51
87 83
146
36 51
88 65
187
0 6
56 92
177
15 9
93 85
219
95 76
90 99
205
39 75
67 60
245
70 26
59 58
57
12 6
73 96
102
79 85
80 53
237
39 80
67 53
83
44 24
75 80
184
51 35
98 75
68
24 20
78 91
135
36 48
96 50
60
82 2
55 89
162
88 29
82 53
105
8 36
68 99
134
4 85
60 85
52
31 5
98 78
211
47 63
63 50
245
16 60
51 77
73
30 41
95 61
164
33 19
68 73
52
4 7
94 58
116
51 60
88 99
100
53 63
63 99
69
73 44
74 87
124
67 10
74 57
162
93 71
96 98
213
5 52
60 69
249
22 86
87 53
62
50 53
54 65
113
98 84
73 86
174
86 63
72 92
210
95 56
54 55
92
6 68
88 97
118
26 99
52 90
163
7 2
70 64
211
56 79
68 61
230
31 36
78 66
105
84 26
83 50
141
51 92
92 99
141
91 18
60 67
195
63 83
99 52
133
78 13
76 89
196
12 19
87 79
190
15 84
85 77
248
79 68
67 50
173
87 93
63 64
198
46 11
63 61
195
28 46
87 75
155
9 22
53 67
96
88 10
87 62
125
7 60
62 56
74
56 30
96 62
69
60 12
73 67
173
21 14
89 54
208
63 9
78 69
217
40 66
80 57
177
40 34
92 86
205
74 11
75 63
73
87 82
51 83
212
65 58
62 83
56
23 93
63 72
204
31 41
50 94
61
34 74
60 53
228
23 10
73 55
248
7 28
63 87
108
21 99
84 75
234
80 82
54 59
95
45 13
60 76
95
34 39
94 81
196
5 61
66 70
128
46 68
58 86
159
57 96
72 81
242
54 67
76 74
160
92 69
95 57
102
36 4
87 86
80
48 32
54 87
217
75 18
54 63
183
52 23
56 90
174
25 34
58 80
101
27 40
99 93
174
3 47
83 62
240
18 43
80 91
222
48 58
71 97
154
46 80
73 57
202
57 33
64 77
118
4 81
76 97
54
24 24
86 59
159
79 50
91 77
112
99 52
51 62
72
84 19
78 69
57
61 73
53 66
175
36 84
84 82
62
8 38
97 88
94
99 98
77 76
142
81 90
54 93
183
23 66
87 67
153
12 76
92 65
217
29 42
76 53
163
66 68
56 71
166
6 17
93 67
86
35 60
55 69
190
21 2
71 65
210
99 19
86 75
242
30 92
96 73
157
64 86
59 75
122
28 41
59 81
124
21 67
86 59
126
91 49
65 50
164
84 10
87 66
170
80 58
83 52
178
69 9
87 92
230
28 16
97 58
139
66 82
94 60
205
93 87
87 98
108
99 64
80 94
237
88 66
69 67
221
30 47
89 92
167
7 24
85 98
157
19 87
98 73
113
85 80
78 59
124
43 19
64 73
223
32 12
81 64
203
78 37
82 84
119
58 53
51 77
193
39 84
59 65
187
90 78
87 74
170
7 48
73 65
123
86 89
55 57
219
44 11
95 98
176
0 17
96 85
202
30 80
95 91
242
26 80
56 84
63
6 54
70 72
129
11 97
55 67
168
66 87
87 62
63
4 41
78 63
101
58 17
58 83
104
40 77
61 82
96
18 97
70 54
90
19 36
53 53
176
92 21
85 92
229
76 57
73 86
204
40 39
72 63
51
50 19
51 93
63
48 92
96 81
120
32 23
76 92
188
99 68
63 80
185
22 62
98 61
95
37 18
81 88
111
2 39
82 63
155
24 77
60 55
223
84 28
70 55
112
90 43
76 62
53
88 49
60 76
88
78 23
61 77
111
52 88
54 65
135
81 20
78 61
143
6 34
92 77
78
35 92
54 68
163
3 74
50 51
65
75 91
68 96
187
59 59
75 89
213
47 26
90 96
127
74 89
69 85
68
11 63
84 54
167
8 67
71 72
210
64 39
85 85
133
45 24
66 94
222
92 9
55 71
182
94 49
84 59
215
0 77
83 76
84
3 93
67 94
126
57 54
91 90
144
18 75
69 91
234
78 63
87 76
185
36 61
72 82
70
1 47
74 70
87
69 6
50 92
237
6 68
60 96
198
36 90
82 66
207
97 50
78 88
234
91 23
55 72
113
53 45
67 65
79
24 54
96 98
174
14 37
83 81
76
76 31
99 62
60
99 72
60 57
79
35 44
66 71
91
13 36
51 96
81
55 75
75 55
103
15 31
64 67
50
45 46
58 76
244
32 86
96 95
242
42 27
50 78
60
36 21
69 74
88
94 55
62 95
221
45 51
68 86
110
16 87
63 57
75
2 4
51 59
150
28 2
82 92
178
3 4
78 65
72
35 55
52 68
199
3 39
78 95
224
65 55
62 90
130
68 67
77 84
120
31 34
78 98
63
33 79
96 68
63
51 42
62 51
205
53 50
97 61
81
52 85
77 98
67
95 29
63 85
174
50 55
56 55
128
37 20
90 63
83
82 29
80 86
146
32 91
52 99
180
39 33
81 84
117
10 51
89 64
76
96 90
95 76
204
17 6
70 91
107
51 76
62 91
231
56 87
88 65
208
21 47
82 50
105
85 17
83 67
224
73 43
71 73
220
30 77
71 89
102
97 96
89 53
160
26 36
51 66
116
49 76
76 90
133
95 95
62 68
80
8 95
68 53
181
95 25
64 61
218
12 13
66 66
101
4 76
94 79
208
70 96
88 59
247
83 42
62 94
197
57 75
80 57
125
56 39
52 73
222
18 91
57 85
136
85 36
68 91
129
14 49
58 50
204
2 99
93 87
214
70 36
94 72
151
35 49
72 59
189
16 81
68 57
75
55 44
85 61
175
36 42
92 89
94
91 45
82 98
237
70 62
84 57
116
86 58
69 51
160
1 41
50 76
69
94 4
65 76
131
57 51
92 67
52
87 13
61 95
71
74 84
92 92
60
52 58
62 96
222
5 59
85 75
105
89 96
73 52
106
26 83
51 66
219
14 20
65 58
176
50 30
74 52
194
84 14
63 98
198
22 72
97 53
157
94 61
65 99
219
98 57
75 95
249
95 64
73 66
111
55 44
96 63
79
62 7
57 65
175
80 14
69 97
79
32 55
56 73
97
65 92
90 96
91
4 97
63 86
179
59 49
62 86
105
71 17
83 70
129
97 95
93 61
118
50 40
66 51
208
60 48
94 73
150
92 64
51 57
157
50 38
75 67
65
92 74
94 86
225
92 17
78 74
85
21 93
94 85
187
94 43
68 97
239
83 50
57 83
186
45 92
61 86
70
38 53
90 65
184
9 92
67 76
188
62 61
98 59
58
93 48
95 52
62
47 43
78 95
104
73 83
69 52
234
23 72
89 72
65
82 57
83 74
201
97 14
75 65
197
73 25
77 91
121
23 5
52 68
153
35 25
77 76
206
1 13
87 81
141
96 46
73 75
82
89 76
93 79
65
18 76
69 90
247
74 63
84 70
176
59 76
52 61
86
17 70
51 89
55
48 80
55 51
73
33 33
64 62
76
43 79
70 94
62
83 42
64 89
67
90 65
79 78
145
49 16
56 62
100
38 69
71 50
94
56 25
88 79
221
17 8
54 64
139
98 78
67 75
163
35 94
73 55
116
39 2
65 67
147
36 69
72 86
157
97 32
61 66
237
21 87
53 57
76
83 46
73 74
103
18 89
97 88
243
99 6
75 82
116
94 82
68 53
116
50 62
78 66
213
17 3
62 85
120
59 11
87 54
84
29 59
99 52
76
5 45
80 77
80
12 44
99 76
132
61 95
61 82
90
66 95
80 59
229
43 80
86 90
181
45 24
79 60
194
74 38
65 51
106
11 83
59 70
160
54 2
86 74
115
34 16
75 84
64
57 63
55 60
93
29 93
55 90
160
43 36
87 85
160
20 93
66 72
182
68 84
58 86
57
76 4
88 91
52
3 7
67 59
158
62 55
97 89
217
84 0
87 60
223
82 21
95 96
98
79 78
66 69
190
20 76
69 66
110
76 18
80 65
96
85 75
67 58
134
69 76
86 68
108
59 94
90 90
104
70 41
60 84
136
38 26
92 59
157
61 71
87 83
93
14 29
88 80
181
66 64
85 50
202
79 58
51 64
221
92 18
54 93
204
82 31
90 92
175
14 99
82 88
103
64 81
61 67
204
77 51
53 70
212
14 24
90 93
115
11 64
57 59
165
89 63
55 50
181
54 75
63 97
138
46 50
70 54
209
73 10
80 86
126
7 51
94 90
197
61 7
66 58
168
31 26
76 59
236
3 43
90 92
66
43 33
89 64
215
0 73
61 88
232
12 66
59 89
207
68 89
99 70
187
77 88
50 68
103
95 7
99 58
237
84 24
88 82
224
63 47
87 74
175
56 56
98 87
215
39 46
66 85
88
57 22
93 68
159
50 21
82 54
51
6 91
74 86
247
73 12
86 60
213
94 37
75 69
194
73 36
71 83
140
96 74
92 99
189
15 8
64 89
147
55 42
78 56
131
40 5
67 57
228
55 70
91 73
232
29 69
55 55
100
31 97
98 98
123
56 37
78 90
70
21 90
96 78
99
3 61
70 92
170
90 20
95 75
233
67 9
65 62
222
14 15
63 53
113
51 28
68 71
79
10 44
74 52
106
85 4
96 61
156
18 32
59 98
66
69 84
96 85
