6.6743e-11 1900 1000
159
1 22
92 85
173
23 3
64 60
242
84 2
98 78
95
20 67
65 77
243
43 62
97 59
135
27 30
85 50
63
57 61
96 64
149
49 37
99 74
165
51 19
97 51
202
66 48
75 72
232
90 18
77 77
189
57 63
65 66
142
76 80
96 99
72
36 0
75 73
235
46 90
91 87
243
42 41
63 62
167
31 46
73 57
161
38 47
65 68
155
97 13
64 81
246
15 55
80 82
192
72 17
56 88
64
47 33
95 56
163
91 25
85 96
217
84 7
78 57
199
93 63
96 99
57
52 95
77 72
84
96 16
56 57
205
90 73
81 54
137
6 67
66 81
93
23 50
57 77
153
22 29
78 96
169
75 4
78 73
104
95 57
64 50
53
89 5
60 93
120
79 33
66 77
245
66 72
50 71
75
29 74
73 98
59
27 67
90 86
107
47 90
90 54
214
98 8
53 53
160
86 76
55 89
152
77 85
58 70
227
82 46
94 58
107
61 19
55 86
153
45 94
50 50
88
58 66
72 86
62
48 46
87 50
203
24 5
75 80
182
71 60
68 67
167
38 24
61 80
195
7 33
86 91
107
2 29
67 68
76
15 80
82 76
152
87 79
62 77
215
22 59
78 86
142
3 6
86 82
166
70 28
71 73
56
52 80
98 60
119
80 39
65 84
65
45 38
65 54
109
77 19
58 81
205
14 25
58 58
100
88 26
99 72
209
82 78
91 63
132
30 84
70 65
245
58 30
84 92
174
4 51
84 53
162
62 8
69 78
220
45 80
53 60
245
83 21
84 79
224
68 11
76 56
238
8 4
96 98
243
0 22
77 99
186
36 13
91 98
205
71 20
80 52
174
51 99
78 60
237
92 34
93 57
68
47 47
96 77
145
20 72
73 95
98
86 84
82 86
127
55 43
95 50
87
95 77
87 89
225
23 28
88 67
216
35 38
67 65
83
89 61
58 54
112
92 54
90 98
77
33 77
79 84
230
6 71
62 77
245
41 3
70 69
79
8 37
53 66
175
64 50
56 66
174
10 80
80 67
202
9 96
80 87
89
1 17
95 97
64
0 93
62 57
72
49 88
54 83
102
6 8
77 68
212
7 93
62 74
90
58 76
63 99
190
83 88
86 93
230
79 7
66 80
93
54 2
85 92
161
46 97
65 67
75
58 80
56 84
170
33 24
74 80
248
14 70
64 83
202
23 13
95 83
192
48 26
71 96
135
68 59
77 81
135
9 8
93 96
215
17 68
99 50
193
21 49
84 60
187
48 62
96 61
243
72 55
51 93
193
11 79
62 63
190
23 49
95 99
66
13 14
67 85
114
66 81
91 86
102
53 75
88 50
101
43 46
91 74
197
22 19
85 60
87
36 50
99 60
83
65 76
63 96
132
94 63
51 50
235
76 5
55 91
115
3 42
68 60
145
90 7
67 69
175
67 6
66 61
168
94 94
92 86
58
7 70
71 52
58
76 40
83 87
183
25 2
62 89
246
22 36
55 86
189
12 11
74 57
180
18 77
63 75
212
84 33
87 70
57
79 78
65 85
212
69 20
59 90
234
45 36
72 56
53
85 45
54 65
159
82 45
72 77
97
55 89
59 81
145
90 38
75 74
207
46 89
79 77
105
17 63
71 53
89
66 56
73 74
173
20 85
64 57
93
53 4
88 50
215
26 45
72 57
202
13 64
93 98
192
6 5
58 61
77
66 50
76 96
139
11 69
78 62
125
82 5
57 80
220
53 97
54 99
127
69 53
53 90
114
60 84
95 71
121
97 50
96 87
125
17 79
91 86
145
98 13
95 80
55
43 52
53 60
149
6 39
79 70
211
65 85
56 72
162
58 93
82 59
205
61 84
72 72
104
87 20
52 52
83
54 10
72 78
158
12 79
50 66
143
85 80
52 59
143
47 71
83 51
131
17 58
83 93
142
55 49
54 79
107
64 64
92 63
86
72 71
90 98
74
70 42
53 61
174
76 6
57 73
59
68 4
97 79
101
49 71
50 56
153
15 15
78 67
209
2 55
56 83
142
98 7
68 64
153
26 38
63 79
134
17 41
70 54
67
91 7
65 66
143
80 69
88 60
60
43 72
55 62
249
15 56
70 99
85
60 52
84 62
123
25 98
52 91
95
61 8
74 88
176
95 33
94 56
233
66 16
81 76
123
37 26
75 90
58
80 76
90 68
114
88 94
85 91
92
45 86
76 53
69
59 81
89 64
103
7 97
75 71
138
1 97
87 76
179
65 86
56 61
157
0 77
68 95
235
56 89
94 80
232
25 1
67 93
166
16 47
70 74
242
19 12
90 95
59
76 26
87 74
133
64 82
79 83
184
71 21
53 90
217
57 24
68 95
74
17 61
85 91
89
98 85
80 59
190
57 68
94 67
246
76 52
85 63
108
8 47
90 79
214
66 96
91 71
234
55 97
88 53
90
75 93
54 90
56
72 31
50 65
216
52 63
76 95
89
24 53
84 98
116
82 64
85 82
126
82 69
72 81
223
67 23
64 98
221
97 6
73 93
247
37 62
57 99
163
62 40
88 89
146
52 55
90 78
139
9 6
87 72
133
61 97
97 51
177
56 22
66 74
179
80 73
74 68
187
14 84
73 51
105
81 47
77 59
123
84 49
73 82
123
70 17
68 84
169
91 13
89 75
159
62 57
75 89
186
59 78
79 53
135
28 58
67 68
155
66 91
75 91
141
42 15
51 63
61
15 33
60 54
154
17 63
54 69
143
34 7
60 54
213
68 41
59 93
236
50 0
92 54
125
9 96
59 68
212
94 81
85 77
105
50 34
55 72
156
12 17
74 90
73
15 55
98 93
125
98 81
86 77
142
34 53
73 51
193
56 64
93 90
193
79 45
69 93
186
87 99
89 99
111
46 24
67 78
194
49 3
83 92
137
38 87
88 71
163
4 16
56 69
100
51 12
57 81
171
8 18
69 60
97
43 73
51 95
112
57 89
83 61
140
70 98
71 78
209
88 41
62 65
144
26 17
99 98
233
69 19
81 91
238
4 90
85 81
155
24 93
57 62
157
7 4
82 80
229
25 89
56 67
237
74 13
61 63
75
82 48
89 94
63
81 34
67 67
166
10 75
87 92
169
94 52
82 79
76
23 58
77 54
229
42 43
59 55
104
57 82
78 88
99
62 2
71 80
229
46 47
91 92
86
43 13
92 80
175
2 8
62 50
129
8 32
87 72
67
72 28
66 74
150
70 23
56 65
192
5 94
88 88
246
2 76
56 90
244
15 17
68 97
129
2 28
52 87
189
82 56
83 63
249
58 16
81 71
114
77 63
54 69
116
80 66
58 70
189
27 14
63 56
147
44 37
77 99
196
33 91
54 79
166
22 80
51 75
103
17 39
61 81
223
79 49
69 53
187
35 44
50 66
249
88 66
65 95
167
8 41
72 50
165
54 19
94 87
206
85 91
74 75
196
23 98
53 75
194
0 14
83 79
200
49 30
75 90
164
19 7
60 75
143
29 90
77 98
225
70 56
81 60
194
31 59
86 69
184
51 15
97 84
136
77 37
79 85
205
39 1
76 76
99
66 19
67 80
144
23 5
65 64
106
76 61
82 87
63
48 74
60 66
245
49 2
87 74
179
38 79
57 70
165
77 21
51 81
246
56 27
94 72
123
57 80
68 50
239
94 63
79 87
204
81 32
57 56
220
88 37
57 58
248
78 75
59 77
131
36 23
97 87
182
28 62
62 89
198
27 31
68 92
108
53 48
54 89
112
93 9
70 50
100
45 48
75 80
104
51 61
50 93
200
13 75
67 78
227
48 26
70 55
218
69 63
55 71
175
16 83
86 69
236
86 21
52 82
164
15 38
81 67
168
57 67
96 81
76
24 60
67 74
95
33 42
64 64
90
99 91
60 56
87
84 95
79 74
136
17 90
57 53
149
74 71
54 58
122
15 34
60 97
234
2 94
60 67
68
51 57
66 70
64
13 7
83 98
242
73 36
89 61
230
13 60
70 57
117
6 31
78 84
216
22 71
88 69
84
98 39
59 86
66
69 0
98 79
102
86 21
84 78
225
95 10
67 88
117
1 8
94 74
179
65 40
61 54
56
1 38
76 54
112
28 72
51 83
176
74 36
64 64
158
24 40
80 55
244
40 23
99 95
185
41 76
82 50
153
23 6
62 56
149
34 70
54 78
137
42 6
71 63
106
63 22
79 82
145
4 78
75 86
203
2 71
73 95
136
30 50
56 59
242
28 61
91 79
132
99 66
82 74
72
54 32
67 85
185
95 81
69 92
71
92 45
92 75
65
94 61
73 97
102
36 42
71 81
127
39 15
90 76
121
24 99
86 77
191
69 65
57 89
240
54 62
87 82
149
50 98
95 93
75
89 98
79 61
160
94 90
69 52
236
70 25
53 63
156
20 4
95 78
127
7 18
51 81
146
51 82
76 97
248
74 24
88 88
155
28 50
52 51
249
78 90
53 69
83
9 28
56 53
205
26 82
65 62
229
48 11
58 80
226
34 29
67 52
122
67 7
60 53
222
0 4
74 52
203
54 35
90 65
212
22 70
84 88
189
95 68
50 87
155
79 63
65 92
198
24 16
69 68
85
74 92
94 87
50
29 93
58 56
71
30 68
58 93
216
76 82
72 64
77
37 71
63 58
205
80 59
77 79
151
71 66
56 77
215
99 79
85 94
209
53 67
60 89
112
44 7
71 90
68
45 69
78 56
58
39 11
92 90
116
9 94
71 89
117
1 54
50 66
136
67 25
66 90
179
73 54
94 73
97
14 44
50 92
244
11 52
93 83
103
87 51
90 64
110
94 81
99 61
144
76 0
90 61
92
46 90
65 66
240
59 15
57 56
209
59 50
83 72
202
34 28
94 91
224
28 52
65 70
77
65 14
77 54
107
69 98
66 53
135
81 46
52 94
238
53 56
80 50
186
58 4
96 73
155
0 49
70 83
215
36 12
68 81
214
67 88
94 83
183
90 70
67 67
242
75 55
55 97
55
60 86
59 66
158
10 21
56 58
82
70 25
58 69
141
49 85
70 60
143
93 95
62 83
210
18 27
75 85
175
11 92
58 87
222
81 97
55 82
189
83 15
86 60
141
21 1
63 90
93
58 33
68 86
71
96 96
83 91
123
76 16
56 84
86
3 56
90 68
211
5 9
69 94
191
72 35
76 64
185
61 58
96 94
132
95 67
58 78
128
26 3
89 56
182
47 43
63 88
187
22 49
95 95
244
32 88
53 68
158
13 54
50 72
61
67 4
84 56
127
37 37
93 53
78
38 88
76 75
53
77 12
59 78
72
48 72
90 54
53
96 15
89 68
98
93 79
86 67
129
75 44
98 68
220
36 96
71 59
214
35 64
92 91
245
14 15
71 93
107
88 98
66 53
127
45 2
71 72
133
66 53
71 58
116
69 29
90 52
242
6 18
61 78
199
26 75
70 65
249
68 72
78 88
84
32 17
92 81
203
45 15
75 69
169
6 85
89 88
246
9 81
61 55
170
88 4
69 98
208
44 98
88 78
172
7 12
95 54
149
10 59
81 97
186
16 16
56 94
58
89 43
98 67
100
2 38
88 88
123
86 48
76 67
126
90 91
97 84
136
57 35
82 96
138
0 84
79 56
207
22 16
84 96
122
24 49
87 74
162
88 99
67 51
164
60 79
65 55
108
51 91
89 67
185
24 7
63 86
205
80 45
91 79
216
40 1
77 92
130
26 54
57 68
245
37 34
89 56
102
82 66
83 55
72
92 91
79 98
105
24 5
86 87
117
87 5
97 60
116
2 40
60 92
209
46 40
98 98
236
14 1
56 70
249
99 42
92 91
228
97 98
88 54
133
43 22
82 72
141
74 88
83 95
84
73 56
55 80
123
6 18
91 87
212
33 38
81 64
228
79 92
97 75
219
69 11
85 63
53
74 56
51 77
209
57 63
93 84
212
14 57
96 70
55
34 35
99 90
217
41 68
96 98
90
59 68
83 61
194
89 64
91 70
240
4 81
65 99
150
22 62
84 64
220
69 71
63 56
168
34 23
72 62
180
90 52
64 91
173
78 37
58 64
122
41 54
53 76
157
67 76
92 81
52
65 52
58 73
229
84 42
56 63
156
58 95
88 98
74
25 23
87 55
235
93 27
53 77
96
32 86
67 66
176
71 20
95 94
182
37 23
88 66
245
35 74
72 54
125
97 30
85 50
234
12 38
67 77
218
3 75
93 52
172
65 78
72 96
111
97 78
96 50
187
20 46
52 74
244
82 99
50 91
118
90 75
54 82
57
79 52
54 60
175
35 84
80 90
59
60 51
52 57
56
0 96
71 78
202
20 72
63 84
122
90 54
89 62
96
91 69
81 78
146
16 3
93 81
196
97 92
99 59
249
48 65
94 99
219
68 3
89 91
234
96 66
78 76
85
50 73
51 78
83
54 74
57 99
149
50 48
57 96
151
24 47
98 51
170
1 70
64 89
193
30 25
51 89
160
24 74
54 60
177
79 94
95 83
238
95 33
81 90
104
29 44
95 79
129
68 99
90 83
82
65 76
65 62
219
41 72
85 95
195
31 73
56 76
76
91 17
57 74
223
3 28
59 54
199
11 33
66 67
201
94 1
65 69
59
87 90
85 52
174
8 48
76 55
217
93 34
58 58
203
88 31
87 56
98
23 5
74 59
239
75 62
81 86
140
21 97
50 80
59
0 54
62 67
126
48 84
93 70
106
26 23
79 96
214
37 44
53 87
61
18 28
64 87
151
14 77
59 75
164
66 84
51 64
178
38 90
62 76
83
35 84
82 59
117
77 75
64 56
82
43 67
56 50
209
36 52
77 73
145
11 39
53 61
114
96 41
69 52
158
5 35
97 96
88
22 15
71 65
187
38 47
50 82
95
2 43
69 81
231
8 28
92 94
164
83 8
63 60
103
98 18
66 58
147
81 96
63 70
102
11 9
93 91
63
36 88
71 67
207
1 48
92 66
193
52 80
92 77
65
12 80
90 66
129
87 63
85 60
200
44 13
56 63
187
96 78
95 76
67
93 83
51 68
187
33 62
91 90
125
21 57
73 88
113
87 67
77 52
172
92 53
68 69
50
97 8
84 96
144
18 13
84 88
121
98 77
69 55
189
77 80
68 62
150
87 75
78 89
217
83 14
83 59
203
41 60
56 52
178
22 97
87 98
208
66 69
74 58
236
55 47
61 63
125
38 15
55 63
66
21 30
91 51
104
1 57
61 97
160
8 75
73 84
247
95 94
52 64
119
1 50
65 74
162
80 0
65 50
137
45 19
72 60
88
79 66
64 92
241
41 2
88 51
117
84 49
65 62
236
67 31
58 87
182
60 51
51 64
225
20 52
62 72
245
79 10
52 76
195
56 17
71 88
96
22 57
69 80
237
3 16
55 54
113
6 38
52 73
210
6 50
72 82
121
84 27
54 50
237
23 47
87 93
194
95 42
72 68
164
41 57
63 69
146
1 32
57 55
154
57 15
97 60
81
27 81
83 66
131
82 55
50 54
170
92 1
71 65
215
29 81
53 56
142
87 54
59 94
197
76 50
60 56
226
94 88
56 53
79
11 84
90 62
111
93 84
51 56
215
84 71
79 94
137
35 38
82 77
195
82 74
80 73
245
70 49
52 91
76
88 22
86 89
79
70 3
59 74
123
80 39
85 58
211
24 97
74 96
58
50 93
67 93
231
68 90
81 53
171
5 30
69 59
142
22 90
65 62
133
56 88
96 65
144
95 76
73 70
170
18 78
73 70
135
63 3
57 54
96
89 27
88 52
210
79 44
58 85
246
46 18
84 54
94
10 50
70 90
185
99 12
84 54
174
90 91
97 88
247
76 34
88 88
115
34 98
83 94
195
4 92
98 91
88
99 88
80 50
169
92 36
92 70
76
85 95
85 66
185
21 65
53 61
110
54 76
72 96
237
64 91
85 91
215
23 81
82 64
153
70 35
58 97
114
5 73
92 99
190
7 84
96 61
113
72 73
70 67
247
11 56
50 63
96
81 78
94 71
65
30 76
73 85
190
49 49
51 95
141
35 85
98 50
133
72 13
82 58
242
39 5
68 55
141
49 54
75 74
93
52 40
75 75
77
27 65
60 76
80
47 67
68 67
196
83 1
61 68
168
18 62
67 59
238
71 0
74 87
249
64 33
60 51
92
76 30
57 71
88
74 51
68 88
94
21 84
54 80
132
68 98
57 50
187
59 41
78 59
233
63 60
63 50
124
93 94
67 50
50
18 40
80 77
88
14 71
51 60
170
1 94
97 88
58
88 78
87 67
168
99 3
55 82
212
49 56
58 55
66
50 56
83 86
231
6 76
88 97
60
83 20
60 61
132
38 72
91 72
127
46 40
74 76
51
82 38
96 52
90
54 70
56 93
239
33 76
73 97
223
43 57
71 56
54
93 90
62 94
86
5 72
98 83
181
39 84
87 64
87
57 6
99 91
116
25 32
79 51
51
89 24
83 96
160
23 52
97 53
238
19 39
72 95
169
59 76
90 60
96
97 99
90 55
248
74 21
72 76
56
49 77
73 95
232
26 5
60 55
75
99 93
88 94
124
67 15
78 83
207
77 31
88 56
170
12 57
83 94
234
10 0
95 83
85
52 15
73 63
62
18 38
84 64
59
50 38
73 76
178
6 85
92 57
94
1 77
74 56
84
24 93
78 96
122
46 31
95 74
169
35 89
53 89
120
91 98
76 70
116
12 0
57 74
106
87 68
77 57
61
22 43
89 85
50
22 59
86 98
169
25 69
59 55
128
9 25
97 71
238
49 39
63 50
156
83 8
67 95
210
60 56
94 82
201
3 35
83 73
241
55 93
50 68
164
25 46
69 75
124
58 63
65 73
71
23 81
77 55
142
83 17
52 54
229
39 55
81 85
122
26 26
95 79
128
93 93
71 53
163
84 29
52 73
150
33 97
52 75
110
71 20
74 96
73
32 75
60 62
115
89 87
66 93
186
12 21
74 79
183
5 94
68 69
107
15 69
97 90
119
17 3
51 90
243
78 16
80 75
91
17 42
85 80
86
6 18
97 50
132
42 85
54 87
162
76 44
87 77
75
42 48
90 92
243
56 35
63 73
89
55 64
96 58
191
64 44
96 97
62
81 30
69 56
138
14 70
99 64
51
97 89
83 93
87
70 88
61 96
133
28 85
93 91
124
90 32
81 89
88
13 3
61 72
133
31 60
76 99
182
17 50
95 79
50
85 18
66 72
98
53 6
99 76
149
33 3
94 89
114
97 79
51 80
60
11 65
64 93
89
16 25
56 56
211
24 56
79 98
91
37 46
75 94
188
78 93
84 71
122
66 35
67 71
167
82 31
76 81
246
53 20
77 62
109
85 25
73 85
166
22 28
75 55
247
20 43
64 75
205
2 99
70 73
69
3 90
71 52
129
92 50
63 84
119
40 95
80 56
66
59 23
78 88
84
72 87
64 56
236
13 61
84 90
183
77 60
64 86
198
64 67
53 92
229
98 13
70 70
78
95 36
76 89
225
13 25
82 97
177
45 86
76 92
182
38 77
63 59
202
32 9
54 69
137
67 48
68 85
189
56 65
55 86
132
30 62
59 97
212
47 26
68 60
176
95 92
51 64
210
62 17
88 94
166
86 31
66 86
157
82 27
64 63
189
76 98
95 69
87
24 84
94 85
92
88 11
77 88
91
96 50
95 53
84
78 72
58 71
197
87 80
93 79
151
93 20
91 77
141
25 15
50 65
171
63 57
97 61
140
50 2
58 87
147
30 21
94 75
140
74 22
53 77
120
23 79
58 65
115
23 6
73 92
125
31 16
77 90
80
32 81
70 82
140
93 29
55 70
90
79 62
91 64
233
22 36
52 58
81
10 75
68 56
134
86 82
72 67
65
5 49
82 97
127
11 37
59 71
218
23 63
79 98
65
66 83
91 87
120
17 20
77 82
237
61 68
87 75
235
37 40
88 93
221
77 20
93 84
137
6 3
53 62
186
86 77
67 54
229
87 76
60 98
116
29 35
60 79
166
53 65
58 55
243
28 76
63 70
74
66 9
72 80
171
49 18
74 57
118
52 38
87 58
163
74 74
54 94
237
71 10
68 90
229
96 33
53 59
209
13 83
66 75
87
36 98
57 86
211
96 7
65 65
233
41 78
74 57
245
87 44
86 66
205
69 97
57 51
175
92 11
88 90
108
87 27
65 95
94
72 8
73 92
237
52 75
85 79
178
81 76
95 65
168
44 70
72 89
51
85 16
58 94
223
85 4
99 62
153
7 9
51 75
83
29 15
96 87
164
24 65
81 97
221
51 17
59 66
175
77 69
65 62
186
20 36
50 73
121
9 76
54 81
61
71 64
51 92
169
66 58
55 93
197
75 67
83 51
134
52 28
91 61
170
79 97
73 90
229
99 63
94 89
205
58 52
94 78
61
2 97
93 78
209
60 77
78 84
245
9 18
82 97
50
81 19
59 79
154
23 10
51 56
219
55 63
92 80
249
39 91
69 53
234
47 65
99 94
177
70 39
89 88
152
58 88
69 85
220
30 40
96 95
231
59 14
94 87
103
86 88
94 95
157
59 29
76 56
160
17 86
74 80
106
15 34
70 67
184
62 89
84 66
160
0 98
87 71
197
27 75
70 85
123
1 92
51 82
177
37 95
77 95
113
62 53
72 78
234
61 13
79 98
197
79 8
81 98
168
56 47
82 98
178
76 71
56 80
177
51 9
56 66
228
12 80
58 92
234
23 28
76 98
155
86 45
95 86
118
92 55
55 74
174
76 5
87 51
82
48 80
97 83
105
29 14
56 69
137
35 3
51 63
111
99 20
56 98
94
63 68
92 87
118
49 13
66 95
238
47 29
65 87
194
79 92
61 73
187
66 12
77 72
70
47 86
86 71
106
54 15
54 69
248
18 40
87 98
86
66 36
75 83
81
17 79
54 62
130
69 0
72 99
146
10 71
92 96
146
57 4
73 50
64
15 1
51 84
202
89 20
54 69
65
35 2
65 84
190
17 65
66 59
239
87 57
55 52
179
9 48
51 88
135
4 52
86 50
155
57 5
76 94
63
30 9
94 98
145
11 40
51 64
129
59 6
58 66
166
6 47
85 78
59
38 63
65 63
176
72 70
65 85
98
26 48
97 79
122
37 26
91 85
189
97 14
82 50
105
79 18
96 63
167
11 75
90 57
129
11 33
69 51
178
17 0
81 54
216
9 27
62 56
50
29 47
99 99
211
67 56
70 93
166
97 10
67 77
187
50 58
60 98
121
62 76
83 91
195
62 59
67 54
126
14 55
56 55
65
13 19
62 83
233
22 99
78 82
189
37 69
70 91
249
98 65
58 61
231
17 6
60 95
135
67 72
79 51
174
48 67
50 87
110
1 72
54 82
181
25 73
67 70
145
84 19
82 94
192
90 27
73 59
101
47 44
96 70
226
15 46
85 75
115
7 85
70 68
213
45 1
72 89
62
41 36
82 96
176
62 38
50 66
135
46 19
90 82
144
36 60
85 59
74
23 74
94 81
93
46 47
88 90
70
76 53
51 63
209
92 39
56 71
144
75 58
92 90
67
2 35
94 56
238
71 30
63 61
65
60 6
96 63
150
51 33
97 77
155
86 88
59 99
92
67 43
83 70
111
70 87
95 63
65
75 3
66 86
139
72 53
67 51
221
0 54
83 74
249
71 31
80 86
130
75 80
52 99
61
42 12
75 81
137
79 96
84 65
195
88 4
57 70
57
63 93
67 59
196
51 59
97 67
181
29 49
50 59
182
12 70
51 74
190
0 13
78 69
136
84 16
88 74
244
83 33
93 57
153
4 56
73 54
151
75 85
96 82
125
66 14
90 90
120
6 80
99 70
184
67 56
83 71
108
68 65
74 91
111
30 44
98 67
206
36 70
53 81
182
19 6
96 99
62
78 69
91 68
127
99 4
75 97
132
92 55
98 51
117
93 64
84 99
141
4 5
86 79
59
95 12
63 79
143
84 93
61 72
225
15 1
98 74
193
5 9
62 85
104
28 54
54 99
112
9 90
72 69
148
34 28
59 93
147
2 38
60 81
115
12 8
82 83
212
43 76
63 70
105
18 74
73 84
224
15 98
69 85
87
98 33
78 73
109
69 72
55 64
129
13 79
62 93
198
40 6
78 91
154
52 99
85 74
227
33 0
85 94
153
21 34
57 53
101
30 64
78 70
185
10 0
95 51
224
53 1
92 65
81
43 71
95 85
128
45 64
59 64
82
43 67
72 53
102
36 5
77 82
217
29 70
73 79
175
24 3
68 78
218
89 62
97 62
236
62 90
54 83
173
73 16
69 66
247
26 18
53 86
54
75 53
82 85
248
37 10
91 72
106
3 90
52 97
202
45 36
69 66
201
35 89
57 75
107
78 74
60 83
81
65 39
75 56
97
87 56
78 87
178
20 45
92 83
225
78 88
54 72
100
44 23
50 85
153
75 42
78 81
85
17 12
70 51
244
78 0
87 82
158
34 62
98 79
227
86 56
78 57
90
3 9
95 86
54
89 40
71 81
117
86 18
69 87
58
72 83
65 87
211
80 95
76 96
228
84 25
84 64
114
94 4
93 68
139
33 24
55 80
104
25 98
87 92
95
70 1
90 69
238
35 30
76 68
114
3 46
60 98
238
66 13
83 82
109
57 71
51 94
214
51 51
93 89
88
96 86
55 61
86
38 49
67 72
214
15 88
86 68
127
1 8
90 93
184
13 55
99 93
64
50 7
99 68
144
35 8
69 90
93
70 27
51 81
189
39 97
67 54
77
25 31
75 79
65
82 15
59 78
231
18 95
65 84
117
73 78
70 55
245
99 98
81 65
152
28 5
59 93
196
43 21
52 73
120
17 91
69 52
126
66 33
67 95
181
47 14
69 57
170
67 52
67 71
248
74 26
69 79
184
92 77
50 79
244
43 99
51 64
65
84 92
89 81
104
54 65
72 53
73
74 73
97 93
93
23 93
74 68
144
1 52
81 87
104
80 33
97 97
133
90 12
96 69
79
11 73
79 85
83
52 11
54 59
151
99 2
70 74
74
24 71
58 77
207
91 83
81 89
91
45 72
92 81
193
17 12
98 54
146
59 39
50 51
215
53 2
79 66
75
50 92
70 50
210
53 7
99 51
236
21 44
77 84
115
40 27
84 83
190
25 79
82 51
226
35 68
84 81
216
77 6
56 66
249
16 28
79 54
115
76 91
77 88
153
54 4
89 95
190
70 35
88 66
53
58 94
75 88
93
33 56
74 72
140
52 23
77 58
133
18 75
63 59
195
69 63
58 52
158
46 92
60 79
86
4 82
72 95
181
28 90
62 65
154
37 7
67 56
214
92 39
51 85
207
66 32
84 77
174
29 35
66 72
141
48 59
54 98
122
96 79
96 52
60
55 56
64 97
222
4 11
96 64
157
79 22
51 73
65
88 49
74 96
105
83 88
86 55
239
67 28
80 85
214
89 47
94 69
203
57 92
58 59
154
82 16
91 85
233
91 2
99 72
165
87 79
84 50
73
62 91
78 90
245
75 6
78 84
119
70 37
97 76
180
15 82
69 63
107
72 48
70 50
121
99 67
69 60
136
60 85
77 98
238
34 43
79 63
162
69 32
60 84
66
93 64
79 83
64
78 92
92 86
200
11 9
69 52
130
56 88
86 90
234
32 28
93 70
213
27 82
68 82
188
84 0
84 83
164
76 97
86 92
71
45 94
96 82
67
84 13
55 73
123
34 9
79 57
79
13 20
53 57
231
53 47
80 66
239
79 32
76 66
217
70 87
71 65
169
84 82
57 53
240
17 28
85 76
98
6 57
64 62
161
61 95
61 66
93
45 6
72 75
223
11 42
57 94
232
41 63
68 69
151
47 61
89 70
234
46 18
80 92
111
76 53
72 74
239
28 18
93 87
202
87 60
56 65
245
19 97
68 88
140
29 89
59 89
220
30 73
68 67
112
73 30
54 88
145
22 80
67 75
117
79 27
92 55
86
92 2
92 57
162
32 97
88 92
93
12 12
81 75
182
11 88
78 55
66
58 1
76 90
227
56 10
67 57
200
19 93
50 92
211
50 55
99 95
138
13 41
66 52
245
54 84
90 58
83
43 74
67 93
121
27 21
80 77
94
23 78
72 65
125
79 28
74 75
130
67 66
68 94
183
55 41
99 90
147
26 73
68 90
93
89 11
91 70
121
69 66
81 94
191
9 22
97 73
85
65 53
97 52
86
40 36
78 91
142
53 40
82 68
171
43 61
83 63
136
1 34
79 55
132
3 49
74 93
100
27 31
83 68
177
21 4
97 67
199
87 59
79 52
221
42 76
89 64
127
73 53
58 78
104
9 12
58 57
233
39 60
80 61
174
84 90
59 96
133
69 47
52 72
200
78 93
59 93
67
12 70
51 92
123
13 49
56 82
223
18 18
81 62
248
71 37
85 84
230
82 17
91 51
234
84 52
97 62
94
19 31
76 58
70
75 81
66 86
131
34 59
74 52
217
61 2
87 90
246
6 70
74 78
148
28 15
79 82
227
61 78
87 96
237
68 69
55 62
234
66 95
99 70
240
2 89
79 51
241
2 99
80 97
176
45 95
80 56
176
8 83
79 87
245
0 26
90 66
205
88 52
75 72
137
64 64
68 91
194
67 32
80 96
247
77 24
80 94
57
65 21
60 68
146
39 15
81 97
229
36 4
78 69
61
43 59
50 77
161
85 71
69 78
217
93 28
74 94
225
95 4
72 90
158
39 37
84 97
73
38 26
98 59
67
57 22
99 62
107
73 23
53 94
92
81 61
58 86
106
62 63
54 53
136
93 11
58 75
177
37 48
59 67
185
81 86
98 92
233
73 1
96 56
77
57 98
86 60
165
50 68
72 79
156
83 15
93 99
244
93 78
95 81
103
34 18
60 86
234
11 21
79 58
109
28 85
97 67
116
66 84
64 68
88
81 74
73 73
224
51 19
50 70
149
68 25
63 83
180
85 17
77 94
164
64 53
72 94
212
59 13
81 78
175
56 18
93 56
131
63 33
53 85
215
30 84
69 86
243
86 16
62 78
116
68 45
89 80
92
52 44
74 51
236
42 26
85 92
136
70 75
60 51
125
44 66
52 55
163
69 98
79 52
233
74 70
50 51
115
97 94
95 70
71
74 56
50 64
61
25 2
55 81
188
21 56
61 82
224
11 48
52 95
90
22 78
82 66
224
76 32
52 71
173
10 93
59 99
110
63 60
91 87
68
49 27
60 89
160
10 65
62 74
64
43 14
83 88
75
65 62
86 53
69
79 76
76 81
90
38 41
80 53
130
58 21
62 81
70
30 44
68 82
92
84 96
86 87
167
98 62
65 84
134
44 53
84 65
72
27 55
60 60
60
83 92
74 70
246
18 40
74 78
138
22 72
60 72
208
24 90
74 58
90
30 93
60 86
166
16 58
68 94
228
63 6
76 62
139
18 10
88 57
142
12 47
69 66
172
61 24
82 97
88
77 39
75 68
240
85 84
80 58
205
38 36
98 68
114
8 7
66 84
198
13 78
94 61
235
20 35
82 96
155
73 84
54 82
198
41 24
82 83
123
19 41
59 62
167
19 28
63 78
235
41 78
89 51
88
27 36
84 58
59
19 63
98 85
225
22 83
69 66
155
10 42
54 76
171
82 93
73 90
247
2 78
79 91
143
65 29
89 70
149
55 82
67 70
103
52 98
64 77
123
8 84
60 85
212
6 9
99 97
179
27 46
87 83
58
18 29
51 73
108
35 25
95 63
54
45 18
95 59
110
82 34
70 70
92
79 83
82 50
230
30 30
65 60
218
46 68
92 88
98
19 96
61 85
216
79 40
99 62
227
83 24
94 59
155
79 53
54 86
161
36 17
77 94
203
45 62
50 50
189
49 48
83 58
60
75 25
87 90
126
61 19
80 60
107
83 17
54 87
187
71 0
94 75
150
8 79
79 97
159
79 37
97 60
164
24 20
62 90
63
81 18
78 76
113
48 84
71 97
52
73 36
62 75
218
93 25
74 76
222
63 37
97 53
61
68 17
59 87
132
78 1
77 66
58
63 79
76 56
234
15 10
85 58
179
12 78
54 72
137
92 46
99 52
189
18 13
53 59
80
54 94
60 60
183
89 20
79 97
218
39 33
91 85
177
69 64
88 89
226
84 78
81 68
235
46 59
71 55
201
65 85
97 55
225
18 39
88 66
197
21 36
71 88
63
87 65
57 84
175
35 10
80 61
118
42 46
52 67
163
39 18
76 78
239
67 5
71 57
105
10 6
94 76
231
10 41
78 69
117
90 94
56 54
71
54 75
92 65
58
12 28
58 50
238
15 89
98 57
238
54 62
91 98
148
32 80
51 60
210
47 79
84 51
105
9 24
89 60
53
19 70
70 67
179
59 8
65 94
157
78 84
83 63
119
15 64
76 53
166
56 14
67 63
192
41 19
81 53
182
51 6
75 53
124
33 32
78 83
99
12 93
58 79
145
22 0
53 62
249
19 78
94 57
86
65 49
52 79
148
10 13
66 51
85
48 75
61 69
126
54 70
99 91
114
1 36
99 89
104
29 38
97 76
125
46 62
94 92
200
9 90
92 60
228
19 47
68 78
230
38 55
98 86
189
84 51
90 90
85
80 95
73 67
127
87 92
87 75
81
79 25
87 93
73
84 71
99 93
203
56 23
60 93
54
13 83
73 91
53
70 76
95 83
93
90 12
87 81
177
12 14
59 56
199
30 30
75 85
182
48 38
82 90
160
17 45
86 73
242
14 26
61 65
162
73 58
91 52
62
8 29
87 76
69
69 25
63 50
244
1 34
74 93
85
71 53
79 54
159
55 97
62 74
219
22 88
90 92
166
71 55
83 76
108
9 95
97 78
174
31 22
67 77
208
23 13
69 79
202
66 39
65 59
80
3 28
73 53
143
30 69
95 64
163
40 74
54 74
88
29 98
76 71
196
41 79
59 71
60
48 73
83 79
213
61 59
62 68
134
33 63
79 64
128
53 80
54 71
58
53 61
84 87
179
14 35
57 70
225
30 32
61 75
65
21 90
58 79
83
71 65
82 67
200
12 97
70 55
116
33 63
52 69
118
88 48
70 84
195
3 9
84 77
214
26 95
74 87
184
89 71
90 57
171
39 7
62 83
210
78 0
71 95
232
72 13
97 70
192
8 67
97 97
94
42 14
51 70
116
74 56
63 57
66
72 81
64 56
237
66 68
63 67
140
79 99
72 62
228
89 4
54 87
138
68 83
56 80
121
62 48
58 96
78
89 62
70 52
205
38 39
56 74
154
8 64
76 83
80
82 61
50 71
186
84 60
92 56
240
43 28
74 54
201
88 32
85 92
209
76 47
73 99
83
37 53
88 93
165
50 23
94 50
100
6 38
95 86
51
75 76
81 94
151
65 47
89 89
100
38 0
52 77
162
55 12
55 51
246
80 69
69 98
176
57 0
87 83
154
15 86
80 79
198
29 32
72 64
170
74 16
93 60
126
7 74
76 84
214
45 80
80 94
66
30 23
58 75
67
94 30
61 85
126
94 33
97 55
118
16 77
87 94
161
62 71
57 69
88
39 35
82 85
219
55 51
76 51
113
58 69
56 57
122
39 85
90 68
189
67 86
82 55
104
55 66
87 68
212
73 58
93 53
207
96 74
76 62
175
47 27
86 85
103
21 7
75 92
213
63 83
90 80
146
57 36
57 51
196
15 66
71 69
159
46 76
90 57
222
67 82
68 69
105
77 72
66 76
53
52 39
71 68
192
58 14
68 51
217
36 98
69 82
109
98 91
51 55
188
83 29
98 58
203
72 13
90 81
191
81 86
54 93
153
71 87
89 63
191
37 80
62 77
56
6 36
94 54
157
23 95
53 92
174
18 96
79 98
110
65 89
84 92
119
22 97
62 90
63
42 81
60 50
106
99 8
63 62
243
60 21
64 66
163
12 92
91 83
241
30 44
88 56
67
87 25
68 91
99
99 4
56 91
112
14 99
62 61
177
35 6
74 89
201
67 4
88 63
158
84 6
62 90
72
40 59
50 59
160
54 58
51 59
110
0 23
84 77
164
90 6
96 52
215
50 53
69 84
88
75 92
84 72
88
94 96
57 80
94
67 40
51 51
170
25 63
90 71
111
97 87
89 54
245
95 21
55 95
214
97 36
60 89
233
7 29
59 77
66
51 74
75 86
103
40 56
79 80
133
17 91
95 82
108
16 27
72 55
223
8 69
59 72
169
90 6
83 78
100
57 94
82 51
184
39 6
86 77
118
80 10
92 87
177
21 48
53 94
143
23 69
92 54
134
98 25
53 74
83
49 76
80 93
134
36 29
56 73
175
18 43
81 55
210
81 32
78 83
184
50 79
83 59
92
10 93
70 92
215
96 25
70 66
228
50 50
73 67
56
17 92
99 75
100
33 37
71 81
64
2 65
75 64
85
20 58
50 97
190
27 62
78 89
198
79 19
86 98
154
30 56
83 73
81
23 23
54 67
196
72 31
97 98
249
5 35
82 69
105
94 12
53 82
124
72 82
82 55
161
89 62
85 93
224
59 25
92 97
115
25 43
93 87
122
78 36
58 79
160
72 36
70 56
175
53 83
88 99
135
2 12
56 76
188
83 1
50 97
175
46 14
52 52
239
40 26
55 68
50
91 30
89 72
211
22 49
51 66
112
63 52
80 65
171
83 3
52 54
136
66 81
83 82
120
61 21
91 63
166
72 63
86 59
161
37 21
89 85
238
91 47
64 54
224
19 25
80 59
221
63 95
77 90
149
1 60
73 60
92
39 29
88 66
125
61 29
66 62
151
14 53
57 94
80
82 18
78 50
114
23 21
63 78
53
76 79
89 54
201
68 98
65 90
159
46 65
80 70
63
83 71
66 79
190
86 9
61 74
116
33 91
69 92
98
50 45
51 74
239
99 76
66 60
166
84 19
91 63
164
13 28
57 99
231
68 41
67 69
130
58 86
78 65
79
25 13
90 79
176
66 21
81 75
82
2 94
57 66
93
37 82
83 58
246
76 89
59 66
194
47 96
63 52
225
79 32
61 50
119
84 78
53 85
165
97 19
86 69
156
70 65
73 95
56
15 91
58 82
126
56 26
79 73
172
13 50
52 51
126
80 70
57 61
185
76 28
98 85
114
63 43
89 87
238
30 93
75 53
240
54 31
54 99
185
56 21
72 98
208
44 24
87 90
203
66 26
61 79
166
54 46
83 81
95
78 19
75 78
103
6 18
67 57
163
90 94
92 69
162
19 80
70 58
206
48 61
93 72
61
89 90
71 68
124
41 63
91 52
118
62 5
65 74
81
59 39
59 72
104
41 86
95 73
113
56 81
56 62
249
46 23
93 90
118
57 14
66 59
50
24 77
53 64
191
43 46
70 50
54
6 6
81 95
103
13 8
72 62
119
48 61
54 65
191
68 83
94 50
85
73 51
67 59
179
15 52
54 72
185
11 28
75 94
192
85 47
59 55
108
23 24
92 56
227
27 99
50 95
122
53 32
93 97
120
95 26
50 88
50
78 73
69 63
153
67 5
63 89
178
89 99
55 53
231
56 80
78 59
156
62 33
80 61
108
57 34
72 53
157
97 5
68 86
67
26 41
80 86
89
29 64
68 78
136
0 10
71 93
180
4 1
65 95
184
99 3
56 93
221
14 51
89 70
132
82 37
73 58
215
90 47
78 96
60
90 33
78 62
111
81 93
88 67
196
41 3
97 97
199
50 20
91 63
141
78 98
58 73
54
6 38
85 96
236
70 56
68 76
100
63 37
54 81
103
57 30
77 96
206
48 96
61 56
191
9 97
73 71
70
13 75
71 76
200
29 12
90 70
198
77 70
54 63
233
84 17
63 92
213
11 49
57 63
125
57 4
76 86
182
3 56
84 95
75
98 96
66 54
88
39 54
68 67
195
35 50
95 81
100
96 44
58 62
53
64 37
75 60
190
82 92
90 94
166
86 21
77 65
104
82 53
71 95
50
23 90
73 87
168
68 37
51 64
178
40 18
80 94
216
75 85
81 98
115
54 64
81 53
231
85 9
55 63
156
97 15
52 79
171
92 0
64 91
145
84 21
65 86
65
2 54
54 92
133
70 59
62 87
152
71 19
84 87
128
50 45
76 76
102
26 97
90 96
191
11 92
80 77
226
34 44
86 79
238
45 14
54 60
109
75 12
99 83
59
96 61
89 59
173
38 64
62 99
78
4 42
70 89
234
64 68
99 70
53
13 10
71 50
219
33 12
95 94
235
8 6
67 83
200
33 56
58 88
196
52 69
60 50
174
80 87
57 91
229
20 44
96 95
143
8 14
61 76
205
17 63
99 66
84
57 66
56 68
65
27 14
66 70
138
55 44
87 68
215
33 0
95 85
80
59 78
56 90
72
72 46
64 89
71
32 26
96 78
88
12 46
66 68
230
62 58
78 86
202
78 1
86 85
173
16 67
58 85
222
56 57
99 96
120
27 17
98 52
175
94 92
62 87
162
20 17
53 76
249
54 78
64 77
242
31 53
88 58
139
97 33
79 97
148
99 67
71 75
197
66 50
89 93
78
57 5
81 99
212
62 48
77 69
176
30 61
72 59
220
55 51
98 68
134
68 18
94 83
139
46 82
75 55
188
32 36
87 95
114
85 9
78 76
64
92 4
63 95
64
16 15
85 69
115
54 5
91 83
100
23 74
82 98
149
18 86
83 81
105
43 47
75 92
223
81 6
53 65
97
71 79
50 63
156
6 28
63 62
97
88 14
63 72
220
49 73
57 90
85
56 47
89 80
184
97 3
71 65
51
52 62
78 74
203
6 82
95 61
222
61 10
82 62
174
58 82
74 76
165
21 61
93 71
210
46 57
73 59
169
87 62
86 72
215
69 25
88 74
166
98 96
58 77
132
42 54
80 90
66
93 7
81 87
238
88 49
60 86
111
73 6
78 51
161
55 66
90 80
93
86 48
78 93
96
84 75
68 88
166
27 56
95 61
208
46 49
85 99
207
41 60
61 80
221
80 41
74 78
120
74 73
66 59
154
94 55
94 88
164
0 4
65 91
248
14 0
51 94
152
11 1
81 95
175
25 67
95 57
249
19 27
86 75
87
92 30
68 83
138
75 97
89 90
90
91 38
83 57
192
84 61
56 55
218
75 82
89 95
171
19 96
71 92
205
3 81
65 99
172
62 39
80 99
203
18 41
50 96
203
61 38
96 90
68
30 10
55 93
120
3 66
60 91
74
92 96
98 78
207
87 2
51 71
217
44 77
73 88
195
12 43
85 56
210
95 76
70 90
152
88 12
53 55
149
2 82
62 93
200
64 52
73 87
217
0 57
97 61
124
90 56
65 88
