6.6743e-11 400 1000
178
25 13
61 94
199
7 38
69 77
159
43 46
55 93
215
41 33
51 97
231
33 56
98 68
204
42 33
79 72
200
95 51
97 75
58
88 77
56 65
57
52 25
70 52
109
3 68
65 51
56
24 82
52 91
222
37 46
70 65
117
71 17
95 62
171
22 70
86 59
130
63 16
69 83
135
39 92
93 88
104
27 46
88 80
129
36 3
70 69
206
87 36
98 80
182
20 1
60 56
56
78 87
72 71
147
64 6
96 88
160
45 95
75 87
85
28 69
88 71
200
74 79
61 90
74
12 74
81 94
224
20 3
76 53
142
83 2
91 58
231
86 18
58 76
161
77 61
84 92
217
64 42
82 93
77
7 69
63 90
190
68 14
69 62
95
22 4
64 80
115
83 61
90 51
141
1 62
54 70
236
49 87
82 52
183
1 29
71 92
216
88 84
96 87
157
52 84
64 81
67
77 46
97 50
67
12 43
63 71
68
2 57
61 69
136
92 53
97 87
64
82 5
92 52
228
76 61
95 83
142
41 0
50 70
141
95 87
58 55
208
67 25
95 62
180
50 98
87 73
97
94 89
93 81
237
4 12
95 63
149
95 8
78 93
97
17 36
91 92
78
16 52
66 97
63
66 78
51 63
205
42 63
94 99
135
8 36
52 91
53
60 41
86 50
88
74 97
91 57
215
43 35
83 83
109
13 99
62 77
116
25 32
82 58
172
18 93
84 80
72
27 86
86 84
215
34 72
82 89
75
67 56
90 71
52
89 32
60 65
153
42 81
89 81
74
34 55
85 95
219
71 69
54 98
110
28 14
53 94
210
10 71
92 80
202
25 82
50 93
237
31 48
79 79
223
84 6
53 57
172
22 28
77 95
76
43 5
51 57
98
75 67
97 60
117
82 62
57 94
182
56 31
63 65
135
71 88
98 72
74
28 44
91 96
55
47 25
82 50
100
51 49
59 75
149
74 93
89 83
231
73 17
82 87
88
73 75
97 59
223
93 33
81 51
184
8 59
59 83
90
60 84
59 94
170
54 95
78 94
146
45 27
65 71
79
92 59
68 54
91
53 79
81 86
134
92 72
56 95
201
42 37
81 62
153
76 84
78 58
154
5 6
77 51
172
86 83
89 66
56
69 7
93 59
152
66 95
90 94
174
30 97
61 66
161
45 69
79 88
125
37 44
98 83
214
81 7
74 52
172
81 60
71 91
177
19 45
89 95
61
89 69
87 91
200
56 53
93 98
238
37 75
58 77
185
16 42
96 68
140
9 91
84 73
130
80 2
97 51
121
16 63
54 62
53
9 63
63 62
52
38 52
79 90
249
23 27
96 65
222
39 57
82 81
123
35 13
65 55
132
28 29
91 51
82
56 54
68 94
169
70 96
86 60
50
64 9
76 73
162
85 95
78 51
167
42 76
84 54
157
63 87
88 87
54
44 71
65 61
213
62 32
94 83
100
3 85
61 66
81
8 78
81 66
87
10 34
90 81
194
77 90
77 59
117
48 63
76 62
216
61 27
62 78
105
98 30
97 61
161
27 42
59 69
111
45 8
89 71
185
81 67
76 65
108
41 32
96 59
220
75 77
55 81
238
87 38
99 88
134
44 49
70 64
105
29 25
98 50
170
15 87
54 52
143
89 12
71 84
187
48 56
89 63
55
78 1
91 95
229
92 29
95 73
62
70 78
80 93
168
70 14
66 85
224
28 30
67 63
102
73 53
66 52
163
19 10
55 91
60
36 22
96 52
232
76 66
60 52
157
74 23
60 79
192
91 3
69 72
158
72 26
79 83
240
89 46
89 59
194
12 71
75 80
60
43 14
67 86
53
42 45
74 79
104
30 71
96 95
199
72 5
91 73
53
37 15
74 94
129
47 40
73 93
174
87 5
91 67
56
89 23
52 50
113
76 55
52 93
224
58 94
69 98
199
34 2
96 88
60
39 69
64 59
62
69 33
53 99
211
76 58
58 52
130
13 65
61 56
116
57 82
81 76
179
83 77
67 63
231
89 26
85 70
203
21 84
84 73
176
94 36
88 54
202
55 34
93 68
68
25 36
62 76
156
41 5
70 91
158
46 23
95 97
184
80 3
76 55
66
62 81
87 60
102
21 14
82 57
166
68 78
54 92
82
11 0
92 73
181
17 34
83 80
62
86 64
71 94
114
52 60
70 78
189
37 30
90 62
119
68 29
73 90
224
23 22
98 87
67
82 68
50 84
167
14 99
93 56
235
4 20
51 89
176
33 80
93 63
125
74 85
75 93
247
97 69
56 70
147
27 90
74 81
79
23 49
57 94
217
29 81
71 73
130
3 1
67 64
198
2 89
85 72
127
6 71
94 76
115
34 24
55 94
108
56 73
69 84
163
51 1
76 95
124
77 75
91 77
144
83 26
50 96
218
72 25
54 76
166
80 91
87 50
85
61 60
94 94
80
47 9
54 83
173
80 7
87 51
123
15 47
96 56
165
73 76
53 89
127
46 55
57 57
84
18 45
91 97
162
50 77
63 60
105
70 35
88 85
209
36 60
67 74
234
93 42
81 57
198
89 87
96 95
96
93 81
78 64
84
57 29
91 85
170
76 40
77 93
67
87 2
79 55
106
71 89
98 50
102
85 98
95 93
232
26 40
56 77
56
37 62
97 64
128
39 84
79 57
168
82 76
81 57
213
70 14
64 84
218
14 38
82 56
162
24 40
67 90
230
29 97
61 70
78
97 0
59 67
127
35 37
95 61
66
9 74
60 88
175
50 59
65 91
232
5 3
94 58
174
43 91
61 54
206
61 82
52 53
171
39 82
95 56
84
19 25
63 95
81
22 20
62 82
189
67 16
75 94
111
66 21
75 56
177
9 12
66 90
113
0 61
68 53
196
95 89
87 67
208
57 49
81 83
171
47 72
69 89
224
90 2
59 92
67
23 71
62 76
91
73 90
95 92
193
86 88
55 88
125
54 49
82 83
87
6 6
97 87
225
2 63
56 67
63
27 34
61 86
89
3 78
70 65
50
60 60
99 88
67
0 14
99 74
232
57 61
50 88
155
14 16
83 57
220
68 20
56 99
231
86 41
56 86
56
66 88
76 68
167
92 36
60 67
141
21 51
92 99
122
60 6
65 88
143
85 8
59 63
143
50 46
82 80
58
70 38
57 75
99
45 44
64 91
55
65 85
86 76
159
92 50
88 69
159
48 63
78 94
160
75 39
71 60
59
62 69
96 80
221
40 81
72 66
204
59 21
99 72
195
2 81
53 89
92
66 98
94 91
196
36 1
63 71
57
82 31
63 71
180
96 92
60 71
68
81 77
99 80
231
83 27
69 83
236
19 77
68 54
114
21 50
74 52
137
7 11
83 71
72
77 52
73 68
88
52 88
68 71
152
98 52
87 87
117
65 23
79 86
135
29 2
54 59
155
66 98
69 64
201
71 86
56 78
196
45 18
90 99
65
94 53
92 63
184
17 80
69 51
146
21 36
97 77
78
45 35
99 96
167
38 97
77 88
144
96 87
88 91
236
43 7
72 82
135
5 66
67 54
74
6 50
77 97
155
62 25
71 51
64
68 20
60 52
148
47 46
88 94
187
97 32
66 80
119
83 17
71 74
102
21 50
98 58
151
25 64
67 65
147
87 29
81 67
97
80 15
61 97
168
45 84
67 67
212
86 88
65 95
108
65 97
58 81
115
72 84
50 91
241
29 88
55 80
113
73 29
78 93
184
65 13
82 80
132
20 94
89 68
85
88 78
62 51
246
46 66
57 70
248
97 63
93 80
105
75 43
88 78
153
51 14
96 68
233
40 2
71 55
81
1 91
94 70
213
10 16
89 60
70
52 8
88 69
248
83 24
54 73
71
71 28
97 74
67
99 59
65 60
172
6 41
61 74
100
30 87
99 62
121
58 84
54 73
148
30 73
96 82
85
75 55
80 56
174
39 75
85 75
56
27 98
72 64
190
61 66
79 72
161
15 93
69 71
71
94 71
53 52
143
61 87
95 68
191
20 44
69 82
208
69 39
53 87
241
70 77
52 55
51
97 16
89 66
168
60 38
92 63
216
81 6
76 77
76
70 20
54 98
191
43 56
95 61
149
75 54
59 71
77
27 22
90 76
166
80 95
60 79
172
66 47
74 55
94
46 81
82 66
100
40 7
70 96
236
25 45
66 61
186
40 40
66 64
132
63 32
63 63
73
60 37
95 91
236
26 85
51 82
60
11 35
81 51
131
26 89
50 58
194
42 95
61 86
108
95 18
83 72
159
23 97
89 69
118
24 8
92 96
178
27 57
60 89
158
49 20
81 86
201
26 82
68 93
139
89 51
75 84
72
75 45
67 95
64
75 65
62 90
117
21 18
57 95
231
30 55
94 80
111
76 81
74 87
197
77 28
62 86
205
10 58
56 80
227
73 96
86 52
235
5 71
68 58
64
74 39
71 94
70
54 5
94 96
178
72 95
81 58
187
42 65
97 97
248
43 24
78 73
179
99 9
67 86
220
59 1
95 96
