6.6743e-11 500 1000
177
43 31
70 64
113
40 93
64 51
56
28 63
98 75
249
66 54
89 91
149
62 59
66 90
235
75 8
79 98
120
62 76
92 63
182
35 28
79 72
102
93 79
56 80
143
63 79
70 61
102
30 62
54 65
98
12 52
51 75
193
29 46
61 56
73
92 90
63 58
171
94 10
90 66
52
22 12
73 67
142
38 22
87 74
192
41 23
50 57
244
48 50
56 73
110
99 46
57 52
164
19 25
94 58
112
56 62
82 84
81
54 28
53 69
93
78 64
71 84
230
21 79
54 79
80
53 41
93 79
112
70 43
53 81
64
17 43
79 72
99
60 54
75 55
213
39 98
83 93
112
14 25
54 86
70
95 66
97 73
190
42 87
69 63
95
64 77
52 64
146
58 64
69 56
135
70 71
66 77
55
41 39
75 69
246
93 91
67 93
90
4 84
99 82
223
28 79
94 90
130
10 86
92 88
231
13 24
51 51
231
92 8
79 72
118
71 70
64 63
238
50 54
88 92
99
20 18
58 77
164
94 58
98 76
238
24 9
63 53
127
21 34
56 72
51
79 42
55 72
143
61 60
54 93
200
22 44
71 70
232
31 36
64 76
182
73 16
71 58
136
55 38
60 58
114
2 9
83 93
107
45 88
83 69
199
27 21
91 74
150
79 6
83 84
93
51 16
76 68
223
14 55
65 80
124
24 44
89 76
159
27 86
55 54
212
26 3
77 89
119
34 90
76 50
219
94 95
63 72
220
18 45
76 85
83
22 11
88 59
64
74 18
74 93
81
28 56
95 59
157
87 78
80 93
115
25 62
85 59
238
32 30
67 59
160
30 44
54 85
168
24 99
92 94
99
0 27
86 79
196
66 88
82 85
246
96 51
62 71
133
44 62
71 66
61
65 78
63 92
221
62 12
59 98
57
88 49
78 57
175
66 5
91 93
50
94 40
63 97
158
75 32
98 53
98
79 16
60 64
92
75 37
85 55
234
34 12
71 74
214
77 49
95 83
70
85 83
82 64
100
65 74
77 78
215
44 26
92 94
56
30 87
94 81
117
8 17
92 52
129
43 66
99 56
238
85 76
92 75
167
17 28
56 82
246
84 0
94 92
79
83 99
80 61
77
98 78
82 87
190
99 67
75 85
50
52 24
99 85
96
77 55
89 65
85
89 12
54 72
184
3 1
62 69
86
42 97
84 84
225
3 26
61 76
129
85 78
66 83
237
71 81
97 66
210
61 4
76 50
67
77 36
55 73
91
54 9
93 83
241
21 10
88 96
232
67 25
60 70
233
42 59
75 54
89
31 66
66 52
57
4 69
92 84
212
3 77
63 66
148
23 59
56 69
62
83 54
74 81
94
33 14
70 86
110
86 77
79 92
105
50 51
88 59
95
65 21
90 98
228
1 47
66 54
157
20 18
99 91
96
63 87
73 81
233
2 92
86 71
81
87 76
86 81
177
9 78
77 93
201
74 23
77 53
242
95 12
55 63
194
42 11
93 59
117
35 94
66 69
173
92 0
84 62
230
12 90
85 90
141
58 93
96 65
238
59 58
73 83
164
34 80
89 59
179
86 76
96 66
52
98 39
54 94
82
44 27
69 97
129
62 88
56 89
159
16 77
63 70
141
93 86
95 77
134
72 7
73 70
68
15 72
69 68
219
46 1
50 63
217
90 44
83 79
146
11 90
60 64
174
49 55
83 69
194
40 53
76 68
165
0 38
57 80
221
60 99
62 67
60
8 36
66 52
192
56 49
63 53
69
21 29
98 68
204
3 64
83 96
129
23 61
94 80
80
43 51
71 92
58
57 4
57 66
125
6 10
63 84
221
92 3
73 92
92
39 98
94 96
74
58 25
57 98
52
61 30
73 97
184
77 5
74 93
136
84 19
53 92
150
58 16
60 94
83
59 87
83 72
205
10 97
95 63
170
27 67
65 81
150
22 15
60 80
198
81 16
61 83
86
29 33
77 94
139
16 27
52 50
51
49 56
71 62
96
89 32
65 73
56
32 26
56 80
192
24 29
62 74
87
47 60
57 66
126
86 8
58 95
188
16 46
58 87
188
42 33
57 79
57
85 37
67 91
91
46 34
60 67
110
22 7
75 59
179
33 88
83 66
144
79 6
94 62
140
79 52
81 84
188
20 92
83 73
88
69 16
86 86
229
93 49
60 52
168
48 83
51 54
231
58 50
62 63
154
65 3
87 83
98
31 22
97 69
117
14 59
95 88
50
96 20
74 93
107
57 63
67 57
159
17 39
54 69
180
59 23
58 97
96
32 95
66 80
80
75 49
87 94
73
57 96
89 69
181
52 28
86 91
122
77 2
71 89
131
96 71
70 90
204
18 38
70 87
84
69 17
63 60
209
9 85
54 68
200
85 0
93 54
121
95 26
68 98
118
91 81
73 64
164
11 70
57 82
134
26 66
78 55
89
13 64
83 50
120
85 2
57 55
228
35 78
78 73
205
59 41
57 97
82
27 61
95 95
135
11 31
87 63
242
1 55
57 57
236
10 79
84 71
217
64 1
76 52
192
67 58
57 53
74
70 37
85 54
165
16 41
54 78
103
11 70
80 57
169
59 93
67 79
196
70 96
50 60
147
60 5
58 64
119
48 41
97 89
83
38 6
85 99
92
7 3
62 54
237
7 73
52 99
174
50 45
57 97
202
64 44
60 65
73
53 34
76 71
200
32 4
55 88
119
8 83
87 77
72
62 16
65 80
166
12 6
53 68
122
97 70
85 86
208
70 11
82 61
198
38 14
52 80
94
85 50
79 54
124
95 27
59 86
113
15 4
72 75
119
93 47
86 66
230
47 76
90 52
132
54 50
81 70
58
33 16
73 94
62
52 20
57 57
211
61 70
98 78
186
97 97
66 79
183
92 61
64 83
234
14 15
87 90
247
56 99
95 80
131
65 42
52 83
224
24 46
74 88
224
24 24
55 72
90
66 57
90 84
180
57 69
61 95
95
10 42
75 51
57
67 34
69 73
71
65 99
87 98
141
11 72
96 67
218
6 7
94 85
146
65 65
62 56
126
57 51
54 87
232
38 94
69 51
207
19 23
71 74
208
45 17
85 72
92
44 90
75 98
238
43 96
52 53
155
5 82
69 62
211
15 44
98 51
237
21 60
86 58
244
4 16
90 89
91
81 81
81 87
156
78 78
83 99
130
65 7
69 88
136
66 99
51 54
166
11 41
51 87
100
19 83
74 54
160
8 47
86 91
239
14 49
51 67
200
58 0
88 67
129
89 54
58 97
242
1 13
52 56
54
37 6
62 73
62
11 33
76 70
97
26 61
79 64
179
81 16
83 87
121
37 18
68 60
247
81 5
61 50
186
67 54
78 73
81
63 85
57 92
242
19 41
55 70
50
71 99
88 81
57
8 4
64 94
226
21 94
94 58
132
99 94
69 51
79
5 32
74 94
64
68 88
58 83
73
9 85
68 97
197
22 6
50 56
189
96 84
92 60
91
88 43
94 92
58
29 73
67 65
205
6 31
67 73
166
2 99
98 76
171
4 25
83 93
156
18 82
93 53
62
38 44
88 51
184
61 61
78 63
80
9 71
94 88
76
93 5
83 81
93
8 2
97 97
192
80 54
59 60
225
5 24
77 63
243
38 99
63 54
218
34 36
75 78
130
82 56
87 76
115
91 69
69 75
139
75 67
79 71
134
4 96
61 89
183
60 82
88 72
125
24 92
70 61
51
79 42
70 85
118
89 0
76 60
208
45 49
70 83
127
66 69
58 83
129
40 66
90 89
230
83 67
78 57
155
22 10
96 84
92
98 53
63 84
126
14 94
78 72
234
49 51
84 52
58
2 81
72 50
243
91 81
90 78
122
0 33
70 94
196
75 89
73 97
90
67 73
95 54
97
98 90
92 97
232
25 5
57 87
99
38 30
58 91
230
43 13
59 81
63
48 79
78 88
171
2 28
82 91
199
72 88
87 98
166
42 82
69 93
50
1 43
86 90
61
1 23
56 55
110
87 20
59 61
166
89 82
75 68
74
16 67
65 98
103
50 65
58 98
119
53 0
90 73
139
65 34
91 90
71
62 3
64 59
73
98 77
95 62
224
14 36
85 90
132
2 43
91 82
62
91 53
76 66
184
63 7
50 51
154
53 73
84 66
167
11 89
54 67
108
90 41
83 72
77
79 54
86 79
72
40 94
60 66
218
67 52
53 81
219
76 88
56 72
212
48 91
59 75
152
52 83
56 92
186
10 72
53 65
199
47 89
55 91
57
7 61
95 77
61
33 96
71 89
89
62 2
79 87
171
63 89
84 74
121
58 62
79 83
61
18 82
75 59
76
37 66
95 83
232
94 96
86 67
215
90 6
96 77
219
87 1
75 84
123
89 55
89 81
68
23 43
52 88
149
20 14
50 88
116
96 70
87 62
82
95 77
54 74
143
57 44
80 81
234
36 54
88 73
127
81 43
82 50
85
98 99
89 55
148
9 73
85 95
148
14 79
54 96
221
50 39
72 78
80
79 13
86 68
67
82 95
96 50
64
47 85
92 64
137
18 63
58 98
205
37 47
95 70
193
36 41
71 93
159
34 76
94 90
223
90 9
59 55
136
96 21
85 83
90
0 72
71 58
60
20 14
86 50
215
29 43
89 53
100
65 62
54 85
209
63 10
67 51
72
38 87
73 70
125
45 11
69 78
168
35 38
88 88
121
34 55
59 50
73
23 51
88 88
228
50 99
51 91
217
40 16
86 57
63
97 32
60 61
217
51 29
68 54
239
75 26
78 73
134
81 46
86 58
219
86 38
79 71
189
95 38
95 79
132
80 45
56 81
242
37 98
53 93
107
31 33
58 83
159
7 17
77 91
95
15 12
84 81
197
74 22
52 92
120
47 76
58 52
105
58 94
88 92
213
23 50
83 94
133
52 56
99 90
132
63 36
69 97
149
42 44
89 74
246
15 96
50 95
125
44 50
94 86
184
44 49
96 57
229
4 93
83 84
53
71 66
63 68
141
60 18
94 85
149
92 81
78 66
192
78 94
80 86
74
81 73
82 69
127
75 0
84 83
209
2 88
57 82
216
77 73
60 78
223
43 29
97 65
121
41 7
95 51
223
70 26
97 55
203
47 84
68 78
234
58 39
72 86
115
47 4
82 94
208
63 67
84 51
161
43 25
76 54
139
4 78
85 61
201
21 64
93 51
189
84 35
73 50
56
78 15
62 54
162
29 64
65 76
164
42 39
93 57
219
21 98
60 73
156
26 77
78 78
169
15 19
71 54
138
37 62
66 68
201
80 83
61 82
148
50 46
56 90
243
6 61
87 65
118
64 73
53 95
194
25 66
72 59
196
85 99
68 85
103
53 38
71 86
114
69 84
76 64
175
90 7
74 84
127
0 4
99 93
155
66 37
96 82
90
95 81
68 75
215
7 79
65 68
128
1 34
98 97
79
8 25
61 69
84
65 48
91 86
67
30 44
78 83
128
11 23
51 74
130
80 91
62 89
247
96 17
66 50
147
93 79
51 57
204
99 43
82 72
243
78 89
74 73
106
99 2
78 68
50
71 0
89 82
135
8 81
81 84
226
63 83
92 70
64
35 76
50 65
219
89 58
84 97
115
88 4
74 65
118
76 17
50 91
