6.6743e-11 200 1000
130
72 72
75 72
245
80 79
66 50
110
21 61
53 66
163
29 63
84 66
224
95 75
94 76
126
33 43
59 67
206
31 49
72 80
57
3 75
76 87
170
89 99
68 91
242
33 6
72 71
217
47 48
74 62
93
19 38
55 76
228
57 32
65 60
79
40 17
56 82
218
7 4
98 58
75
4 2
76 59
127
24 26
89 74
198
79 20
96 69
137
81 98
58 94
196
77 73
57 86
235
62 55
65 92
210
67 18
79 66
193
55 93
70 67
246
90 67
87 76
88
85 63
57 69
95
32 17
56 74
139
63 59
51 53
178
21 15
82 95
100
77 39
56 58
197
26 54
82 89
63
97 28
99 50
206
17 47
71 88
123
32 30
85 88
185
53 16
61 57
135
2 7
67 64
111
24 62
51 87
56
31 0
52 56
181
1 12
53 50
224
35 25
63 56
222
29 41
50 75
242
58 62
77 95
225
39 56
95 99
92
95 58
64 76
199
78 9
59 50
133
34 76
82 68
249
75 43
68 80
76
31 72
69 86
58
27 63
65 99
72
25 93
69 69
89
28 70
72 69
239
48 5
73 73
232
18 74
54 58
137
79 36
74 68
100
87 78
77 78
52
22 0
72 77
92
92 18
90 72
115
45 12
87 63
170
62 96
56 89
218
94 26
96 97
168
26 98
78 55
105
28 60
89 77
52
10 19
94 95
100
6 60
73 97
143
21 67
58 57
129
36 76
75 73
182
25 91
99 60
203
61 65
93 84
202
14 36
81 62
158
91 64
61 64
67
31 60
67 90
139
43 70
95 78
69
39 62
73 94
238
38 50
84 51
183
20 53
68 98
54
32 8
73 95
246
35 64
55 79
152
77 20
98 96
122
61 17
63 61
84
63 51
52 72
197
58 6
56 70
176
14 24
71 60
139
88 6
85 74
245
6 27
75 72
106
42 96
60 67
157
11 51
76 73
166
34 22
92 74
90
18 52
62 54
92
21 96
70 80
208
47 25
99 66
122
97 73
90 66
107
94 26
99 69
220
71 37
63 56
216
67 96
52 84
231
98 26
58 52
169
33 13
79 68
184
2 43
61 82
95
87 41
62 91
238
99 13
69 60
164
65 26
60 81
69
89 63
67 70
247
30 41
59 83
210
2 69
53 64
166
95 59
52 53
107
15 92
54 59
234
30 75
57 51
142
72 21
93 83
239
84 31
66 70
93
35 80
96 98
139
58 14
69 86
210
13 45
56 76
67
82 60
62 99
141
35 44
77 63
128
60 52
72 62
176
4 57
55 64
201
21 55
91 59
241
36 69
97 56
145
58 26
75 77
222
21 68
81 59
201
35 37
51 61
210
8 90
54 64
166
59 67
78 87
152
50 80
87 88
97
15 85
62 55
142
82 29
88 64
63
77 65
78 51
178
18 61
75 89
72
45 5
94 83
223
75 35
76 73
214
11 71
78 79
124
58 71
87 56
148
2 22
73 76
181
36 4
93 51
111
50 24
59 58
95
45 32
55 70
221
78 36
65 84
57
38 60
69 67
126
91 15
91 80
216
48 13
65 52
91
91 15
74 92
150
6 89
59 97
63
97 20
55 94
114
15 51
70 52
234
35 30
61 77
77
26 45
99 77
91
15 68
62 82
91
1 85
82 99
212
3 64
58 59
208
11 23
78 75
181
60 62
91 69
71
87 46
75 98
136
93 41
76 53
208
11 46
97 61
243
62 26
87 96
120
13 6
84 84
241
46 65
84 51
137
82 25
75 76
57
66 65
70 53
194
17 63
74 55
164
0 49
97 76
88
56 99
85 51
90
50 94
97 88
137
22 25
54 69
249
69 29
84 68
189
97 62
68 58
121
19 23
51 74
166
2 14
67 74
137
63 64
54 90
110
80 77
98 85
186
79 34
54 55
163
67 96
55 60
187
28 34
58 56
181
24 24
99 86
191
65 73
65 54
170
92 16
51 52
193
38 88
93 72
92
41 88
98 59
196
84 98
54 76
192
79 10
96 68
230
21 11
65 95
87
84 65
67 81
85
57 24
99 73
100
87 68
79 92
87
28 90
67 72
232
27 16
85 63
73
46 93
91 96
64
56 33
65 98
76
91 85
61 83
140
79 86
80 79
158
20 67
89 86
239
5 71
86 66
142
30 91
90 89
171
73 5
53 79
90
88 55
91 82
149
77 74
54 80
157
23 91
77 79
162
50 69
87 69
137
81 14
53 69
171
10 42
73 94
163
31 87
69 53
72
45 5
87 51
