6.6743e-11 1800 1000
188
91 5
73 62
125
73 55
82 60
166
14 23
69 99
201
99 71
85 55
194
52 77
96 64
216
41 89
78 61
77
83 1
64 68
157
21 94
56 82
55
29 48
99 72
149
71 23
78 50
158
58 94
59 62
106
48 79
92 97
228
44 77
97 61
60
41 20
52 81
50
52 89
61 81
102
84 32
82 75
215
29 83
95 73
138
26 79
77 88
219
6 66
79 63
203
52 75
56 97
154
95 47
80 59
58
13 61
88 93
245
71 10
83 74
68
64 64
54 95
143
22 66
81 99
52
6 53
52 54
62
99 10
71 60
81
32 20
65 94
170
75 92
66 93
110
33 62
59 75
187
25 18
68 60
206
23 14
70 62
125
30 26
88 76
204
59 57
52 86
126
94 59
54 52
212
16 12
87 97
177
8 37
97 54
76
63 12
74 51
233
53 28
54 65
193
63 19
58 54
67
69 31
85 63
73
99 78
75 92
87
62 19
76 97
161
88 75
76 74
165
4 9
77 68
160
98 63
68 73
106
1 43
56 75
86
84 1
93 85
60
64 24
73 74
190
48 36
62 79
74
24 96
66 80
101
79 42
68 99
99
11 58
85 52
67
36 90
78 52
79
54 64
88 96
78
76 38
69 76
141
15 53
85 65
81
28 18
67 61
246
25 12
65 57
63
5 24
78 99
233
42 31
77 88
233
67 66
94 59
237
47 50
67 52
83
35 86
99 63
105
61 9
68 82
78
92 45
95 84
73
78 69
59 67
157
25 0
62 74
122
14 61
66 69
234
2 4
67 69
201
78 74
57 64
196
52 93
77 91
149
48 14
83 77
58
36 84
59 85
98
72 57
79 64
238
85 98
68 92
205
44 45
60 83
101
3 32
73 56
132
89 55
83 82
222
69 90
78 58
130
85 8
75 53
116
25 93
86 52
193
33 7
92 90
93
76 43
99 98
249
7 32
65 90
242
57 65
75 61
235
86 42
97 73
211
40 89
93 86
178
52 82
72 62
195
17 57
58 73
167
92 25
65 74
109
82 16
77 67
158
71 54
77 94
68
19 55
93 59
162
75 39
53 65
199
11 62
85 67
221
60 36
60 63
228
28 23
92 60
107
98 68
64 79
78
21 99
60 97
165
50 59
76 92
153
90 44
63 66
128
99 37
53 90
61
28 20
81 91
122
1 48
79 70
118
81 98
97 89
141
57 56
51 93
235
95 49
67 78
60
57 6
98 61
60
69 24
65 90
200
15 62
84 53
147
83 71
63 78
130
69 21
67 89
170
16 27
55 67
133
13 29
90 90
111
66 2
92 82
131
6 84
88 99
241
11 98
78 76
74
49 58
50 94
218
27 66
84 84
84
63 20
62 99
156
15 12
95 72
209
79 6
57 68
217
5 9
87 81
83
45 55
99 84
95
16 3
89 74
52
59 10
59 65
74
22 23
96 91
119
54 50
68 98
111
29 68
99 66
166
54 51
85 64
106
88 11
86 74
230
98 26
93 89
58
67 15
56 82
65
9 51
51 71
179
71 82
50 59
220
51 27
93 77
138
5 85
59 79
191
35 9
50 89
128
16 99
83 97
72
84 12
85 83
238
67 13
74 59
69
51 82
61 70
95
96 11
90 52
155
49 43
84 90
151
86 70
68 67
69
32 92
75 56
168
40 44
55 87
214
37 57
79 68
198
90 65
67 94
132
62 1
93 83
146
64 85
52 84
134
46 54
62 68
224
6 86
76 64
63
33 79
97 51
214
64 51
98 57
181
49 89
73 93
93
58 41
76 59
62
82 43
61 61
94
50 85
51 52
76
82 15
68 61
231
70 27
84 95
120
24 76
69 69
99
63 14
75 59
89
68 23
86 73
82
71 69
73 82
225
90 60
73 57
59
50 39
84 81
235
13 1
72 61
184
39 10
71 97
214
96 88
61 85
133
82 17
51 56
155
63 81
89 96
236
30 57
88 86
216
41 21
84 79
215
96 14
63 54
67
52 69
56 64
215
23 97
53 98
124
37 5
53 87
178
10 75
61 58
200
85 76
56 91
69
22 9
63 66
235
34 33
99 87
190
48 55
53 65
154
8 41
80 91
212
5 69
79 74
167
55 75
68 54
213
27 73
89 87
243
75 23
62 77
76
67 20
85 75
172
29 79
70 83
109
41 97
71 65
122
96 34
88 79
117
61 43
80 96
153
55 39
69 80
218
39 56
83 85
176
62 10
93 55
84
90 67
82 77
161
18 99
79 60
156
74 79
75 69
204
65 74
54 60
234
13 30
67 75
246
27 53
61 61
170
28 45
75 60
62
24 74
86 80
105
65 36
57 79
140
82 36
98 57
188
28 43
70 51
195
24 0
61 75
87
8 45
58 65
183
34 29
59 60
170
95 17
99 87
104
35 79
87 86
83
82 75
78 63
203
78 58
85 79
91
81 66
83 52
191
12 35
97 75
221
67 47
84 68
216
63 72
61 51
52
88 86
99 85
116
9 38
67 97
95
85 38
90 78
118
28 19
96 82
127
93 3
73 94
179
97 62
63 94
108
1 99
84 96
202
74 65
62 64
243
52 11
89 78
195
60 98
80 75
108
85 2
99 53
160
61 32
78 57
127
27 18
66 80
213
81 83
97 87
245
60 82
60 50
99
10 97
72 61
242
76 19
74 79
77
58 39
97 89
236
17 18
98 64
183
31 77
67 67
130
49 62
64 90
112
11 41
54 74
83
73 17
96 62
249
38 89
80 57
87
48 44
60 54
247
39 87
54 80
56
69 13
55 58
85
47 70
94 97
51
63 32
94 77
212
36 26
84 50
116
80 37
91 65
240
30 64
94 79
187
9 88
96 58
165
18 93
92 62
162
25 15
94 78
121
73 90
90 57
107
27 74
91 89
120
57 79
60 52
151
48 41
99 63
146
45 78
92 64
87
59 79
57 64
104
97 86
93 77
237
19 36
75 66
62
56 88
90 69
166
34 23
86 67
235
16 13
78 80
58
7 68
82 67
116
20 73
50 63
216
36 2
68 87
63
8 50
71 69
150
46 38
55 84
82
68 20
50 50
198
70 60
78 57
155
53 73
88 75
104
90 43
81 92
60
83 8
77 68
204
67 19
53 51
72
73 85
86 93
126
46 43
53 96
176
76 3
81 80
67
24 86
80 57
155
40 18
86 88
120
55 95
96 87
111
33 60
55 86
221
98 62
61 68
151
16 96
78 80
247
66 47
54 72
149
24 79
68 89
111
63 9
97 68
161
59 81
68 94
164
82 16
86 62
193
34 66
96 60
113
95 9
81 81
199
11 80
70 76
81
29 39
57 94
178
41 57
53 87
59
21 1
66 91
157
32 87
99 94
130
8 9
90 75
242
71 76
52 53
141
41 86
80 72
51
89 53
90 92
192
42 3
96 66
110
33 23
69 92
134
78 72
99 93
219
75 85
90 90
228
26 83
57 69
108
60 72
64 97
203
17 41
57 97
114
33 7
51 99
52
75 34
79 83
224
16 2
94 99
106
29 79
51 84
238
23 92
91 51
140
84 54
51 57
192
60 23
75 77
61
11 81
64 86
240
68 12
63 58
164
93 14
50 93
146
92 84
85 69
185
39 61
69 69
242
44 13
92 54
171
74 15
53 82
90
17 74
84 61
180
50 75
71 75
200
55 71
93 94
190
4 29
51 81
175
66 75
79 72
109
46 43
78 85
101
54 77
88 68
189
66 98
76 91
87
49 92
86 92
242
68 84
65 99
71
42 26
98 87
71
44 98
85 69
74
13 70
88 80
153
88 21
63 69
164
55 58
52 64
243
86 8
59 61
103
36 34
72 95
186
72 68
89 82
158
9 8
89 73
149
12 28
98 88
225
8 54
68 82
161
79 28
89 99
238
76 3
50 76
248
71 13
97 70
160
6 30
53 72
247
32 71
61 59
132
66 37
69 92
86
47 53
53 65
139
58 4
82 65
210
45 15
87 81
145
68 94
66 51
173
37 98
59 57
199
96 41
84 65
118
89 51
69 67
142
75 8
75 52
57
92 63
94 55
180
88 0
51 50
156
51 25
83 94
160
74 45
62 59
60
15 79
96 50
84
7 44
97 61
134
10 69
76 77
106
26 7
59 97
229
34 3
99 80
217
96 92
53 94
58
82 56
56 74
131
1 10
74 90
50
93 24
51 62
69
60 18
67 97
119
71 76
58 54
172
50 23
69 69
156
26 27
53 90
232
66 73
63 85
240
90 35
97 85
141
68 6
53 52
185
79 21
77 58
187
1 81
50 89
72
79 97
88 98
133
11 83
68 51
227
6 43
78 67
153
84 58
62 71
137
36 59
67 68
163
98 55
96 66
200
44 41
89 80
84
72 65
66 97
193
9 74
91 99
237
52 4
78 73
116
87 62
80 52
54
87 68
86 55
83
27 5
85 79
119
0 15
63 93
168
87 36
87 77
231
42 66
91 85
120
3 3
56 59
133
26 13
68 70
114
26 56
87 94
111
53 65
58 62
216
47 80
60 55
86
78 38
75 80
170
79 0
61 73
187
27 7
79 65
245
37 79
75 71
125
40 35
99 80
101
81 98
55 98
191
94 34
65 70
71
17 92
65 50
81
74 37
54 58
106
84 5
79 93
61
14 20
50 52
113
98 3
53 94
104
39 38
60 50
106
2 21
74 76
219
63 57
65 96
218
20 52
97 54
149
18 15
69 63
220
22 28
75 71
225
63 27
79 67
223
0 23
99 77
176
6 96
94 90
171
48 10
64 94
96
81 93
59 66
151
87 86
59 75
214
86 3
70 77
215
93 52
81 68
93
80 96
88 99
74
48 23
67 73
64
10 19
87 96
171
25 49
74 61
235
27 25
55 73
147
9 41
61 91
91
7 86
87 71
96
10 45
68 96
229
89 61
59 92
78
58 63
74 54
84
2 91
64 62
57
55 11
54 66
68
40 9
80 76
130
76 24
72 90
96
83 22
64 88
94
27 16
70 54
154
61 89
53 58
178
66 65
83 85
171
43 54
82 63
75
8 45
88 53
180
10 0
90 66
224
8 62
67 53
229
58 57
65 92
63
32 72
58 79
168
14 52
68 63
248
63 38
92 56
53
44 88
54 63
86
17 87
93 94
136
50 75
68 94
168
92 57
88 52
50
93 72
85 66
113
76 64
72 78
70
11 82
95 66
115
35 52
96 84
178
72 20
64 80
242
73 0
55 84
164
27 37
55 57
215
20 70
98 91
144
82 13
79 55
228
81 23
57 63
179
30 93
75 51
96
76 45
82 70
81
71 86
95 60
176
15 75
68 98
165
81 93
50 98
60
73 28
93 93
133
86 73
76 63
63
24 59
81 89
156
17 72
83 79
112
58 55
54 79
77
99 97
97 58
199
75 71
66 75
170
91 58
71 58
220
30 71
61 96
164
33 52
81 81
118
88 46
75 77
244
24 6
64 93
121
37 95
70 98
206
28 18
78 97
101
0 69
65 83
163
19 47
81 98
202
77 67
96 91
54
52 35
81 79
68
76 52
51 56
148
21 64
63 78
52
33 29
62 52
50
62 67
65 70
143
84 72
65 70
180
53 74
55 82
184
8 1
59 62
61
25 60
88 82
238
19 34
88 73
231
55 74
94 93
123
18 88
58 59
186
85 40
74 89
90
27 23
87 50
86
49 11
96 61
237
30 2
75 58
121
49 39
85 78
145
75 3
63 66
184
5 2
91 71
229
66 11
64 59
53
75 95
59 52
121
63 91
51 54
188
92 25
55 88
177
59 35
51 55
174
3 89
62 79
244
75 60
69 62
89
67 15
69 65
178
62 86
90 91
165
17 29
69 58
123
5 87
92 84
108
83 8
87 62
245
49 8
71 71
171
88 10
75 88
210
64 68
61 74
106
40 90
98 74
112
37 47
81 69
230
91 77
91 63
230
0 59
82 79
223
92 50
90 63
120
10 25
50 86
71
42 42
66 64
142
15 76
97 79
248
76 61
75 89
218
36 69
51 70
68
53 45
58 62
246
84 84
70 56
86
65 80
94 78
83
22 22
51 99
119
13 99
89 95
140
10 65
85 76
163
30 96
60 69
91
95 15
73 75
67
53 61
91 84
149
13 68
67 71
66
68 90
88 81
207
53 71
99 70
241
45 85
54 73
158
71 14
91 53
195
4 72
59 50
245
27 50
71 60
246
14 29
60 64
104
34 74
94 59
133
31 2
76 81
186
90 89
94 57
184
68 4
55 88
177
57 86
96 54
78
27 2
67 94
88
41 0
60 72
237
62 7
90 68
140
29 6
66 83
75
70 67
57 96
175
43 73
80 84
192
82 15
59 69
51
62 7
81 92
124
39 81
52 88
129
58 79
62 61
174
31 38
84 95
138
10 72
59 82
240
74 74
95 74
133
3 26
70 97
136
54 71
60 75
56
91 57
70 64
53
8 41
88 86
95
12 26
58 55
221
84 97
73 95
182
51 81
78 85
122
2 73
51 78
112
8 84
50 53
80
93 8
94 90
231
72 35
90 96
133
39 17
65 67
163
96 51
86 64
176
60 88
66 78
61
2 42
95 71
153
55 53
93 98
99
79 30
76 74
171
45 57
76 61
210
28 74
88 58
164
27 87
65 76
195
58 89
62 98
155
65 3
51 61
59
81 62
86 90
159
93 61
72 57
120
96 19
80 98
137
67 64
93 64
84
84 11
59 92
147
62 50
61 64
216
25 75
65 99
212
77 61
68 57
101
39 77
77 98
169
92 35
51 86
237
12 21
65 71
174
15 20
87 88
128
62 4
54 54
180
65 18
75 59
83
55 10
60 74
132
45 44
80 76
248
3 13
87 63
171
9 87
75 88
246
30 67
73 61
136
93 41
52 51
168
62 36
60 73
123
56 56
84 70
89
48 21
84 92
87
23 63
54 96
198
23 95
56 80
96
99 68
69 89
201
7 9
85 65
170
91 38
61 76
127
82 15
60 77
168
25 14
63 91
179
8 41
74 52
216
92 50
89 65
114
51 68
83 71
136
24 43
70 79
87
87 6
84 71
247
50 89
82 73
213
23 4
57 71
97
7 37
54 90
199
22 4
77 50
58
71 86
67 82
193
73 69
90 82
59
29 32
57 60
213
11 23
97 86
218
36 34
76 78
141
82 77
79 65
59
15 73
55 82
84
26 27
60 57
116
94 17
79 97
51
52 10
99 62
201
83 81
61 88
111
38 31
96 93
117
70 4
89 84
177
16 68
77 54
128
96 72
72 72
75
82 73
88 78
81
71 81
69 66
182
0 79
72 70
247
79 89
73 69
218
43 98
52 86
220
77 15
89 67
199
65 92
72 83
153
4 67
83 74
223
13 6
78 76
237
17 23
94 66
90
92 86
73 83
147
90 5
72 74
131
65 75
58 96
137
25 49
75 93
161
81 69
95 76
159
70 63
82 78
214
20 70
55 58
193
11 57
83 85
133
58 67
63 50
167
15 40
83 94
140
52 5
81 74
97
97 85
64 69
181
34 33
94 51
90
51 47
84 53
85
51 86
87 95
115
79 62
59 82
112
14 22
96 65
198
32 14
84 97
198
69 80
83 82
65
82 74
77 67
217
16 54
99 68
105
14 35
67 84
73
42 96
63 89
238
30 89
86 72
116
18 20
55 87
52
81 3
72 84
61
28 51
72 77
77
57 34
68 93
75
16 68
58 69
182
47 59
82 62
136
4 80
67 54
61
22 6
93 93
94
94 4
83 74
166
17 4
97 76
135
66 3
72 53
226
81 85
99 75
215
79 13
68 72
249
76 33
78 71
121
82 18
92 68
67
46 34
62 84
94
15 71
75 62
239
62 90
65 71
112
31 88
60 93
199
44 92
64 77
172
84 49
67 57
76
53 74
59 73
68
32 69
83 83
107
25 23
96 70
140
34 82
75 71
95
20 22
52 89
236
53 63
70 70
122
47 48
73 77
106
42 95
79 88
227
4 98
70 52
100
4 45
68 84
129
93 81
72 51
195
86 37
57 50
108
8 22
99 55
131
95 13
54 76
126
52 53
58 80
72
53 82
68 76
173
0 57
61 66
172
98 13
63 60
108
85 19
76 66
135
90 47
73 82
94
29 60
92 96
187
74 70
98 92
194
57 65
82 96
168
95 19
81 67
209
2 27
93 96
229
92 33
65 69
118
25 65
61 97
219
83 86
78 93
133
93 40
86 90
177
7 59
76 75
189
3 86
82 91
98
68 72
91 90
183
6 8
57 61
169
43 80
76 54
221
16 37
78 67
54
37 96
71 62
115
9 51
94 68
94
17 68
60 62
60
21 97
60 69
128
41 88
95 74
219
32 45
64 87
160
63 41
53 99
136
56 64
84 96
203
52 40
52 70
215
1 32
51 86
212
90 16
90 55
235
88 24
63 69
52
6 80
81 65
210
96 52
50 68
130
92 21
93 85
246
76 2
88 97
127
4 59
64 69
245
90 4
76 83
205
6 37
55 62
139
59 74
92 85
209
16 18
55 51
109
57 99
96 85
195
56 13
82 51
72
89 48
83 65
65
21 20
82 73
78
8 62
50 87
101
18 98
51 67
75
0 78
64 82
146
79 79
80 54
113
81 79
94 54
114
64 71
96 87
249
59 65
54 57
61
2 10
79 81
205
8 6
88 55
172
19 4
58 53
101
87 16
73 82
233
44 97
86 98
91
52 99
58 52
106
69 63
94 61
148
50 66
72 56
140
78 80
83 59
136
2 12
95 76
125
94 9
59 69
130
8 12
64 82
169
27 41
52 88
73
18 86
95 73
242
25 15
74 70
61
37 9
87 63
184
96 40
61 80
108
24 60
95 68
138
86 37
75 68
140
64 91
67 60
159
32 5
75 86
59
36 49
64 98
173
54 32
62 72
116
24 30
98 90
119
38 30
50 57
213
94 49
60 79
61
15 40
79 95
92
28 4
52 79
93
86 54
76 97
200
56 15
57 75
207
40 96
56 95
140
5 10
92 86
217
82 99
95 84
163
51 77
58 92
204
62 37
86 92
239
2 43
70 97
61
66 6
51 51
72
64 94
80 80
156
30 47
82 90
227
11 54
98 78
121
85 34
77 85
221
22 26
74 75
94
82 37
88 62
234
82 37
67 50
115
64 58
98 97
148
4 24
52 61
102
87 32
70 89
216
96 61
88 90
122
75 84
96 55
114
83 91
91 98
150
49 15
62 67
249
86 67
79 56
189
13 60
50 78
233
63 44
86 80
51
20 4
59 79
116
50 93
93 52
191
59 54
73 92
171
91 94
52 60
122
62 51
79 87
214
25 21
53 79
111
57 81
60 83
119
55 99
53 69
200
8 13
55 59
81
1 83
95 74
153
46 46
84 68
177
57 82
62 52
212
95 65
98 71
107
49 40
62 64
205
25 14
76 63
82
11 46
71 84
156
19 89
57 52
153
42 79
83 62
106
0 26
98 53
148
90 60
76 99
52
90 54
69 79
168
16 12
98 79
139
87 35
87 58
97
18 64
76 89
203
3 97
50 53
203
60 3
53 95
86
9 50
79 78
81
41 97
78 99
241
14 88
96 79
203
60 78
67 72
139
64 77
81 94
166
34 49
94 76
239
94 64
94 51
226
43 82
81 69
172
21 61
90 88
119
18 41
65 82
87
43 71
65 53
224
16 69
97 60
110
13 2
53 57
109
87 83
52 55
70
13 77
67 91
155
58 10
92 75
126
15 12
67 71
232
38 97
57 98
137
59 59
68 50
162
1 12
67 99
103
96 71
62 69
63
75 24
50 73
217
64 99
70 83
184
67 65
66 72
227
75 60
62 86
243
24 1
52 96
93
24 51
70 89
138
47 52
76 63
149
27 31
66 65
148
83 49
72 67
249
34 94
83 76
196
36 71
69 73
138
21 66
56 64
193
10 53
66 90
136
99 41
57 66
67
6 16
83 51
130
80 52
81 64
213
2 61
84 99
222
2 39
56 95
58
9 88
81 69
127
72 57
73 77
231
39 46
97 90
75
52 20
87 55
233
0 20
69 85
186
10 9
54 88
216
95 47
68 77
76
27 5
84 50
201
80 84
74 92
130
96 19
74 82
233
44 15
52 83
165
62 71
60 78
118
57 44
72 65
177
29 93
94 54
113
80 57
52 93
106
71 23
57 52
98
22 88
73 94
125
95 60
88 89
155
34 9
75 64
108
18 93
99 87
64
57 50
96 96
59
21 2
57 82
79
95 80
75 53
120
37 30
69 65
77
81 22
88 61
108
33 72
59 76
183
62 43
89 90
110
44 51
85 81
101
16 62
66 96
143
96 68
86 82
218
8 9
72 99
99
94 59
87 82
56
30 15
57 68
122
60 28
61 66
146
76 67
65 64
92
33 9
91 90
169
0 58
59 80
72
18 81
65 69
56
83 75
95 88
190
75 60
78 53
186
47 49
65 62
62
74 6
97 98
115
7 69
51 67
169
82 39
60 87
200
87 95
84 83
232
96 25
78 57
127
79 46
60 74
246
69 89
87 70
168
8 35
52 75
60
44 96
84 94
206
81 94
79 94
167
5 78
86 66
185
34 43
69 67
94
8 63
84 63
197
21 83
59 56
176
5 18
62 72
241
9 78
72 75
138
1 42
58 93
139
3 29
96 73
73
11 19
85 83
195
68 31
89 67
79
57 45
67 87
221
45 78
55 80
70
98 69
64 73
208
95 62
87 64
93
8 37
70 55
243
3 0
69 64
244
64 43
80 53
81
61 75
57 79
66
76 49
72 66
93
36 77
91 88
75
28 82
87 83
50
89 79
93 56
111
88 2
56 75
221
33 9
90 82
190
91 0
69 69
63
96 12
50 51
237
32 26
61 67
171
90 19
77 61
233
30 72
99 72
86
10 43
77 69
150
79 61
80 91
200
42 56
57 96
243
35 85
54 77
97
76 99
62 87
53
34 73
97 85
233
40 73
94 96
69
56 46
90 50
136
46 1
97 81
106
85 26
53 93
91
54 90
80 67
166
5 73
60 52
152
84 38
84 94
228
82 13
63 86
222
64 25
56 71
214
32 27
72 51
237
65 42
62 94
195
37 10
63 50
97
3 4
98 83
137
11 14
50 69
176
25 94
65 93
233
44 59
60 65
216
54 55
99 81
68
11 28
80 55
126
34 55
90 79
182
4 66
88 93
155
82 22
65 82
197
24 66
83 91
86
40 57
91 90
139
69 61
66 51
50
23 77
59 84
164
75 67
62 68
113
36 75
60 95
103
28 44
85 77
63
45 65
58 54
136
69 95
98 57
187
78 7
94 61
237
13 27
97 62
225
73 78
75 62
185
20 65
95 63
57
12 76
82 52
170
78 90
50 91
176
9 79
92 54
53
19 91
56 66
166
84 44
58 91
161
25 76
91 81
122
20 39
93 85
152
86 57
99 82
86
78 59
65 95
220
59 1
67 91
167
61 57
51 53
171
27 64
96 97
69
87 19
54 89
232
62 93
76 68
163
85 56
52 91
202
55 13
54 63
122
63 80
83 86
164
98 7
56 92
196
26 13
54 83
232
97 15
86 96
173
92 9
52 60
96
65 65
78 51
121
9 74
62 85
192
71 1
95 92
128
8 38
73 54
114
91 38
85 62
177
96 37
50 69
199
15 18
69 66
145
45 38
75 54
107
26 99
91 79
72
82 59
65 82
107
53 99
63 98
90
50 27
99 87
202
17 38
56 69
186
94 15
69 82
221
70 91
72 98
64
31 72
56 96
96
5 53
54 52
68
81 92
81 71
230
71 73
93 97
78
8 86
70 74
129
11 46
96 50
186
20 64
62 67
176
17 66
68 84
221
62 2
75 55
94
1 85
85 65
144
73 95
70 54
143
16 85
87 56
62
51 92
62 82
165
78 10
94 83
198
49 56
61 60
174
47 54
72 75
84
17 71
77 57
237
63 52
58 55
200
53 67
51 54
115
62 69
54 95
58
11 43
55 57
122
12 34
61 71
184
35 5
64 53
62
16 43
98 77
127
18 78
84 82
171
53 47
94 85
58
89 96
55 71
144
39 43
65 58
53
72 92
98 88
239
43 50
78 57
243
8 34
66 63
194
15 85
72 97
211
68 57
78 50
224
24 97
55 65
89
0 68
58 63
150
9 52
60 93
189
96 88
52 99
115
89 43
92 82
163
2 94
96 82
232
45 8
73 56
151
94 97
61 53
102
65 5
98 63
225
88 4
53 74
190
98 89
71 81
193
15 95
79 95
162
37 79
86 59
160
35 10
65 54
198
20 9
72 64
170
27 89
65 59
180
54 1
85 81
226
30 24
71 93
209
0 7
67 96
88
79 58
65 74
145
24 22
86 65
196
78 88
99 73
193
50 56
87 50
235
13 26
71 67
84
29 26
74 86
96
33 25
51 75
50
25 72
90 74
64
28 70
96 94
127
4 39
89 79
243
67 65
82 56
239
11 92
78 68
87
55 64
91 72
156
14 22
96 82
204
69 46
90 84
167
29 11
90 71
121
7 14
72 88
142
64 27
97 55
244
13 92
65 52
205
37 8
92 71
86
90 75
59 57
182
72 74
95 64
164
61 37
75 72
83
55 14
71 99
202
13 43
95 66
178
6 21
94 68
200
69 54
61 93
180
37 77
91 54
234
80 68
90 95
106
56 30
79 61
179
22 15
81 93
170
54 23
91 76
98
47 28
71 69
60
99 51
55 97
192
74 31
78 73
66
58 31
94 75
139
9 54
97 62
241
73 84
62 95
164
90 46
65 62
114
67 24
72 65
122
55 9
84 98
186
15 67
92 96
111
98 36
50 71
98
84 14
61 71
148
57 87
99 88
223
74 4
69 92
248
29 16
65 55
163
82 41
88 81
176
76 42
63 74
226
79 72
95 62
141
33 10
50 98
184
55 73
65 60
176
82 58
66 57
99
9 21
54 83
199
96 9
85 75
212
10 53
65 91
57
27 84
83 90
128
58 75
85 85
126
46 11
69 60
64
92 59
94 73
96
55 73
98 94
90
52 56
50 52
219
34 10
52 97
169
77 75
62 78
115
23 54
64 63
144
75 77
50 86
219
25 84
79 76
174
87 16
71 78
239
33 97
94 74
85
21 43
73 65
83
79 30
95 59
145
74 3
92 70
176
26 91
67 52
207
36 28
56 97
209
53 86
60 92
150
6 79
94 71
181
26 7
66 61
221
19 6
79 97
111
72 24
76 90
142
4 49
96 80
162
33 39
83 65
145
62 17
91 53
209
98 85
98 85
164
6 9
56 85
185
30 99
89 60
208
40 4
84 64
237
75 26
94 72
160
61 19
75 74
154
10 83
69 52
208
30 68
54 64
186
53 52
64 69
94
68 29
96 84
154
22 23
97 79
68
19 89
63 82
194
49 36
89 54
220
7 64
80 50
63
84 88
59 66
150
41 10
97 68
187
22 72
53 59
120
92 30
62 89
208
98 85
91 59
139
7 29
81 99
189
69 62
79 74
131
91 24
95 72
240
17 59
70 63
171
0 35
76 65
64
61 75
84 63
202
15 2
51 61
246
66 50
74 66
97
51 99
71 90
198
32 81
96 65
104
81 38
56 57
159
83 21
84 70
168
89 74
87 83
242
87 30
98 58
64
47 5
96 65
170
29 65
80 52
225
21 58
65 56
79
87 17
89 62
171
13 82
66 62
200
98 55
63 89
148
71 3
70 95
117
85 17
69 96
218
27 23
79 91
95
48 70
82 82
137
65 5
68 52
83
75 54
93 83
190
47 81
78 61
169
95 30
78 55
166
1 73
66 95
182
36 40
74 80
120
30 67
69 87
200
73 20
55 75
67
36 65
79 66
216
59 35
92 61
188
17 29
75 89
233
17 72
54 69
92
72 42
79 74
93
50 74
51 67
107
68 86
54 96
247
41 12
76 59
84
55 99
90 51
182
62 87
58 50
69
0 92
66 91
80
42 34
53 82
143
41 89
85 61
145
48 11
70 89
176
71 23
76 81
211
65 14
64 76
174
8 95
86 74
226
72 54
86 68
178
28 63
76 69
213
87 17
56 63
209
81 89
73 80
209
37 92
70 75
103
15 49
73 63
103
80 89
59 77
116
22 5
77 94
148
44 10
73 88
52
15 49
82 85
88
76 94
69 77
246
20 80
93 61
244
34 64
91 74
143
99 92
89 65
176
49 65
55 72
224
5 76
61 91
187
5 79
56 65
127
38 61
72 97
233
88 43
69 67
131
62 10
77 80
151
95 6
80 52
100
56 28
70 57
117
1 96
61 75
210
74 54
51 98
96
47 34
51 86
166
14 68
50 78
141
59 31
85 88
189
14 41
98 96
86
97 15
90 87
160
94 97
98 85
148
82 83
70 95
83
90 13
94 97
240
75 91
79 99
63
22 89
87 77
121
52 63
52 70
195
2 30
65 91
200
99 41
88 84
71
52 69
67 61
246
60 1
53 73
91
92 36
65 64
131
30 87
57 83
185
37 30
72 87
155
15 87
71 56
204
40 77
88 58
59
41 54
79 71
194
18 15
79 88
135
66 69
55 68
175
85 3
90 64
209
79 19
75 77
152
52 81
89 94
142
45 56
77 84
76
92 30
69 94
73
40 82
50 91
145
5 66
81 83
195
52 44
71 76
78
4 78
74 82
245
80 25
61 92
108
93 19
65 52
162
49 26
69 55
249
86 52
87 54
169
82 1
79 71
55
7 51
84 60
182
61 57
50 64
74
21 74
77 67
138
55 82
87 88
124
39 37
94 62
179
47 31
53 61
227
6 68
80 86
240
88 20
85 53
140
11 27
95 61
90
79 99
87 95
116
27 22
86 57
123
18 86
99 72
123
70 1
90 79
150
10 22
75 90
197
5 30
93 59
52
93 99
97 81
232
21 47
56 61
57
95 86
59 77
146
12 50
82 66
152
4 67
57 65
131
90 12
73 86
133
75 88
69 78
124
68 11
74 95
127
11 54
82 72
172
34 68
87 86
66
54 89
54 72
163
18 54
90 53
192
29 87
65 69
100
78 43
90 69
53
96 96
70 66
230
40 40
76 65
77
67 83
56 83
171
62 47
50 90
152
89 34
53 83
55
98 34
55 85
238
53 38
56 86
223
48 17
82 63
177
67 93
76 94
173
73 68
58 85
226
94 40
73 65
247
9 22
58 97
116
48 87
73 69
107
40 92
58 55
74
51 84
79 92
227
99 67
55 53
57
45 79
96 53
70
19 2
99 82
179
36 48
68 77
109
12 86
94 52
220
28 76
68 73
209
88 51
54 58
243
33 17
70 88
231
72 10
92 50
223
93 29
59 59
163
45 21
73 75
139
49 48
71 70
220
72 29
90 58
128
57 3
93 63
130
3 45
95 54
98
27 78
87 91
236
60 6
81 83
83
79 25
95 85
151
76 57
65 75
66
70 4
69 74
113
64 54
58 68
112
88 66
59 89
226
65 27
62 86
99
87 22
57 80
232
14 81
59 61
231
15 27
51 51
84
7 66
84 51
168
3 13
52 56
212
81 34
73 80
93
45 29
59 81
104
43 65
76 68
204
56 1
54 71
159
70 55
56 67
104
19 87
95 57
223
32 72
54 56
57
85 50
83 52
244
50 58
78 89
177
79 95
66 85
185
24 44
63 55
80
0 11
71 52
248
45 27
84 80
199
36 89
91 84
119
51 80
72 69
179
17 98
83 60
236
78 95
52 60
141
15 40
94 94
86
74 94
76 83
210
65 82
68 96
208
1 65
86 59
73
35 90
50 92
70
97 78
88 50
151
81 94
88 66
177
84 53
86 53
110
21 13
59 75
191
26 35
94 92
113
86 17
62 50
86
92 70
71 85
183
67 86
52 66
207
7 93
97 91
96
12 53
80 69
72
65 60
55 98
111
72 11
63 97
184
84 35
70 77
207
58 60
78 76
162
71 33
74 72
220
27 70
89 83
107
1 57
55 74
206
69 35
82 81
132
17 67
94 68
239
6 27
53 99
134
36 11
85 58
212
5 30
65 91
244
22 50
74 98
230
11 4
85 51
195
53 35
54 64
149
33 3
54 58
239
18 94
54 77
203
85 40
83 59
152
36 5
53 75
110
10 57
58 74
245
93 69
84 50
149
39 52
62 83
244
56 22
51 62
213
43 17
76 50
127
34 2
77 63
237
36 25
99 99
144
71 97
97 88
105
1 87
72 96
213
46 40
54 72
248
22 35
85 91
200
37 70
83 84
67
61 24
73 53
212
70 48
88 83
170
75 40
87 71
50
79 37
59 96
234
44 96
88 58
181
8 8
95 68
194
21 85
91 55
96
91 67
53 69
229
93 89
62 56
182
51 6
55 62
110
1 48
56 56
189
66 87
58 50
113
45 44
51 84
86
20 83
52 77
75
93 6
63 69
157
71 3
65 59
226
63 19
78 78
171
15 69
71 88
73
17 3
88 71
168
71 57
85 91
125
43 16
87 68
58
91 75
84 80
56
6 8
86 72
184
8 43
83 51
179
87 77
98 97
177
7 17
58 50
242
25 25
95 88
162
20 96
78 55
157
37 14
86 63
125
31 99
50 83
217
29 65
62 56
177
29 33
85 87
240
12 79
69 65
107
68 79
87 77
198
1 36
99 85
139
48 13
98 72
51
13 39
95 82
127
30 62
99 59
167
80 49
66 79
150
47 38
68 70
236
4 68
56 87
104
19 28
51 54
169
40 7
90 85
188
52 62
73 70
151
74 38
69 81
92
58 33
53 92
176
22 28
66 80
178
44 36
93 99
247
50 18
53 88
90
18 28
50 92
193
38 45
79 70
160
12 12
54 68
216
35 46
78 90
153
65 68
69 97
58
37 97
87 60
143
15 51
95 63
165
41 58
78 56
222
93 16
86 84
97
82 50
90 84
60
10 37
87 77
79
34 35
96 69
71
49 64
77 88
246
37 55
61 89
116
29 61
96 59
215
48 58
95 97
141
82 10
87 51
69
25 83
52 53
173
18 26
64 72
95
70 20
60 84
133
71 52
61 63
67
22 78
78 66
217
88 9
60 51
227
93 21
76 52
197
53 77
51 65
117
22 62
99 89
182
1 73
86 53
115
16 73
91 87
96
0 6
57 86
60
80 64
68 56
157
96 55
73 60
247
87 79
69 71
86
42 3
59 88
230
32 3
92 98
73
0 95
81 73
109
97 85
93 90
166
1 47
59 64
124
38 13
85 61
57
88 50
88 51
97
43 81
80 81
135
77 54
79 87
208
67 96
86 58
110
83 24
90 61
244
53 87
51 83
188
51 92
94 79
241
27 78
62 84
59
16 71
58 86
248
4 97
55 65
143
81 77
89 78
171
78 23
56 76
229
48 17
98 82
244
78 73
59 74
190
30 83
72 59
240
71 7
74 97
78
1 40
68 59
142
91 82
60 71
249
77 50
85 98
227
58 94
68 56
68
4 96
55 50
76
12 43
90 99
186
30 77
88 90
248
72 82
53 92
82
56 41
91 62
191
36 39
95 99
206
44 69
72 60
199
17 38
87 64
157
64 2
92 89
104
75 39
81 76
178
23 59
73 86
114
12 77
79 52
210
98 9
71 54
122
60 53
69 89
249
22 48
87 66
116
77 70
97 91
60
8 22
58 85
231
36 2
54 95
215
15 57
61 65
239
67 40
81 51
136
30 0
66 60
69
39 27
70 98
86
42 59
94 96
203
98 29
74 91
103
84 58
75 70
195
65 61
62 64
197
15 51
63 79
81
90 48
97 70
61
8 58
54 55
154
35 58
99 53
112
9 8
80 96
85
42 91
56 50
54
59 99
78 69
72
29 3
75 65
228
36 28
83 86
192
44 42
97 78
145
5 40
86 55
236
29 40
92 80
187
92 36
56 96
122
11 71
86 51
86
64 31
67 74
99
12 67
95 93
159
85 89
96 67
173
86 5
85 52
128
21 90
88 72
79
9 95
98 90
247
80 29
53 63
199
20 63
56 61
67
97 23
90 54
145
95 77
82 81
82
24 12
86 53
112
81 35
75 74
232
56 73
87 62
112
50 63
77 84
108
0 52
56 58
92
36 3
87 89
120
1 21
76 94
237
61 8
84 71
239
58 3
67 95
95
80 7
94 97
207
46 57
65 59
154
21 51
90 92
108
13 62
58 59
190
69 98
69 53
103
74 42
90 61
141
47 8
57 74
243
65 81
93 89
180
94 96
88 51
237
3 61
72 52
213
71 44
98 82
192
40 86
99 67
230
10 8
82 80
67
66 73
65 82
59
13 65
68 55
203
30 94
97 56
104
91 72
54 75
91
42 68
85 84
94
45 66
96 54
128
72 23
56 96
139
23 57
62 52
241
59 55
64 73
156
36 28
55 99
242
73 91
75 85
160
91 79
85 56
240
8 86
84 64
216
91 55
57 89
205
64 33
56 64
130
86 72
72 68
242
65 61
98 65
92
27 28
86 85
214
22 27
91 72
206
48 39
80 99
55
13 54
69 72
222
93 2
71 58
165
84 50
68 82
82
48 26
62 61
234
39 75
99 56
183
38 14
63 81
121
19 39
61 84
90
15 8
67 84
88
69 1
84 72
139
60 54
67 87
74
92 21
79 66
142
93 1
82 82
208
73 53
90 78
136
98 18
54 52
67
6 92
65 87
190
21 76
66 52
141
87 29
95 83
217
46 27
62 62
130
67 71
51 56
59
71 92
96 58
126
39 77
64 82
156
93 74
78 77
209
7 18
54 98
154
33 17
80 50
197
53 83
89 67
104
81 76
84 77
230
62 53
87 69
228
13 77
56 73
242
27 34
83 51
83
50 56
56 68
182
41 66
83 85
180
9 91
69 64
96
74 44
65 60
164
92 38
64 77
50
48 71
73 77
183
79 60
79 86
187
97 68
56 79
80
97 9
75 91
68
69 89
99 95
186
40 59
86 80
156
58 81
58 54
183
21 88
76 62
150
44 49
80 99
52
42 31
72 50
217
64 70
65 89
163
26 77
58 55
215
91 11
68 75
201
58 8
70 72
184
21 24
75 80
152
56 33
85 96
181
55 63
54 95
173
82 60
66 51
242
29 66
91 83
197
49 34
59 55
119
35 91
72 93
111
7 97
93 67
142
8 48
93 99
63
56 74
76 95
72
42 87
72 53
134
8 3
60 85
117
52 7
50 55
124
47 16
85 83
242
86 25
76 50
131
51 13
60 87
177
99 11
65 71
171
18 57
93 80
128
50 49
54 82
50
72 8
91 99
108
66 91
93 94
193
9 25
65 96
219
26 73
96 69
243
4 90
72 63
197
22 94
76 97
176
85 49
98 99
176
91 9
53 95
84
30 40
86 93
147
11 65
84 74
107
76 69
83 61
99
79 8
55 73
105
6 49
50 92
104
9 71
66 97
64
8 84
79 95
144
44 42
68 57
180
40 14
76 59
123
36 60
83 52
244
32 59
52 50
135
23 7
54 94
141
40 9
56 99
70
0 45
52 66
69
16 47
56 61
94
66 36
90 83
51
99 27
79 85
153
86 70
65 76
193
74 69
70 83
230
65 3
70 80
69
19 51
62 86
227
98 32
65 95
88
44 96
81 90
174
52 93
72 60
219
93 5
89 93
164
44 75
57 79
166
11 99
87 85
175
71 64
59 76
239
55 66
56 83
239
2 57
70 91
124
25 62
57 67
216
32 81
63 61
241
64 79
67 54
153
31 80
56 74
141
22 15
99 98
181
58 87
80 83
180
94 59
76 58
201
60 74
87 85
175
17 27
83 91
86
13 44
70 67
171
86 10
61 96
237
0 79
62 95
131
71 28
86 77
199
10 79
64 59
150
93 86
77 69
177
23 5
72 92
96
35 14
62 84
146
41 71
68 96
55
96 29
57 76
234
36 25
87 95
200
25 47
66 96
103
21 23
65 78
195
81 74
60 82
145
33 28
77 86
152
6 41
69 50
65
47 35
82 51
136
29 54
50 61
147
25 64
95 70
242
19 67
50 76
132
80 21
60 65
207
51 69
70 66
123
7 31
83 70
91
89 6
67 72
141
34 19
89 68
81
8 60
86 52
58
60 84
50 89
120
69 98
64 73
139
46 46
66 98
131
24 89
61 72
144
82 13
81 80
73
93 11
63 82
182
98 40
81 92
248
32 62
85 67
96
82 9
59 94
150
51 77
99 77
112
64 23
53 97
147
14 20
52 93
229
45 75
67 77
128
81 27
97 62
66
8 61
57 50
67
35 3
80 68
236
3 83
82 53
108
52 52
95 74
107
22 3
83 54
239
12 84
99 72
209
60 39
91 69
67
44 89
59 54
126
44 91
96 81
