6.6743e-11 2040 1000
156
-67.000000 36.000000
-92.000000 -10.000000
87
80.000000 -56.000000
57.000000 90.000000
228
2.000000 59.000000
-73.000000 -25.000000
223
85.000000 -89.000000
65.000000 -41.000000
229
-90.000000 60.000000
-79.000000 72.000000
160
19.000000 57.000000
-92.000000 -33.000000
166
61.000000 91.000000
-53.000000 87.000000
193
17.000000 43.000000
-63.000000 62.000000
108
-59.000000 83.000000
66.000000 -46.000000
184
-9.000000 57.000000
-87.000000 -21.000000
145
-80.000000 23.000000
86.000000 -7.000000
247
-11.000000 -20.000000
-90.000000 -32.000000
111
5.000000 58.000000
-54.000000 -11.000000
222
69.000000 11.000000
89.000000 75.000000
115
-85.000000 -72.000000
82.000000 53.000000
236
-0.000000 -42.000000
-61.000000 85.000000
71
-86.000000 -4.000000
-96.000000 99.000000
116
60.000000 18.000000
71.000000 -32.000000
249
33.000000 92.000000
80.000000 66.000000
147
77.000000 -64.000000
74.000000 87.000000
213
-71.000000 -15.000000
-93.000000 -17.000000
186
28.000000 -89.000000
-71.000000 87.000000
69
-41.000000 84.000000
60.000000 62.000000
113
80.000000 -25.000000
-61.000000 -8.000000
230
-2.000000 81.000000
-97.000000 -41.000000
86
53.000000 -49.000000
63.000000 -45.000000
216
-16.000000 -89.000000
85.000000 -26.000000
135
60.000000 32.000000
66.000000 -41.000000
240
-88.000000 -15.000000
-55.000000 -22.000000
216
2.000000 58.000000
-91.000000 -46.000000
227
42.000000 36.000000
84.000000 76.000000
81
61.000000 -67.000000
98.000000 74.000000
166
-17.000000 -9.000000
81.000000 91.000000
238
97.000000 -83.000000
-54.000000 -5.000000
119
-59.000000 76.000000
-72.000000 73.000000
143
-21.000000 -60.000000
-98.000000 94.000000
99
17.000000 -82.000000
69.000000 88.000000
74
-95.000000 -10.000000
-91.000000 -17.000000
77
62.000000 -11.000000
-77.000000 78.000000
244
-68.000000 -35.000000
52.000000 -8.000000
211
-63.000000 81.000000
52.000000 96.000000
104
-99.000000 -6.000000
-97.000000 82.000000
244
5.000000 95.000000
-58.000000 -44.000000
57
73.000000 -81.000000
-57.000000 -22.000000
54
84.000000 30.000000
-85.000000 -2.000000
139
80.000000 51.000000
53.000000 -22.000000
159
-2.000000 70.000000
-51.000000 -41.000000
180
67.000000 10.000000
50.000000 -6.000000
107
-90.000000 -57.000000
-79.000000 -33.000000
101
-21.000000 32.000000
95.000000 -9.000000
160
-65.000000 -97.000000
94.000000 -16.000000
174
-54.000000 -4.000000
-56.000000 58.000000
187
4.000000 -31.000000
-53.000000 73.000000
165
86.000000 4.000000
81.000000 -39.000000
93
94.000000 -60.000000
93.000000 -9.000000
107
15.000000 15.000000
-58.000000 93.000000
231
0.000000 82.000000
86.000000 -14.000000
228
-69.000000 -47.000000
87.000000 96.000000
249
-5.000000 -84.000000
58.000000 94.000000
115
93.000000 16.000000
-98.000000 -9.000000
116
18.000000 -65.000000
-65.000000 74.000000
100
34.000000 71.000000
77.000000 90.000000
158
-7.000000 99.000000
-60.000000 -39.000000
156
-97.000000 -37.000000
-72.000000 73.000000
153
72.000000 76.000000
-60.000000 -43.000000
171
-5.000000 26.000000
-94.000000 58.000000
161
22.000000 -11.000000
67.000000 -28.000000
104
-25.000000 96.000000
73.000000 -22.000000
218
49.000000 2.000000
81.000000 93.000000
68
43.000000 83.000000
-68.000000 85.000000
100
78.000000 -0.000000
82.000000 71.000000
108
62.000000 -93.000000
63.000000 -48.000000
124
-4.000000 -73.000000
-86.000000 93.000000
65
-21.000000 64.000000
95.000000 60.000000
169
91.000000 26.000000
99.000000 94.000000
242
70.000000 -30.000000
60.000000 99.000000
223
-14.000000 -40.000000
78.000000 95.000000
184
-51.000000 26.000000
86.000000 -14.000000
195
-53.000000 -27.000000
-90.000000 -49.000000
228
-22.000000 -72.000000
-61.000000 -43.000000
99
63.000000 -36.000000
-73.000000 -30.000000
159
84.000000 25.000000
76.000000 -19.000000
107
-16.000000 5.000000
-57.000000 66.000000
241
6.000000 -11.000000
-75.000000 63.000000
222
39.000000 -51.000000
96.000000 -14.000000
76
-81.000000 2.000000
77.000000 -11.000000
244
-59.000000 11.000000
-63.000000 95.000000
151
-89.000000 15.000000
79.000000 85.000000
86
-44.000000 22.000000
-82.000000 -2.000000
168
-95.000000 -7.000000
-61.000000 -48.000000
124
-83.000000 -49.000000
90.000000 -10.000000
157
7.000000 -90.000000
72.000000 -17.000000
104
15.000000 51.000000
-69.000000 76.000000
159
68.000000 98.000000
-59.000000 -8.000000
184
-66.000000 -78.000000
-94.000000 -23.000000
212
49.000000 -0.000000
-71.000000 -17.000000
195
-75.000000 78.000000
57.000000 -24.000000
211
-56.000000 -1.000000
-55.000000 -11.000000
122
31.000000 -34.000000
-97.000000 -25.000000
96
5.000000 -67.000000
89.000000 -21.000000
209
61.000000 -9.000000
-81.000000 78.000000
111
-90.000000 74.000000
-80.000000 56.000000
191
-73.000000 43.000000
98.000000 71.000000
107
75.000000 -31.000000
-53.000000 86.000000
133
-0.000000 25.000000
-79.000000 -32.000000
233
-40.000000 97.000000
-66.000000 -5.000000
218
-6.000000 -42.000000
-76.000000 69.000000
120
-31.000000 -30.000000
-64.000000 -10.000000
92
11.000000 -89.000000
-65.000000 -40.000000
209
48.000000 -60.000000
87.000000 -39.000000
204
-16.000000 71.000000
75.000000 -29.000000
173
5.000000 0.000000
58.000000 91.000000
126
80.000000 -21.000000
-78.000000 -7.000000
163
77.000000 16.000000
-88.000000 81.000000
91
-27.000000 71.000000
-52.000000 54.000000
119
87.000000 -20.000000
-78.000000 78.000000
211
-37.000000 -28.000000
70.000000 -43.000000
131
-8.000000 90.000000
-59.000000 94.000000
114
15.000000 -39.000000
-98.000000 65.000000
153
66.000000 18.000000
-67.000000 -30.000000
219
-51.000000 -16.000000
-57.000000 -22.000000
165
6.000000 69.000000
51.000000 -39.000000
218
-32.000000 26.000000
97.000000 90.000000
146
-61.000000 -8.000000
-78.000000 58.000000
76
-36.000000 -52.000000
76.000000 86.000000
70
92.000000 27.000000
-80.000000 50.000000
104
77.000000 4.000000
61.000000 90.000000
78
38.000000 9.000000
74.000000 -48.000000
91
64.000000 32.000000
-96.000000 75.000000
140
-25.000000 -12.000000
-96.000000 -43.000000
247
-69.000000 16.000000
85.000000 82.000000
124
-94.000000 92.000000
-97.000000 76.000000
168
-43.000000 -37.000000
-54.000000 -10.000000
208
-68.000000 -63.000000
82.000000 75.000000
172
-42.000000 -4.000000
-73.000000 51.000000
213
44.000000 18.000000
-81.000000 -26.000000
113
-72.000000 32.000000
61.000000 -27.000000
57
81.000000 -1.000000
68.000000 -25.000000
246
83.000000 5.000000
64.000000 50.000000
244
-47.000000 -37.000000
-77.000000 -46.000000
185
73.000000 59.000000
-99.000000 59.000000
222
-28.000000 42.000000
-74.000000 61.000000
60
50.000000 -42.000000
-88.000000 84.000000
176
73.000000 -97.000000
58.000000 -24.000000
244
82.000000 -4.000000
-57.000000 88.000000
201
34.000000 -67.000000
80.000000 -2.000000
67
7.000000 2.000000
55.000000 74.000000
50
-44.000000 88.000000
-65.000000 -29.000000
79
58.000000 53.000000
90.000000 76.000000
162
50.000000 71.000000
-95.000000 -9.000000
151
-9.000000 -69.000000
67.000000 65.000000
201
50.000000 -57.000000
97.000000 -30.000000
185
-93.000000 11.000000
77.000000 -13.000000
222
-94.000000 -54.000000
67.000000 -5.000000
190
91.000000 97.000000
-50.000000 93.000000
77
3.000000 9.000000
89.000000 91.000000
157
-85.000000 21.000000
91.000000 -48.000000
156
-22.000000 -64.000000
96.000000 74.000000
201
-33.000000 2.000000
85.000000 -14.000000
155
25.000000 7.000000
54.000000 -3.000000
174
-84.000000 15.000000
-95.000000 -50.000000
137
-61.000000 -4.000000
-90.000000 -42.000000
173
-58.000000 4.000000
88.000000 85.000000
133
77.000000 10.000000
72.000000 -27.000000
116
73.000000 -35.000000
-87.000000 -3.000000
189
30.000000 -24.000000
60.000000 -47.000000
96
-0.000000 -44.000000
-56.000000 65.000000
181
29.000000 -72.000000
63.000000 -36.000000
70
-77.000000 -92.000000
-64.000000 -47.000000
178
-95.000000 -25.000000
74.000000 61.000000
217
72.000000 -34.000000
-97.000000 -29.000000
215
-5.000000 70.000000
70.000000 67.000000
89
95.000000 95.000000
-73.000000 93.000000
224
66.000000 -75.000000
-64.000000 -23.000000
238
99.000000 -65.000000
87.000000 65.000000
143
95.000000 -23.000000
57.000000 76.000000
59
26.000000 -22.000000
64.000000 -46.000000
149
96.000000 30.000000
-70.000000 -21.000000
207
-67.000000 44.000000
84.000000 73.000000
75
31.000000 -48.000000
-86.000000 -33.000000
115
-12.000000 60.000000
57.000000 62.000000
156
17.000000 1.000000
-77.000000 98.000000
91
-29.000000 76.000000
84.000000 -26.000000
92
-10.000000 -97.000000
77.000000 83.000000
54
-86.000000 -3.000000
81.000000 -46.000000
189
29.000000 51.000000
-72.000000 -30.000000
227
-62.000000 -49.000000
53.000000 -41.000000
118
-64.000000 -93.000000
86.000000 -44.000000
122
38.000000 -79.000000
99.000000 52.000000
204
79.000000 2.000000
-96.000000 -31.000000
202
-26.000000 33.000000
-67.000000 -38.000000
185
5.000000 -84.000000
-99.000000 78.000000
160
7.000000 81.000000
-69.000000 -47.000000
147
12.000000 -12.000000
-90.000000 68.000000
92
-6.000000 69.000000
-62.000000 -26.000000
86
-85.000000 21.000000
-88.000000 -33.000000
138
-27.000000 -68.000000
79.000000 89.000000
128
1.000000 9.000000
-62.000000 -32.000000
116
-3.000000 -19.000000
94.000000 -40.000000
106
14.000000 30.000000
-98.000000 -50.000000
82
-38.000000 10.000000
92.000000 -40.000000
103
80.000000 84.000000
-55.000000 -1.000000
230
22.000000 -44.000000
66.000000 83.000000
157
76.000000 9.000000
-82.000000 -34.000000
85
3.000000 67.000000
52.000000 -14.000000
180
39.000000 -22.000000
-76.000000 -13.000000
126
-34.000000 34.000000
-70.000000 67.000000
207
16.000000 97.000000
85.000000 63.000000
54
44.000000 68.000000
90.000000 -36.000000
176
-16.000000 35.000000
98.000000 81.000000
191
-5.000000 88.000000
-62.000000 -9.000000
162
-0.000000 32.000000
-83.000000 -20.000000
205
-76.000000 -23.000000
-69.000000 60.000000
153
-28.000000 -93.000000
-92.000000 62.000000
116
-41.000000 -41.000000
-56.000000 56.000000
136
71.000000 47.000000
-80.000000 53.000000
158
34.000000 55.000000
-88.000000 -30.000000
219
-79.000000 -13.000000
-72.000000 94.000000
208
-3.000000 -28.000000
-88.000000 56.000000
189
-94.000000 -85.000000
-77.000000 -50.000000
143
54.000000 -37.000000
-87.000000 -38.000000
151
52.000000 40.000000
-52.000000 92.000000
220
-33.000000 88.000000
74.000000 -15.000000
181
42.000000 97.000000
-96.000000 97.000000
204
48.000000 -3.000000
-58.000000 83.000000
158
-70.000000 -22.000000
-78.000000 75.000000
205
-85.000000 -9.000000
83.000000 -24.000000
92
48.000000 27.000000
-82.000000 -33.000000
76
59.000000 -48.000000
-76.000000 -42.000000
72
-25.000000 -96.000000
89.000000 91.000000
182
-0.000000 -84.000000
-79.000000 99.000000
185
10.000000 -22.000000
-59.000000 65.000000
202
-55.000000 6.000000
56.000000 50.000000
181
-15.000000 -13.000000
98.000000 -21.000000
136
19.000000 -66.000000
-64.000000 61.000000
203
28.000000 -58.000000
69.000000 77.000000
83
-87.000000 -10.000000
-57.000000 80.000000
211
20.000000 -44.000000
51.000000 -6.000000
223
84.000000 39.000000
-72.000000 -27.000000
135
95.000000 -55.000000
77.000000 69.000000
192
22.000000 -9.000000
-92.000000 -37.000000
193
-41.000000 4.000000
-63.000000 87.000000
79
68.000000 21.000000
-51.000000 -37.000000
246
57.000000 14.000000
-80.000000 91.000000
142
-39.000000 30.000000
-69.000000 64.000000
177
63.000000 75.000000
-74.000000 -21.000000
232
37.000000 -2.000000
-57.000000 -45.000000
60
75.000000 86.000000
-69.000000 -22.000000
249
-44.000000 9.000000
-52.000000 -1.000000
232
-20.000000 71.000000
94.000000 -16.000000
118
-33.000000 61.000000
98.000000 -22.000000
161
-67.000000 -86.000000
82.000000 -13.000000
93
-48.000000 85.000000
89.000000 53.000000
64
1.000000 50.000000
54.000000 -35.000000
173
-81.000000 37.000000
68.000000 76.000000
99
27.000000 61.000000
55.000000 -19.000000
60
20.000000 35.000000
-53.000000 94.000000
91
-81.000000 -98.000000
-56.000000 56.000000
50
14.000000 -66.000000
-95.000000 87.000000
145
-48.000000 53.000000
86.000000 86.000000
84
99.000000 -60.000000
83.000000 93.000000
77
86.000000 7.000000
76.000000 90.000000
201
44.000000 89.000000
84.000000 -41.000000
79
-69.000000 76.000000
-64.000000 71.000000
59
75.000000 35.000000
50.000000 -32.000000
191
-52.000000 14.000000
62.000000 97.000000
119
43.000000 57.000000
57.000000 99.000000
179
54.000000 23.000000
-59.000000 61.000000
184
-14.000000 10.000000
53.000000 -8.000000
70
56.000000 13.000000
-78.000000 -17.000000
128
-42.000000 84.000000
-69.000000 53.000000
232
9.000000 33.000000
-84.000000 -44.000000
134
96.000000 -7.000000
-86.000000 78.000000
203
-26.000000 -17.000000
89.000000 77.000000
111
48.000000 -10.000000
53.000000 98.000000
152
-13.000000 -43.000000
73.000000 60.000000
207
20.000000 -45.000000
76.000000 -4.000000
188
-32.000000 -34.000000
-95.000000 -5.000000
245
-14.000000 -93.000000
-60.000000 -14.000000
181
72.000000 89.000000
-66.000000 -15.000000
201
-45.000000 -79.000000
51.000000 -49.000000
128
-68.000000 -98.000000
-57.000000 -12.000000
199
66.000000 -26.000000
82.000000 84.000000
93
82.000000 87.000000
86.000000 -23.000000
148
-98.000000 -69.000000
-67.000000 -3.000000
131
-68.000000 78.000000
-95.000000 -21.000000
150
82.000000 -3.000000
80.000000 -40.000000
60
-59.000000 77.000000
-75.000000 55.000000
106
-49.000000 18.000000
69.000000 -47.000000
130
-21.000000 35.000000
67.000000 85.000000
156
-7.000000 0.000000
-72.000000 -6.000000
151
6.000000 -82.000000
-89.000000 69.000000
83
-68.000000 41.000000
97.000000 77.000000
233
69.000000 43.000000
-57.000000 86.000000
178
-51.000000 -52.000000
61.000000 56.000000
74
-47.000000 90.000000
91.000000 -19.000000
169
-83.000000 -91.000000
-96.000000 -3.000000
154
5.000000 32.000000
66.000000 -42.000000
137
35.000000 -68.000000
-91.000000 -33.000000
106
63.000000 81.000000
-85.000000 78.000000
163
-12.000000 -53.000000
64.000000 88.000000
79
43.000000 95.000000
-72.000000 87.000000
238
31.000000 -97.000000
69.000000 -44.000000
249
-56.000000 -37.000000
-65.000000 98.000000
202
-54.000000 36.000000
60.000000 -27.000000
210
43.000000 32.000000
-53.000000 81.000000
224
82.000000 73.000000
-81.000000 98.000000
228
-88.000000 95.000000
-51.000000 54.000000
237
97.000000 -74.000000
80.000000 -36.000000
165
-54.000000 48.000000
-57.000000 -35.000000
163
66.000000 87.000000
56.000000 67.000000
189
-60.000000 22.000000
-59.000000 94.000000
110
-46.000000 -92.000000
64.000000 63.000000
205
47.000000 29.000000
-62.000000 -15.000000
237
-53.000000 -98.000000
-50.000000 -17.000000
218
49.000000 96.000000
54.000000 98.000000
77
66.000000 95.000000
-97.000000 53.000000
151
7.000000 -17.000000
-59.000000 59.000000
202
-47.000000 -83.000000
-52.000000 -1.000000
153
-61.000000 -16.000000
-61.000000 -44.000000
88
-89.000000 27.000000
-88.000000 75.000000
212
13.000000 -6.000000
-57.000000 76.000000
165
72.000000 -62.000000
79.000000 -5.000000
92
-51.000000 65.000000
95.000000 -17.000000
135
-68.000000 97.000000
-76.000000 -37.000000
187
-16.000000 -42.000000
-81.000000 -7.000000
92
-85.000000 -17.000000
-60.000000 -42.000000
74
41.000000 19.000000
-75.000000 -38.000000
158
82.000000 38.000000
96.000000 -6.000000
160
22.000000 -92.000000
-71.000000 -44.000000
123
-88.000000 -12.000000
-78.000000 -3.000000
65
88.000000 75.000000
-68.000000 71.000000
89
-45.000000 -35.000000
69.000000 91.000000
91
-8.000000 -84.000000
-50.000000 62.000000
133
88.000000 -3.000000
58.000000 -44.000000
94
45.000000 1.000000
-87.000000 99.000000
86
64.000000 21.000000
73.000000 -49.000000
229
80.000000 9.000000
-84.000000 -33.000000
120
-16.000000 55.000000
-96.000000 -1.000000
230
-77.000000 43.000000
95.000000 51.000000
197
9.000000 -10.000000
72.000000 52.000000
91
79.000000 86.000000
-74.000000 -12.000000
126
69.000000 5.000000
63.000000 -19.000000
152
20.000000 -9.000000
-66.000000 -31.000000
65
-61.000000 40.000000
60.000000 72.000000
232
-23.000000 87.000000
84.000000 -38.000000
196
58.000000 -35.000000
-60.000000 -27.000000
189
-2.000000 -76.000000
-55.000000 87.000000
62
-92.000000 -49.000000
58.000000 -29.000000
61
11.000000 -72.000000
77.000000 58.000000
201
-33.000000 -46.000000
90.000000 87.000000
122
-93.000000 -80.000000
-87.000000 86.000000
197
-84.000000 86.000000
62.000000 -48.000000
115
16.000000 -39.000000
-75.000000 -4.000000
64
46.000000 -8.000000
-73.000000 58.000000
220
-92.000000 51.000000
85.000000 79.000000
174
-94.000000 -92.000000
75.000000 84.000000
142
27.000000 54.000000
67.000000 -40.000000
65
-68.000000 -51.000000
-63.000000 68.000000
141
-74.000000 85.000000
56.000000 -2.000000
201
27.000000 -50.000000
71.000000 -8.000000
241
-83.000000 -28.000000
63.000000 80.000000
71
-40.000000 -26.000000
91.000000 -45.000000
243
-53.000000 60.000000
93.000000 -26.000000
133
95.000000 74.000000
53.000000 -30.000000
59
-13.000000 -6.000000
-67.000000 -43.000000
188
54.000000 14.000000
63.000000 -17.000000
103
-22.000000 -4.000000
87.000000 66.000000
136
-4.000000 -14.000000
89.000000 95.000000
95
22.000000 72.000000
68.000000 -42.000000
226
-24.000000 47.000000
75.000000 86.000000
84
-70.000000 -39.000000
82.000000 -21.000000
109
-33.000000 -68.000000
-88.000000 -33.000000
86
-4.000000 83.000000
85.000000 97.000000
123
-51.000000 -3.000000
59.000000 64.000000
245
1.000000 23.000000
-65.000000 -4.000000
214
-46.000000 -95.000000
-87.000000 84.000000
95
-96.000000 -74.000000
50.000000 -14.000000
236
-80.000000 -66.000000
64.000000 60.000000
54
65.000000 11.000000
74.000000 -43.000000
101
-47.000000 -22.000000
63.000000 51.000000
170
-96.000000 85.000000
-53.000000 68.000000
148
-43.000000 11.000000
-84.000000 -41.000000
212
-52.000000 -51.000000
-52.000000 -17.000000
83
83.000000 36.000000
55.000000 51.000000
152
-86.000000 -41.000000
-84.000000 92.000000
243
-83.000000 41.000000
57.000000 97.000000
230
33.000000 89.000000
-55.000000 -8.000000
105
79.000000 41.000000
80.000000 -3.000000
203
-15.000000 -66.000000
94.000000 -32.000000
108
-11.000000 -89.000000
56.000000 -26.000000
62
63.000000 7.000000
-94.000000 -5.000000
66
56.000000 -5.000000
-75.000000 -11.000000
154
-28.000000 -38.000000
-60.000000 -14.000000
238
-86.000000 -29.000000
-58.000000 73.000000
238
-81.000000 -27.000000
-54.000000 -14.000000
196
-99.000000 39.000000
73.000000 -37.000000
185
-45.000000 87.000000
-63.000000 53.000000
185
21.000000 -56.000000
77.000000 85.000000
191
-40.000000 86.000000
-84.000000 76.000000
181
-95.000000 -83.000000
-66.000000 -18.000000
175
24.000000 28.000000
87.000000 -20.000000
168
1.000000 41.000000
-74.000000 -8.000000
215
87.000000 43.000000
72.000000 97.000000
66
75.000000 41.000000
-92.000000 -35.000000
82
8.000000 26.000000
97.000000 57.000000
161
88.000000 37.000000
91.000000 61.000000
202
-72.000000 25.000000
68.000000 -49.000000
124
3.000000 20.000000
-62.000000 -12.000000
178
22.000000 31.000000
80.000000 -27.000000
52
-40.000000 -85.000000
61.000000 97.000000
104
74.000000 -22.000000
-99.000000 79.000000
227
-14.000000 -20.000000
75.000000 76.000000
74
-54.000000 -66.000000
-63.000000 -12.000000
172
13.000000 66.000000
-96.000000 63.000000
201
-34.000000 -86.000000
79.000000 -17.000000
106
24.000000 30.000000
-60.000000 -20.000000
165
92.000000 -37.000000
-75.000000 -19.000000
98
9.000000 -97.000000
-84.000000 89.000000
206
-42.000000 63.000000
96.000000 66.000000
187
-38.000000 23.000000
83.000000 -26.000000
236
91.000000 -18.000000
78.000000 60.000000
134
89.000000 50.000000
-51.000000 -41.000000
194
18.000000 -57.000000
-85.000000 -46.000000
179
-17.000000 -90.000000
72.000000 99.000000
90
-2.000000 67.000000
-92.000000 50.000000
159
-92.000000 19.000000
86.000000 -29.000000
180
75.000000 -43.000000
91.000000 95.000000
158
-78.000000 -19.000000
-63.000000 66.000000
78
39.000000 -63.000000
69.000000 -16.000000
175
93.000000 44.000000
-52.000000 79.000000
95
22.000000 10.000000
98.000000 -35.000000
137
-58.000000 -76.000000
96.000000 -42.000000
57
-57.000000 -0.000000
72.000000 -2.000000
226
-31.000000 20.000000
-89.000000 -11.000000
244
-72.000000 62.000000
-59.000000 -16.000000
175
8.000000 32.000000
-99.000000 -8.000000
213
-38.000000 -95.000000
55.000000 63.000000
155
-15.000000 82.000000
53.000000 -14.000000
109
55.000000 -21.000000
56.000000 -18.000000
189
-60.000000 -70.000000
73.000000 -34.000000
168
-50.000000 -90.000000
62.000000 79.000000
163
-1.000000 87.000000
-56.000000 85.000000
82
56.000000 53.000000
-54.000000 58.000000
196
-38.000000 -59.000000
81.000000 -43.000000
217
-77.000000 -58.000000
-74.000000 -42.000000
176
-58.000000 -24.000000
65.000000 70.000000
206
49.000000 95.000000
80.000000 79.000000
175
-84.000000 18.000000
-62.000000 -50.000000
163
25.000000 -4.000000
90.000000 73.000000
163
27.000000 88.000000
-96.000000 97.000000
129
90.000000 64.000000
-76.000000 92.000000
234
7.000000 -31.000000
73.000000 95.000000
231
-66.000000 16.000000
-60.000000 55.000000
215
57.000000 -10.000000
84.000000 -36.000000
73
50.000000 68.000000
-61.000000 -35.000000
87
65.000000 -17.000000
64.000000 -47.000000
188
92.000000 84.000000
-57.000000 -41.000000
205
-13.000000 -40.000000
-65.000000 -47.000000
162
-76.000000 56.000000
-60.000000 -15.000000
68
4.000000 44.000000
76.000000 86.000000
161
-62.000000 -18.000000
87.000000 -13.000000
102
-59.000000 -84.000000
-75.000000 -26.000000
214
2.000000 38.000000
62.000000 76.000000
192
31.000000 -14.000000
92.000000 57.000000
216
68.000000 -42.000000
-56.000000 54.000000
62
33.000000 35.000000
54.000000 -30.000000
243
56.000000 10.000000
85.000000 -44.000000
202
32.000000 -66.000000
-52.000000 71.000000
58
13.000000 -88.000000
-86.000000 -39.000000
213
-43.000000 -3.000000
-53.000000 -19.000000
191
30.000000 -98.000000
-84.000000 -13.000000
132
99.000000 -38.000000
61.000000 -34.000000
88
-53.000000 6.000000
-64.000000 58.000000
103
-40.000000 99.000000
73.000000 -38.000000
50
73.000000 82.000000
-65.000000 -11.000000
167
35.000000 -42.000000
-83.000000 57.000000
102
9.000000 -7.000000
53.000000 -5.000000
185
-49.000000 -64.000000
-92.000000 -5.000000
90
30.000000 93.000000
-98.000000 -29.000000
240
71.000000 -42.000000
-53.000000 -8.000000
164
-52.000000 26.000000
-62.000000 -26.000000
62
23.000000 63.000000
86.000000 -19.000000
172
-76.000000 17.000000
81.000000 -14.000000
155
12.000000 -0.000000
68.000000 63.000000
147
-90.000000 35.000000
-72.000000 55.000000
62
56.000000 -23.000000
74.000000 64.000000
188
20.000000 -37.000000
-57.000000 -41.000000
170
48.000000 -79.000000
-69.000000 82.000000
245
-5.000000 -49.000000
69.000000 78.000000
119
-45.000000 71.000000
79.000000 89.000000
213
40.000000 -86.000000
-56.000000 -28.000000
119
50.000000 96.000000
-99.000000 -29.000000
181
60.000000 53.000000
-69.000000 76.000000
156
40.000000 -23.000000
80.000000 -47.000000
207
58.000000 17.000000
-88.000000 67.000000
202
-87.000000 93.000000
87.000000 -35.000000
117
-5.000000 -51.000000
-99.000000 85.000000
175
89.000000 86.000000
54.000000 73.000000
177
-90.000000 85.000000
-78.000000 96.000000
69
-59.000000 19.000000
-94.000000 -35.000000
156
-31.000000 16.000000
-83.000000 -37.000000
63
25.000000 -95.000000
-64.000000 -2.000000
73
-98.000000 -66.000000
97.000000 87.000000
76
51.000000 20.000000
-59.000000 -12.000000
140
47.000000 49.000000
-87.000000 -37.000000
209
49.000000 -16.000000
-90.000000 69.000000
53
-79.000000 1.000000
80.000000 -26.000000
93
77.000000 -7.000000
99.000000 -38.000000
211
98.000000 -60.000000
71.000000 82.000000
69
-76.000000 87.000000
72.000000 69.000000
206
-60.000000 26.000000
98.000000 88.000000
238
-65.000000 -96.000000
55.000000 50.000000
162
-36.000000 -7.000000
-57.000000 -20.000000
224
73.000000 90.000000
-61.000000 -26.000000
91
-31.000000 85.000000
-90.000000 -10.000000
69
-43.000000 19.000000
-70.000000 66.000000
118
-44.000000 75.000000
-74.000000 96.000000
116
-11.000000 28.000000
53.000000 -7.000000
197
-48.000000 -24.000000
-88.000000 -18.000000
223
20.000000 -26.000000
90.000000 64.000000
221
18.000000 32.000000
60.000000 70.000000
221
-91.000000 -17.000000
65.000000 71.000000
186
-2.000000 22.000000
65.000000 -18.000000
54
-70.000000 -90.000000
81.000000 55.000000
85
77.000000 59.000000
73.000000 85.000000
97
13.000000 28.000000
66.000000 -10.000000
153
83.000000 -58.000000
84.000000 93.000000
212
-68.000000 -98.000000
62.000000 50.000000
171
-24.000000 38.000000
50.000000 84.000000
136
24.000000 -71.000000
-62.000000 75.000000
71
82.000000 -68.000000
-52.000000 -27.000000
174
56.000000 -38.000000
-86.000000 60.000000
98
47.000000 32.000000
93.000000 69.000000
141
80.000000 21.000000
-76.000000 -22.000000
230
37.000000 -50.000000
82.000000 -44.000000
121
-66.000000 97.000000
94.000000 88.000000
136
-86.000000 -60.000000
-83.000000 74.000000
76
-39.000000 -40.000000
-60.000000 -1.000000
111
31.000000 71.000000
61.000000 -41.000000
125
-83.000000 -77.000000
-51.000000 -41.000000
209
82.000000 97.000000
65.000000 89.000000
81
-11.000000 22.000000
66.000000 -6.000000
230
36.000000 -3.000000
62.000000 -23.000000
97
12.000000 49.000000
-93.000000 95.000000
247
59.000000 -25.000000
-69.000000 59.000000
226
14.000000 -92.000000
-61.000000 67.000000
193
-35.000000 -98.000000
-61.000000 -42.000000
179
-0.000000 22.000000
-81.000000 -11.000000
151
-98.000000 -15.000000
57.000000 -39.000000
78
74.000000 -71.000000
-52.000000 -1.000000
244
15.000000 87.000000
69.000000 -18.000000
70
-17.000000 -60.000000
-59.000000 52.000000
150
-38.000000 21.000000
75.000000 -24.000000
140
-41.000000 61.000000
72.000000 84.000000
186
-94.000000 -53.000000
-92.000000 -14.000000
85
-82.000000 -81.000000
-73.000000 -20.000000
213
57.000000 -12.000000
-96.000000 70.000000
92
46.000000 -50.000000
-83.000000 54.000000
108
57.000000 -16.000000
-84.000000 52.000000
198
82.000000 21.000000
-94.000000 -28.000000
211
90.000000 -52.000000
-90.000000 -27.000000
95
74.000000 12.000000
-80.000000 -37.000000
100
-87.000000 -96.000000
-79.000000 75.000000
122
-99.000000 -70.000000
-73.000000 59.000000
149
-63.000000 66.000000
-87.000000 -42.000000
74
89.000000 -34.000000
76.000000 -41.000000
68
31.000000 -24.000000
98.000000 -43.000000
100
56.000000 -74.000000
89.000000 81.000000
62
-45.000000 -0.000000
66.000000 70.000000
218
-74.000000 59.000000
-61.000000 60.000000
221
14.000000 -52.000000
-60.000000 -15.000000
213
-59.000000 12.000000
72.000000 -49.000000
215
-25.000000 81.000000
-75.000000 54.000000
124
-35.000000 39.000000
-77.000000 98.000000
182
-93.000000 -6.000000
-81.000000 78.000000
145
-23.000000 -26.000000
-70.000000 -40.000000
221
-55.000000 -82.000000
-94.000000 -20.000000
102
-55.000000 41.000000
68.000000 81.000000
148
-53.000000 -62.000000
82.000000 -37.000000
95
-9.000000 -50.000000
80.000000 63.000000
132
28.000000 -84.000000
-93.000000 60.000000
181
86.000000 -63.000000
-67.000000 -32.000000
185
43.000000 50.000000
-59.000000 64.000000
138
-60.000000 61.000000
73.000000 -46.000000
241
-26.000000 -26.000000
95.000000 50.000000
150
77.000000 69.000000
99.000000 -18.000000
105
45.000000 -24.000000
74.000000 -46.000000
167
-11.000000 -6.000000
-76.000000 51.000000
198
63.000000 8.000000
-87.000000 -23.000000
179
62.000000 -81.000000
-81.000000 -41.000000
212
-12.000000 -96.000000
-76.000000 -45.000000
143
-6.000000 -24.000000
-86.000000 91.000000
146
29.000000 33.000000
74.000000 71.000000
73
96.000000 -32.000000
-58.000000 90.000000
51
6.000000 99.000000
-50.000000 -40.000000
230
-33.000000 -17.000000
-94.000000 56.000000
149
59.000000 -9.000000
-83.000000 -21.000000
197
54.000000 -79.000000
-87.000000 85.000000
153
-40.000000 78.000000
94.000000 97.000000
122
41.000000 20.000000
83.000000 -33.000000
70
-96.000000 -88.000000
92.000000 -34.000000
168
-0.000000 -84.000000
-80.000000 66.000000
79
91.000000 -46.000000
62.000000 -6.000000
219
-23.000000 -51.000000
-69.000000 90.000000
230
-30.000000 -53.000000
-73.000000 54.000000
134
11.000000 -55.000000
77.000000 71.000000
180
46.000000 79.000000
75.000000 55.000000
88
-65.000000 37.000000
99.000000 -47.000000
239
-34.000000 67.000000
66.000000 59.000000
181
-73.000000 -1.000000
80.000000 -44.000000
182
13.000000 -80.000000
-83.000000 -30.000000
116
-94.000000 -18.000000
94.000000 58.000000
212
-10.000000 54.000000
-61.000000 -17.000000
194
-2.000000 -38.000000
-86.000000 79.000000
56
-98.000000 49.000000
61.000000 -47.000000
149
13.000000 64.000000
86.000000 64.000000
129
-48.000000 -73.000000
72.000000 -47.000000
76
75.000000 56.000000
62.000000 63.000000
65
-29.000000 1.000000
64.000000 56.000000
202
56.000000 60.000000
-90.000000 -7.000000
75
53.000000 -88.000000
-94.000000 93.000000
229
-60.000000 6.000000
50.000000 73.000000
62
-96.000000 -40.000000
-51.000000 51.000000
63
28.000000 73.000000
51.000000 -26.000000
108
-68.000000 69.000000
-63.000000 94.000000
63
-38.000000 67.000000
-79.000000 -40.000000
234
80.000000 -47.000000
89.000000 82.000000
142
-34.000000 -4.000000
83.000000 -45.000000
67
85.000000 -25.000000
-78.000000 -10.000000
115
73.000000 9.000000
-76.000000 99.000000
214
96.000000 42.000000
70.000000 -43.000000
238
-46.000000 -43.000000
50.000000 -16.000000
61
84.000000 -5.000000
95.000000 64.000000
137
-99.000000 77.000000
89.000000 -20.000000
210
-84.000000 -21.000000
-58.000000 -18.000000
229
-54.000000 -29.000000
-77.000000 -46.000000
175
-88.000000 66.000000
-56.000000 52.000000
57
71.000000 -8.000000
-57.000000 58.000000
243
38.000000 -52.000000
86.000000 59.000000
192
69.000000 -47.000000
-60.000000 97.000000
146
93.000000 -37.000000
67.000000 69.000000
186
-6.000000 -28.000000
-61.000000 -49.000000
96
98.000000 -49.000000
-63.000000 68.000000
177
-80.000000 -57.000000
99.000000 90.000000
61
53.000000 79.000000
-74.000000 82.000000
206
39.000000 9.000000
56.000000 -34.000000
131
74.000000 -86.000000
98.000000 81.000000
68
5.000000 -40.000000
-57.000000 -33.000000
191
96.000000 -62.000000
59.000000 70.000000
128
38.000000 -22.000000
-80.000000 73.000000
93
-31.000000 58.000000
84.000000 -20.000000
140
25.000000 45.000000
84.000000 56.000000
154
-83.000000 -48.000000
69.000000 58.000000
245
37.000000 81.000000
60.000000 -45.000000
159
-46.000000 83.000000
-98.000000 67.000000
98
74.000000 -84.000000
75.000000 -11.000000
121
-85.000000 95.000000
80.000000 71.000000
239
77.000000 57.000000
64.000000 -5.000000
168
75.000000 56.000000
80.000000 54.000000
207
-28.000000 44.000000
51.000000 67.000000
139
91.000000 35.000000
53.000000 -1.000000
248
68.000000 4.000000
-97.000000 91.000000
190
37.000000 15.000000
-50.000000 -26.000000
126
39.000000 68.000000
-51.000000 -23.000000
231
-51.000000 7.000000
76.000000 -34.000000
226
-24.000000 -62.000000
-92.000000 54.000000
178
-17.000000 -1.000000
68.000000 98.000000
239
-47.000000 -50.000000
84.000000 -32.000000
174
64.000000 71.000000
-74.000000 66.000000
108
87.000000 -30.000000
77.000000 -32.000000
117
-27.000000 39.000000
-78.000000 70.000000
159
-87.000000 -37.000000
-78.000000 -37.000000
55
79.000000 -84.000000
-82.000000 69.000000
117
67.000000 51.000000
-95.000000 -50.000000
208
63.000000 -85.000000
83.000000 -2.000000
168
81.000000 72.000000
61.000000 76.000000
239
20.000000 9.000000
-97.000000 53.000000
230
-11.000000 35.000000
60.000000 56.000000
225
-37.000000 15.000000
64.000000 -40.000000
107
-27.000000 -86.000000
-97.000000 65.000000
85
61.000000 -78.000000
-72.000000 -22.000000
189
-94.000000 -96.000000
60.000000 51.000000
244
37.000000 -41.000000
-76.000000 89.000000
59
-3.000000 58.000000
-56.000000 94.000000
126
-53.000000 -90.000000
-73.000000 75.000000
141
78.000000 -5.000000
-89.000000 -47.000000
120
-89.000000 -33.000000
-98.000000 89.000000
150
7.000000 -46.000000
-75.000000 83.000000
60
-59.000000 65.000000
87.000000 94.000000
73
77.000000 -70.000000
-82.000000 70.000000
148
85.000000 -90.000000
-50.000000 57.000000
64
79.000000 34.000000
-57.000000 -24.000000
63
-59.000000 28.000000
82.000000 92.000000
69
-82.000000 41.000000
-76.000000 58.000000
105
89.000000 -54.000000
99.000000 -13.000000
125
10.000000 -19.000000
-92.000000 71.000000
226
-13.000000 -90.000000
-94.000000 -48.000000
194
-47.000000 -92.000000
88.000000 76.000000
237
-23.000000 38.000000
-74.000000 -33.000000
92
-69.000000 -8.000000
-50.000000 -14.000000
83
-77.000000 -85.000000
-78.000000 83.000000
124
21.000000 -28.000000
-93.000000 -39.000000
138
-89.000000 -62.000000
76.000000 -41.000000
121
-68.000000 7.000000
-72.000000 84.000000
97
-32.000000 18.000000
66.000000 74.000000
167
-42.000000 89.000000
-68.000000 -50.000000
203
99.000000 5.000000
97.000000 93.000000
84
1.000000 11.000000
93.000000 -21.000000
172
14.000000 49.000000
63.000000 81.000000
107
-64.000000 56.000000
63.000000 86.000000
194
-82.000000 -13.000000
-50.000000 -26.000000
72
98.000000 46.000000
-86.000000 81.000000
73
35.000000 41.000000
62.000000 -29.000000
103
-70.000000 -65.000000
-91.000000 -40.000000
110
95.000000 34.000000
56.000000 -42.000000
106
-57.000000 98.000000
-60.000000 55.000000
93
-27.000000 78.000000
55.000000 -15.000000
237
-97.000000 -89.000000
96.000000 -26.000000
69
-47.000000 -73.000000
-88.000000 -9.000000
171
-26.000000 -10.000000
-81.000000 57.000000
233
-29.000000 6.000000
92.000000 -11.000000
145
79.000000 53.000000
71.000000 59.000000
66
83.000000 -85.000000
-84.000000 89.000000
70
65.000000 83.000000
-96.000000 -16.000000
153
43.000000 67.000000
91.000000 75.000000
239
32.000000 -16.000000
67.000000 -44.000000
154
-49.000000 -29.000000
66.000000 -18.000000
209
-89.000000 82.000000
-78.000000 -37.000000
240
40.000000 -60.000000
-84.000000 87.000000
218
-33.000000 47.000000
-53.000000 69.000000
216
16.000000 -80.000000
81.000000 -27.000000
178
8.000000 -94.000000
-75.000000 -49.000000
116
-39.000000 -39.000000
92.000000 -12.000000
50
23.000000 -26.000000
-61.000000 -25.000000
190
53.000000 76.000000
-64.000000 94.000000
245
-51.000000 93.000000
52.000000 97.000000
79
73.000000 -81.000000
57.000000 77.000000
145
-65.000000 -74.000000
-70.000000 -37.000000
162
-93.000000 14.000000
-62.000000 -19.000000
150
4.000000 -5.000000
-59.000000 -19.000000
83
5.000000 29.000000
91.000000 97.000000
205
-76.000000 9.000000
-64.000000 52.000000
96
-93.000000 17.000000
-73.000000 85.000000
123
38.000000 79.000000
-71.000000 -37.000000
108
26.000000 -63.000000
-94.000000 92.000000
66
-83.000000 -9.000000
-50.000000 -4.000000
150
23.000000 94.000000
-56.000000 -31.000000
170
-12.000000 67.000000
-55.000000 -31.000000
89
-54.000000 69.000000
71.000000 -7.000000
131
-48.000000 84.000000
60.000000 98.000000
110
95.000000 -18.000000
52.000000 94.000000
173
61.000000 -47.000000
92.000000 -1.000000
140
42.000000 -27.000000
-58.000000 92.000000
194
-11.000000 -97.000000
52.000000 57.000000
82
6.000000 56.000000
93.000000 50.000000
85
23.000000 -90.000000
-74.000000 -38.000000
225
54.000000 -20.000000
-77.000000 -22.000000
205
55.000000 15.000000
56.000000 -2.000000
109
-0.000000 -94.000000
-55.000000 -33.000000
147
-70.000000 -86.000000
69.000000 95.000000
132
-22.000000 -64.000000
-76.000000 53.000000
64
-95.000000 -36.000000
-97.000000 54.000000
142
91.000000 32.000000
-54.000000 -22.000000
112
-72.000000 8.000000
65.000000 77.000000
217
-20.000000 -79.000000
90.000000 -35.000000
187
-25.000000 65.000000
50.000000 -6.000000
198
91.000000 -17.000000
54.000000 91.000000
231
-83.000000 -18.000000
55.000000 82.000000
79
42.000000 89.000000
51.000000 85.000000
248
-77.000000 -21.000000
60.000000 62.000000
153
-90.000000 -14.000000
-81.000000 -31.000000
178
-56.000000 43.000000
67.000000 53.000000
64
-8.000000 -21.000000
-96.000000 -44.000000
118
64.000000 8.000000
54.000000 -50.000000
187
-94.000000 -99.000000
-85.000000 76.000000
214
46.000000 64.000000
-86.000000 -9.000000
188
65.000000 -42.000000
74.000000 -30.000000
54
-54.000000 92.000000
-75.000000 -9.000000
213
-17.000000 35.000000
97.000000 -28.000000
129
-44.000000 -81.000000
-84.000000 -17.000000
77
61.000000 -38.000000
98.000000 -37.000000
95
16.000000 -35.000000
67.000000 57.000000
247
49.000000 57.000000
82.000000 87.000000
223
-68.000000 37.000000
78.000000 84.000000
153
-98.000000 84.000000
97.000000 -37.000000
178
37.000000 -23.000000
72.000000 -10.000000
84
44.000000 62.000000
-56.000000 50.000000
225
53.000000 -46.000000
52.000000 81.000000
243
9.000000 -23.000000
-91.000000 -15.000000
83
14.000000 -88.000000
68.000000 94.000000
178
-95.000000 8.000000
-87.000000 -15.000000
76
89.000000 -69.000000
74.000000 64.000000
185
43.000000 -17.000000
-66.000000 97.000000
218
-52.000000 -43.000000
-69.000000 -48.000000
178
17.000000 64.000000
81.000000 95.000000
72
-91.000000 32.000000
-62.000000 51.000000
200
-73.000000 39.000000
62.000000 -37.000000
167
-54.000000 -5.000000
52.000000 -29.000000
126
86.000000 -60.000000
-75.000000 79.000000
221
25.000000 -78.000000
53.000000 -48.000000
210
-48.000000 68.000000
92.000000 81.000000
177
-41.000000 73.000000
88.000000 -22.000000
66
17.000000 8.000000
57.000000 -30.000000
85
49.000000 -4.000000
-64.000000 -26.000000
156
22.000000 -20.000000
91.000000 80.000000
120
-87.000000 80.000000
64.000000 -20.000000
151
-53.000000 -47.000000
-82.000000 71.000000
82
96.000000 8.000000
91.000000 -24.000000
134
18.000000 33.000000
-93.000000 98.000000
120
-81.000000 72.000000
78.000000 61.000000
174
-63.000000 -36.000000
-69.000000 -13.000000
94
72.000000 24.000000
78.000000 80.000000
91
-40.000000 -18.000000
72.000000 55.000000
66
12.000000 22.000000
-62.000000 -4.000000
80
-86.000000 81.000000
-50.000000 65.000000
114
-2.000000 40.000000
-74.000000 -28.000000
238
18.000000 -28.000000
61.000000 60.000000
177
-96.000000 2.000000
-71.000000 -48.000000
52
77.000000 -5.000000
-74.000000 -28.000000
158
21.000000 -8.000000
69.000000 -38.000000
169
27.000000 -97.000000
-73.000000 76.000000
104
83.000000 60.000000
-93.000000 -11.000000
189
-96.000000 79.000000
60.000000 96.000000
90
0.000000 -69.000000
-68.000000 65.000000
200
11.000000 70.000000
59.000000 -24.000000
186
-48.000000 26.000000
62.000000 65.000000
182
28.000000 42.000000
84.000000 84.000000
211
2.000000 60.000000
73.000000 -36.000000
145
-88.000000 20.000000
57.000000 78.000000
141
-97.000000 93.000000
57.000000 -50.000000
197
24.000000 1.000000
-67.000000 81.000000
185
-25.000000 -34.000000
69.000000 -13.000000
206
2.000000 -45.000000
-85.000000 50.000000
210
44.000000 -49.000000
-70.000000 88.000000
147
91.000000 41.000000
-53.000000 56.000000
147
-46.000000 -33.000000
-91.000000 -46.000000
52
-81.000000 1.000000
59.000000 79.000000
159
-14.000000 75.000000
-66.000000 89.000000
194
-33.000000 -26.000000
-69.000000 54.000000
99
-94.000000 73.000000
60.000000 91.000000
54
32.000000 -31.000000
-58.000000 90.000000
224
91.000000 -46.000000
-75.000000 61.000000
120
-67.000000 20.000000
65.000000 -19.000000
146
-2.000000 -39.000000
79.000000 -46.000000
210
27.000000 12.000000
79.000000 -50.000000
174
61.000000 -96.000000
86.000000 91.000000
101
62.000000 -41.000000
94.000000 -31.000000
89
85.000000 14.000000
55.000000 -42.000000
141
-35.000000 -68.000000
58.000000 73.000000
148
62.000000 78.000000
-96.000000 71.000000
111
27.000000 81.000000
59.000000 -26.000000
133
-31.000000 -50.000000
-80.000000 -24.000000
84
26.000000 -86.000000
99.000000 60.000000
230
93.000000 41.000000
-81.000000 -29.000000
229
29.000000 7.000000
-74.000000 -46.000000
211
-34.000000 -83.000000
96.000000 -35.000000
125
19.000000 -4.000000
82.000000 -4.000000
130
-25.000000 -85.000000
-96.000000 -8.000000
133
32.000000 -83.000000
-80.000000 -6.000000
75
-29.000000 -96.000000
93.000000 66.000000
78
-78.000000 2.000000
-60.000000 -28.000000
106
-41.000000 -40.000000
-58.000000 69.000000
96
9.000000 69.000000
-73.000000 -4.000000
187
-89.000000 7.000000
65.000000 67.000000
198
-37.000000 31.000000
80.000000 54.000000
245
63.000000 32.000000
89.000000 -41.000000
157
-28.000000 -60.000000
89.000000 -11.000000
110
-62.000000 15.000000
52.000000 73.000000
181
13.000000 76.000000
87.000000 -22.000000
64
-20.000000 -48.000000
-85.000000 60.000000
93
19.000000 28.000000
52.000000 -35.000000
188
2.000000 79.000000
-77.000000 61.000000
224
84.000000 82.000000
-71.000000 74.000000
146
55.000000 75.000000
-89.000000 97.000000
173
-4.000000 55.000000
-96.000000 69.000000
51
-38.000000 94.000000
55.000000 92.000000
188
-69.000000 -91.000000
95.000000 88.000000
137
74.000000 1.000000
82.000000 55.000000
135
68.000000 73.000000
65.000000 93.000000
172
67.000000 -79.000000
89.000000 63.000000
171
31.000000 -79.000000
-93.000000 -50.000000
140
-43.000000 -61.000000
-67.000000 -16.000000
236
2.000000 98.000000
-91.000000 57.000000
239
-93.000000 -72.000000
-78.000000 -4.000000
243
22.000000 12.000000
97.000000 69.000000
168
-79.000000 89.000000
78.000000 -12.000000
217
-94.000000 54.000000
-88.000000 -22.000000
158
-73.000000 -81.000000
97.000000 -33.000000
152
73.000000 -81.000000
83.000000 -40.000000
201
63.000000 93.000000
-54.000000 -28.000000
97
72.000000 -16.000000
99.000000 89.000000
145
67.000000 -32.000000
-59.000000 -5.000000
101
-89.000000 22.000000
-89.000000 -25.000000
81
0.000000 60.000000
82.000000 58.000000
199
63.000000 -10.000000
-75.000000 67.000000
73
72.000000 -66.000000
-57.000000 -11.000000
180
68.000000 17.000000
51.000000 66.000000
170
56.000000 -59.000000
-75.000000 -29.000000
60
-65.000000 -1.000000
-99.000000 73.000000
72
-37.000000 -54.000000
55.000000 -32.000000
211
-90.000000 -65.000000
93.000000 -20.000000
72
4.000000 -34.000000
59.000000 -31.000000
234
28.000000 -42.000000
-53.000000 -48.000000
249
-67.000000 98.000000
51.000000 -37.000000
119
-62.000000 -52.000000
-81.000000 -21.000000
148
96.000000 94.000000
58.000000 78.000000
96
37.000000 -89.000000
-58.000000 -3.000000
196
48.000000 97.000000
80.000000 -35.000000
122
49.000000 -10.000000
-55.000000 -31.000000
214
-60.000000 49.000000
84.000000 99.000000
55
-16.000000 69.000000
-65.000000 -5.000000
244
38.000000 58.000000
81.000000 -46.000000
84
33.000000 -66.000000
-93.000000 -32.000000
245
83.000000 -53.000000
-77.000000 -30.000000
178
91.000000 56.000000
90.000000 -36.000000
91
-56.000000 -5.000000
74.000000 -4.000000
146
-63.000000 -20.000000
-50.000000 -22.000000
237
-27.000000 33.000000
54.000000 -26.000000
148
-44.000000 92.000000
89.000000 75.000000
224
-4.000000 17.000000
-76.000000 64.000000
158
-97.000000 -43.000000
-60.000000 -34.000000
139
-67.000000 43.000000
-88.000000 -22.000000
62
78.000000 -64.000000
-92.000000 -30.000000
85
-17.000000 -72.000000
80.000000 57.000000
119
-50.000000 96.000000
-57.000000 95.000000
164
-78.000000 -94.000000
-89.000000 -7.000000
103
88.000000 -10.000000
-67.000000 -50.000000
108
48.000000 -67.000000
-89.000000 61.000000
198
85.000000 75.000000
-70.000000 56.000000
57
88.000000 -3.000000
-96.000000 -33.000000
117
0.000000 99.000000
58.000000 52.000000
229
-32.000000 -11.000000
-96.000000 59.000000
149
-66.000000 -60.000000
57.000000 -22.000000
189
56.000000 74.000000
-94.000000 -15.000000
143
85.000000 62.000000
76.000000 -33.000000
226
29.000000 21.000000
-88.000000 86.000000
232
-70.000000 10.000000
57.000000 90.000000
191
-87.000000 -98.000000
-77.000000 -9.000000
60
88.000000 46.000000
-53.000000 87.000000
102
-9.000000 -57.000000
61.000000 -41.000000
113
48.000000 19.000000
97.000000 -32.000000
218
56.000000 -90.000000
-92.000000 85.000000
159
68.000000 58.000000
69.000000 -27.000000
127
37.000000 -44.000000
58.000000 -4.000000
78
-40.000000 35.000000
-63.000000 -2.000000
166
77.000000 -85.000000
62.000000 -46.000000
68
-82.000000 80.000000
96.000000 -20.000000
209
67.000000 6.000000
-74.000000 -15.000000
224
-77.000000 55.000000
52.000000 92.000000
228
-95.000000 -45.000000
97.000000 -19.000000
213
-56.000000 60.000000
86.000000 92.000000
242
35.000000 62.000000
65.000000 -41.000000
183
72.000000 41.000000
67.000000 -19.000000
156
-48.000000 -50.000000
71.000000 55.000000
181
59.000000 -78.000000
-55.000000 77.000000
73
8.000000 46.000000
-56.000000 73.000000
224
-22.000000 81.000000
87.000000 66.000000
75
2.000000 -23.000000
-64.000000 -17.000000
96
-63.000000 80.000000
-61.000000 -39.000000
222
20.000000 -56.000000
-54.000000 82.000000
101
85.000000 24.000000
54.000000 81.000000
176
-33.000000 25.000000
-86.000000 84.000000
207
-4.000000 -35.000000
-79.000000 -39.000000
237
-58.000000 -14.000000
50.000000 76.000000
199
89.000000 42.000000
54.000000 -41.000000
79
-71.000000 0.000000
63.000000 55.000000
187
-80.000000 68.000000
-65.000000 -40.000000
57
85.000000 -33.000000
76.000000 -29.000000
128
-60.000000 71.000000
-72.000000 98.000000
89
-6.000000 48.000000
-67.000000 92.000000
62
41.000000 48.000000
-93.000000 51.000000
91
-35.000000 -65.000000
56.000000 -15.000000
129
88.000000 88.000000
-86.000000 60.000000
54
53.000000 38.000000
93.000000 -34.000000
172
12.000000 63.000000
92.000000 -15.000000
160
-48.000000 75.000000
-95.000000 77.000000
222
71.000000 -58.000000
-68.000000 -17.000000
106
80.000000 39.000000
-76.000000 95.000000
135
16.000000 -3.000000
66.000000 71.000000
131
-88.000000 -29.000000
75.000000 -17.000000
66
53.000000 64.000000
-53.000000 -43.000000
78
-32.000000 -55.000000
-59.000000 -45.000000
100
-28.000000 -63.000000
83.000000 66.000000
187
-35.000000 -67.000000
89.000000 -37.000000
109
-82.000000 -22.000000
-85.000000 96.000000
139
-60.000000 14.000000
-95.000000 -38.000000
218
-40.000000 51.000000
-78.000000 -39.000000
100
-88.000000 82.000000
-75.000000 -40.000000
176
65.000000 11.000000
62.000000 67.000000
80
39.000000 -14.000000
72.000000 -15.000000
145
-92.000000 59.000000
-52.000000 88.000000
192
-58.000000 -81.000000
-75.000000 70.000000
79
-63.000000 -91.000000
-60.000000 -49.000000
132
10.000000 -93.000000
82.000000 68.000000
107
-40.000000 62.000000
-63.000000 -35.000000
172
-97.000000 75.000000
70.000000 91.000000
188
-21.000000 67.000000
63.000000 -31.000000
197
-29.000000 82.000000
81.000000 -45.000000
181
-56.000000 -31.000000
-50.000000 52.000000
149
13.000000 86.000000
-98.000000 -3.000000
108
18.000000 29.000000
-60.000000 -4.000000
168
30.000000 -75.000000
-62.000000 -48.000000
109
-19.000000 -68.000000
80.000000 -5.000000
96
47.000000 71.000000
-50.000000 99.000000
160
-0.000000 -63.000000
-61.000000 -35.000000
223
30.000000 68.000000
99.000000 -48.000000
136
8.000000 98.000000
92.000000 76.000000
231
11.000000 56.000000
-66.000000 74.000000
115
87.000000 -39.000000
-94.000000 -13.000000
77
99.000000 35.000000
-84.000000 66.000000
182
42.000000 -15.000000
-57.000000 63.000000
76
-82.000000 58.000000
64.000000 -11.000000
138
-8.000000 37.000000
68.000000 86.000000
145
60.000000 24.000000
50.000000 -39.000000
232
-13.000000 -3.000000
-63.000000 -23.000000
155
-59.000000 -64.000000
63.000000 -41.000000
193
5.000000 39.000000
-96.000000 73.000000
63
-73.000000 15.000000
61.000000 -11.000000
220
-75.000000 26.000000
-90.000000 -50.000000
206
-34.000000 50.000000
51.000000 60.000000
105
39.000000 -1.000000
90.000000 -40.000000
164
-36.000000 -81.000000
-79.000000 99.000000
123
28.000000 -26.000000
-68.000000 -23.000000
59
7.000000 0.000000
-97.000000 75.000000
115
75.000000 -72.000000
74.000000 64.000000
249
34.000000 -97.000000
-50.000000 75.000000
237
60.000000 -99.000000
-70.000000 77.000000
211
-5.000000 72.000000
64.000000 58.000000
55
25.000000 -64.000000
98.000000 68.000000
247
56.000000 10.000000
62.000000 -6.000000
212
50.000000 99.000000
69.000000 99.000000
145
-43.000000 -58.000000
-90.000000 71.000000
184
-76.000000 64.000000
69.000000 -2.000000
63
69.000000 -4.000000
68.000000 62.000000
245
85.000000 57.000000
-97.000000 56.000000
66
3.000000 -14.000000
79.000000 -23.000000
92
-92.000000 -98.000000
-82.000000 -35.000000
119
-46.000000 78.000000
-61.000000 61.000000
198
-71.000000 55.000000
-75.000000 80.000000
111
1.000000 68.000000
-57.000000 60.000000
177
62.000000 -64.000000
-84.000000 88.000000
229
96.000000 28.000000
-99.000000 -18.000000
245
78.000000 33.000000
-97.000000 51.000000
102
77.000000 61.000000
-52.000000 -13.000000
125
88.000000 -21.000000
-99.000000 -15.000000
99
-4.000000 14.000000
-88.000000 -1.000000
88
-3.000000 30.000000
-60.000000 55.000000
63
88.000000 -95.000000
-61.000000 -28.000000
232
-97.000000 28.000000
-81.000000 -10.000000
212
7.000000 -68.000000
-60.000000 -28.000000
58
-5.000000 -38.000000
-91.000000 63.000000
179
54.000000 38.000000
-69.000000 74.000000
222
73.000000 -32.000000
53.000000 -47.000000
237
42.000000 8.000000
-75.000000 -38.000000
70
6.000000 81.000000
66.000000 94.000000
181
84.000000 -48.000000
-94.000000 -31.000000
125
37.000000 9.000000
90.000000 -20.000000
225
92.000000 -99.000000
-78.000000 56.000000
244
-12.000000 -84.000000
52.000000 -14.000000
120
87.000000 23.000000
-87.000000 -37.000000
89
-37.000000 -52.000000
-71.000000 53.000000
218
-87.000000 -71.000000
-79.000000 -11.000000
213
71.000000 -80.000000
-89.000000 84.000000
239
-53.000000 50.000000
78.000000 77.000000
161
-36.000000 90.000000
-96.000000 -49.000000
181
38.000000 73.000000
-58.000000 -17.000000
233
-20.000000 -34.000000
-80.000000 -23.000000
72
78.000000 -87.000000
-87.000000 88.000000
212
-83.000000 -78.000000
-51.000000 -31.000000
218
54.000000 -0.000000
-56.000000 -1.000000
160
-77.000000 -1.000000
-56.000000 -4.000000
113
62.000000 64.000000
61.000000 -38.000000
176
-34.000000 -47.000000
69.000000 -22.000000
201
-28.000000 2.000000
-92.000000 -24.000000
232
29.000000 -69.000000
96.000000 -26.000000
177
53.000000 54.000000
66.000000 -37.000000
59
-75.000000 68.000000
-97.000000 -48.000000
127
81.000000 32.000000
93.000000 79.000000
66
21.000000 58.000000
-91.000000 -34.000000
102
-80.000000 -22.000000
58.000000 85.000000
237
-4.000000 -60.000000
70.000000 86.000000
248
-64.000000 61.000000
98.000000 56.000000
245
-46.000000 37.000000
72.000000 -42.000000
151
-57.000000 4.000000
98.000000 -38.000000
51
3.000000 16.000000
-80.000000 -17.000000
212
56.000000 -7.000000
98.000000 99.000000
53
47.000000 63.000000
76.000000 -33.000000
114
68.000000 39.000000
-95.000000 77.000000
76
-39.000000 49.000000
-69.000000 83.000000
201
-42.000000 -14.000000
-68.000000 98.000000
73
-36.000000 -17.000000
51.000000 82.000000
223
17.000000 -44.000000
-61.000000 -30.000000
74
-11.000000 -63.000000
61.000000 69.000000
146
-63.000000 67.000000
-77.000000 77.000000
90
-64.000000 75.000000
66.000000 58.000000
206
-40.000000 -9.000000
96.000000 -43.000000
66
6.000000 -94.000000
-56.000000 52.000000
141
-4.000000 14.000000
-71.000000 -50.000000
179
62.000000 -7.000000
-58.000000 -22.000000
62
-88.000000 -3.000000
-75.000000 -45.000000
180
25.000000 -41.000000
-89.000000 70.000000
152
-53.000000 60.000000
55.000000 56.000000
198
-63.000000 11.000000
66.000000 85.000000
129
-26.000000 -41.000000
99.000000 74.000000
54
-83.000000 -1.000000
-56.000000 -39.000000
89
13.000000 78.000000
-91.000000 -29.000000
82
88.000000 -15.000000
74.000000 -42.000000
245
6.000000 -8.000000
-97.000000 -18.000000
167
22.000000 -29.000000
-86.000000 73.000000
156
57.000000 81.000000
-54.000000 61.000000
82
-16.000000 -76.000000
81.000000 -10.000000
181
20.000000 87.000000
-78.000000 -17.000000
90
93.000000 -60.000000
-75.000000 -27.000000
202
59.000000 -99.000000
-50.000000 -27.000000
185
-91.000000 98.000000
-52.000000 -33.000000
130
86.000000 -19.000000
57.000000 -36.000000
52
-93.000000 97.000000
-63.000000 -41.000000
62
-61.000000 56.000000
-84.000000 94.000000
59
35.000000 -82.000000
-98.000000 51.000000
52
37.000000 78.000000
-74.000000 -31.000000
106
-2.000000 13.000000
-89.000000 92.000000
242
69.000000 -31.000000
77.000000 -47.000000
202
67.000000 14.000000
-55.000000 -6.000000
159
-32.000000 -52.000000
-63.000000 64.000000
110
-95.000000 11.000000
74.000000 63.000000
222
-90.000000 -25.000000
94.000000 99.000000
151
-26.000000 -84.000000
-77.000000 -22.000000
143
-34.000000 93.000000
50.000000 -33.000000
232
38.000000 20.000000
-82.000000 74.000000
125
45.000000 39.000000
-68.000000 -14.000000
151
94.000000 47.000000
78.000000 53.000000
219
43.000000 45.000000
-68.000000 -20.000000
67
71.000000 -44.000000
67.000000 -4.000000
209
-90.000000 90.000000
-87.000000 57.000000
153
61.000000 87.000000
-99.000000 -25.000000
51
76.000000 93.000000
83.000000 72.000000
232
-23.000000 6.000000
59.000000 -46.000000
141
92.000000 -9.000000
-75.000000 75.000000
100
55.000000 -96.000000
76.000000 -20.000000
106
-52.000000 60.000000
66.000000 82.000000
121
71.000000 -99.000000
-85.000000 71.000000
135
-19.000000 -7.000000
-65.000000 59.000000
136
78.000000 0.000000
-59.000000 96.000000
239
91.000000 -75.000000
-69.000000 57.000000
77
-15.000000 30.000000
-86.000000 94.000000
187
97.000000 94.000000
-61.000000 -29.000000
231
71.000000 15.000000
99.000000 66.000000
187
-39.000000 56.000000
-98.000000 -34.000000
121
25.000000 26.000000
-63.000000 -34.000000
68
-46.000000 48.000000
52.000000 77.000000
152
17.000000 -83.000000
-63.000000 -9.000000
121
4.000000 -39.000000
89.000000 56.000000
145
-94.000000 -87.000000
53.000000 85.000000
131
67.000000 -90.000000
61.000000 -50.000000
148
-75.000000 66.000000
-96.000000 -21.000000
211
-83.000000 -22.000000
-63.000000 70.000000
155
-21.000000 -67.000000
-70.000000 69.000000
140
15.000000 -25.000000
-51.000000 -7.000000
132
-75.000000 -6.000000
-50.000000 53.000000
126
-54.000000 72.000000
-51.000000 -44.000000
104
69.000000 -89.000000
-97.000000 57.000000
192
27.000000 2.000000
61.000000 91.000000
161
86.000000 -20.000000
-50.000000 -15.000000
233
-42.000000 85.000000
-61.000000 -43.000000
228
-63.000000 7.000000
78.000000 90.000000
141
49.000000 86.000000
88.000000 60.000000
98
15.000000 -13.000000
88.000000 -4.000000
190
32.000000 -12.000000
56.000000 60.000000
113
-91.000000 54.000000
-98.000000 -21.000000
193
-52.000000 -61.000000
-76.000000 -17.000000
161
-51.000000 9.000000
83.000000 84.000000
215
-79.000000 56.000000
-62.000000 -10.000000
152
-81.000000 94.000000
91.000000 -1.000000
184
15.000000 4.000000
69.000000 -1.000000
73
-2.000000 76.000000
-72.000000 94.000000
227
16.000000 -45.000000
-81.000000 71.000000
203
65.000000 82.000000
-84.000000 -39.000000
156
-9.000000 23.000000
-51.000000 -24.000000
191
56.000000 -87.000000
-85.000000 -11.000000
155
-18.000000 39.000000
-60.000000 55.000000
185
14.000000 -16.000000
83.000000 -15.000000
193
-63.000000 -80.000000
-79.000000 74.000000
197
88.000000 63.000000
90.000000 -33.000000
66
89.000000 -14.000000
-64.000000 -9.000000
86
-20.000000 -81.000000
-90.000000 -19.000000
79
22.000000 98.000000
-86.000000 99.000000
120
-32.000000 -97.000000
55.000000 -24.000000
148
14.000000 6.000000
-64.000000 -24.000000
146
53.000000 -19.000000
-73.000000 91.000000
139
-11.000000 75.000000
-80.000000 75.000000
150
28.000000 87.000000
54.000000 -46.000000
197
-50.000000 69.000000
-69.000000 -19.000000
236
78.000000 11.000000
-63.000000 84.000000
81
72.000000 -90.000000
-69.000000 51.000000
224
-22.000000 -92.000000
-91.000000 64.000000
215
99.000000 86.000000
50.000000 -37.000000
89
21.000000 -58.000000
64.000000 71.000000
137
-28.000000 -87.000000
84.000000 -25.000000
237
71.000000 -68.000000
-85.000000 -7.000000
137
53.000000 92.000000
57.000000 76.000000
156
-20.000000 -93.000000
-61.000000 -26.000000
80
46.000000 -35.000000
95.000000 -8.000000
196
61.000000 -19.000000
-61.000000 -41.000000
110
-30.000000 97.000000
-77.000000 -2.000000
241
29.000000 80.000000
58.000000 79.000000
194
-72.000000 -11.000000
71.000000 -28.000000
249
44.000000 -2.000000
95.000000 -7.000000
197
80.000000 64.000000
-87.000000 58.000000
202
8.000000 -91.000000
58.000000 -7.000000
84
-16.000000 -50.000000
95.000000 76.000000
103
-51.000000 -44.000000
75.000000 -46.000000
190
61.000000 -98.000000
60.000000 92.000000
137
-90.000000 -71.000000
74.000000 -11.000000
141
-34.000000 -84.000000
-92.000000 -18.000000
127
89.000000 -22.000000
-75.000000 51.000000
185
-15.000000 -69.000000
97.000000 88.000000
245
87.000000 62.000000
-90.000000 -44.000000
57
-84.000000 -13.000000
-84.000000 -41.000000
142
97.000000 27.000000
-81.000000 70.000000
153
-51.000000 38.000000
73.000000 -10.000000
229
-74.000000 98.000000
-91.000000 -48.000000
125
-98.000000 -31.000000
73.000000 -42.000000
71
2.000000 37.000000
-95.000000 94.000000
122
-21.000000 68.000000
-75.000000 -48.000000
61
8.000000 -39.000000
-62.000000 82.000000
148
73.000000 13.000000
88.000000 -30.000000
73
-54.000000 70.000000
66.000000 -20.000000
111
-21.000000 -25.000000
99.000000 94.000000
56
65.000000 -39.000000
-63.000000 88.000000
70
-34.000000 -44.000000
-73.000000 88.000000
177
9.000000 -84.000000
-67.000000 76.000000
213
-23.000000 -41.000000
62.000000 54.000000
189
16.000000 -62.000000
67.000000 -45.000000
171
56.000000 65.000000
53.000000 -14.000000
82
-97.000000 -70.000000
-56.000000 92.000000
221
67.000000 57.000000
-64.000000 -32.000000
136
-65.000000 97.000000
77.000000 -15.000000
103
-88.000000 -35.000000
66.000000 -45.000000
86
77.000000 -33.000000
73.000000 -44.000000
202
-3.000000 54.000000
56.000000 -33.000000
210
42.000000 75.000000
68.000000 55.000000
185
26.000000 62.000000
-75.000000 -27.000000
235
-89.000000 -11.000000
68.000000 -43.000000
76
-19.000000 93.000000
98.000000 -17.000000
92
-16.000000 26.000000
89.000000 96.000000
132
-61.000000 16.000000
92.000000 85.000000
224
76.000000 51.000000
99.000000 -35.000000
218
84.000000 88.000000
50.000000 -4.000000
217
64.000000 -8.000000
-54.000000 68.000000
225
77.000000 20.000000
-73.000000 -33.000000
112
84.000000 8.000000
65.000000 -12.000000
153
-13.000000 34.000000
-69.000000 -19.000000
135
8.000000 -9.000000
61.000000 52.000000
142
43.000000 -10.000000
59.000000 83.000000
82
-7.000000 -16.000000
85.000000 -37.000000
162
-88.000000 52.000000
97.000000 -3.000000
121
22.000000 -72.000000
59.000000 -42.000000
79
43.000000 -3.000000
-95.000000 61.000000
185
-5.000000 26.000000
-81.000000 -28.000000
93
77.000000 50.000000
94.000000 80.000000
184
69.000000 91.000000
-63.000000 63.000000
178
11.000000 85.000000
78.000000 -23.000000
53
16.000000 -71.000000
-93.000000 51.000000
107
55.000000 -20.000000
-75.000000 -37.000000
129
32.000000 -92.000000
-83.000000 -16.000000
110
-30.000000 -14.000000
-85.000000 -42.000000
84
60.000000 11.000000
-76.000000 -10.000000
244
80.000000 41.000000
55.000000 -32.000000
165
22.000000 -86.000000
78.000000 -11.000000
218
-43.000000 -59.000000
-55.000000 -41.000000
54
-53.000000 -39.000000
-65.000000 -49.000000
248
38.000000 46.000000
86.000000 66.000000
101
62.000000 96.000000
-57.000000 -45.000000
218
0.000000 20.000000
-79.000000 -5.000000
58
-82.000000 59.000000
-95.000000 97.000000
179
-95.000000 -57.000000
-75.000000 95.000000
145
-46.000000 84.000000
-57.000000 -7.000000
200
-83.000000 -64.000000
-59.000000 58.000000
81
42.000000 71.000000
-98.000000 -28.000000
239
-52.000000 90.000000
-82.000000 -4.000000
68
-37.000000 87.000000
73.000000 75.000000
96
63.000000 -59.000000
-84.000000 84.000000
100
85.000000 -77.000000
71.000000 -21.000000
243
97.000000 94.000000
-51.000000 -13.000000
84
36.000000 40.000000
-52.000000 -39.000000
236
75.000000 -30.000000
-67.000000 64.000000
93
-59.000000 64.000000
56.000000 50.000000
197
76.000000 -64.000000
85.000000 55.000000
241
94.000000 36.000000
99.000000 -20.000000
200
33.000000 -13.000000
70.000000 -3.000000
189
-3.000000 -80.000000
-56.000000 79.000000
76
22.000000 86.000000
-76.000000 51.000000
202
16.000000 -10.000000
-95.000000 -10.000000
248
-56.000000 -32.000000
76.000000 -47.000000
248
78.000000 46.000000
-96.000000 79.000000
145
73.000000 -18.000000
-88.000000 95.000000
90
-41.000000 39.000000
-96.000000 86.000000
169
4.000000 -67.000000
96.000000 84.000000
125
84.000000 -40.000000
61.000000 75.000000
167
-77.000000 9.000000
-93.000000 -20.000000
68
-77.000000 -9.000000
-87.000000 -15.000000
101
-11.000000 -85.000000
-97.000000 93.000000
146
-96.000000 19.000000
-68.000000 55.000000
66
-88.000000 47.000000
95.000000 -37.000000
192
-49.000000 -62.000000
76.000000 69.000000
198
-31.000000 -47.000000
91.000000 53.000000
183
40.000000 77.000000
-84.000000 61.000000
108
2.000000 91.000000
-85.000000 88.000000
109
91.000000 -40.000000
-69.000000 78.000000
127
-71.000000 47.000000
73.000000 -6.000000
145
24.000000 68.000000
-80.000000 67.000000
188
-93.000000 -68.000000
-70.000000 79.000000
105
80.000000 95.000000
-94.000000 -10.000000
93
35.000000 79.000000
50.000000 -36.000000
128
82.000000 -2.000000
-85.000000 -7.000000
154
-23.000000 -10.000000
-97.000000 -10.000000
153
-26.000000 -46.000000
-76.000000 -10.000000
189
82.000000 -37.000000
50.000000 -28.000000
50
-23.000000 23.000000
-52.000000 -40.000000
159
-74.000000 67.000000
51.000000 -25.000000
226
43.000000 -76.000000
52.000000 84.000000
134
-49.000000 59.000000
87.000000 -23.000000
61
-40.000000 56.000000
-94.000000 80.000000
93
-10.000000 79.000000
-50.000000 -17.000000
239
-94.000000 -15.000000
-50.000000 66.000000
76
34.000000 51.000000
56.000000 -28.000000
177
80.000000 25.000000
-78.000000 65.000000
71
-24.000000 -35.000000
71.000000 -10.000000
99
-29.000000 19.000000
82.000000 -4.000000
220
14.000000 -81.000000
90.000000 92.000000
167
92.000000 -78.000000
-76.000000 78.000000
160
-2.000000 10.000000
-90.000000 -2.000000
93
5.000000 -88.000000
74.000000 60.000000
66
-79.000000 26.000000
-86.000000 89.000000
150
6.000000 -6.000000
-71.000000 77.000000
132
-80.000000 -18.000000
-68.000000 -31.000000
222
-42.000000 -41.000000
-88.000000 -19.000000
92
-83.000000 -60.000000
-67.000000 71.000000
82
71.000000 53.000000
-68.000000 80.000000
172
-3.000000 29.000000
94.000000 -43.000000
242
-19.000000 -97.000000
76.000000 65.000000
57
49.000000 -30.000000
-83.000000 -1.000000
194
39.000000 -36.000000
63.000000 -14.000000
110
-77.000000 74.000000
88.000000 81.000000
149
78.000000 25.000000
-83.000000 -18.000000
76
-13.000000 47.000000
80.000000 66.000000
59
99.000000 36.000000
-75.000000 -34.000000
214
-90.000000 59.000000
-91.000000 51.000000
226
-21.000000 -16.000000
-58.000000 70.000000
72
51.000000 -33.000000
91.000000 -19.000000
211
49.000000 -74.000000
82.000000 -33.000000
128
65.000000 -74.000000
76.000000 89.000000
208
21.000000 -80.000000
53.000000 -22.000000
198
78.000000 -98.000000
-61.000000 89.000000
203
83.000000 -88.000000
-81.000000 89.000000
147
84.000000 -70.000000
52.000000 -1.000000
61
-85.000000 -69.000000
98.000000 58.000000
91
-72.000000 -34.000000
-72.000000 -27.000000
126
-19.000000 80.000000
-65.000000 -8.000000
140
-44.000000 -48.000000
-94.000000 96.000000
164
-88.000000 -96.000000
61.000000 -1.000000
148
39.000000 48.000000
98.000000 -8.000000
56
-29.000000 -39.000000
-76.000000 88.000000
54
71.000000 82.000000
86.000000 -8.000000
186
-77.000000 -11.000000
50.000000 -6.000000
132
-6.000000 11.000000
-98.000000 -41.000000
135
35.000000 -4.000000
-80.000000 -49.000000
125
-7.000000 -19.000000
-84.000000 -2.000000
145
17.000000 -24.000000
66.000000 72.000000
199
-40.000000 63.000000
-88.000000 -5.000000
110
59.000000 -69.000000
54.000000 56.000000
246
55.000000 5.000000
69.000000 74.000000
187
-29.000000 9.000000
-51.000000 -36.000000
116
-74.000000 -61.000000
83.000000 -26.000000
70
86.000000 31.000000
-85.000000 79.000000
113
-47.000000 -50.000000
-70.000000 62.000000
110
77.000000 -91.000000
-84.000000 86.000000
54
-74.000000 97.000000
57.000000 -22.000000
230
-12.000000 -96.000000
58.000000 -5.000000
129
53.000000 6.000000
95.000000 50.000000
118
-79.000000 25.000000
-56.000000 93.000000
154
-12.000000 57.000000
-51.000000 -32.000000
103
41.000000 18.000000
-53.000000 96.000000
100
-12.000000 33.000000
-80.000000 88.000000
103
18.000000 -56.000000
74.000000 -16.000000
61
-43.000000 -84.000000
78.000000 -6.000000
179
44.000000 -80.000000
-94.000000 -20.000000
245
16.000000 -4.000000
80.000000 70.000000
78
-52.000000 -23.000000
80.000000 95.000000
72
16.000000 63.000000
-91.000000 -7.000000
245
-78.000000 48.000000
63.000000 -22.000000
115
50.000000 -57.000000
-92.000000 -6.000000
106
90.000000 -20.000000
-62.000000 76.000000
97
75.000000 27.000000
-52.000000 -38.000000
77
-68.000000 46.000000
63.000000 -18.000000
183
65.000000 24.000000
-70.000000 85.000000
153
76.000000 25.000000
51.000000 71.000000
102
61.000000 52.000000
50.000000 -4.000000
217
39.000000 -41.000000
91.000000 98.000000
239
-18.000000 -70.000000
51.000000 78.000000
84
-80.000000 91.000000
56.000000 58.000000
77
-87.000000 93.000000
50.000000 85.000000
60
-93.000000 -54.000000
64.000000 75.000000
174
78.000000 -28.000000
-92.000000 96.000000
245
37.000000 -25.000000
91.000000 93.000000
217
81.000000 3.000000
59.000000 -35.000000
164
-67.000000 5.000000
-59.000000 53.000000
71
-64.000000 96.000000
-80.000000 87.000000
159
67.000000 12.000000
-63.000000 -15.000000
92
-3.000000 0.000000
84.000000 -33.000000
82
-50.000000 6.000000
-92.000000 56.000000
249
-40.000000 -8.000000
86.000000 94.000000
205
9.000000 -13.000000
-61.000000 -6.000000
141
-41.000000 -88.000000
-73.000000 -47.000000
107
6.000000 -85.000000
74.000000 85.000000
184
-12.000000 96.000000
-64.000000 -41.000000
249
-10.000000 86.000000
70.000000 -33.000000
209
-42.000000 -74.000000
90.000000 -50.000000
206
64.000000 30.000000
-76.000000 58.000000
167
-35.000000 31.000000
-93.000000 -34.000000
82
74.000000 -49.000000
-54.000000 -9.000000
139
-75.000000 -75.000000
-97.000000 -5.000000
97
13.000000 -55.000000
-61.000000 -30.000000
209
-56.000000 -27.000000
88.000000 -2.000000
67
-42.000000 77.000000
96.000000 -9.000000
204
-67.000000 -36.000000
96.000000 78.000000
126
32.000000 39.000000
54.000000 -5.000000
229
-41.000000 30.000000
-89.000000 -24.000000
98
74.000000 -50.000000
-73.000000 -21.000000
225
-31.000000 -79.000000
-89.000000 -47.000000
196
-57.000000 20.000000
-92.000000 -12.000000
133
-80.000000 49.000000
73.000000 78.000000
205
-70.000000 -70.000000
-79.000000 86.000000
139
-90.000000 -28.000000
-84.000000 59.000000
190
-77.000000 -89.000000
55.000000 -43.000000
233
-67.000000 81.000000
59.000000 50.000000
62
58.000000 -93.000000
75.000000 -43.000000
206
17.000000 27.000000
-95.000000 -40.000000
132
38.000000 1.000000
-52.000000 72.000000
219
-69.000000 78.000000
51.000000 64.000000
53
40.000000 -48.000000
-74.000000 53.000000
220
-5.000000 49.000000
71.000000 67.000000
170
-31.000000 92.000000
-82.000000 -14.000000
67
-68.000000 80.000000
-73.000000 -22.000000
148
69.000000 -84.000000
-62.000000 60.000000
57
61.000000 10.000000
-63.000000 -40.000000
106
35.000000 -66.000000
-56.000000 87.000000
146
81.000000 99.000000
-71.000000 82.000000
54
-99.000000 -9.000000
-80.000000 63.000000
230
54.000000 2.000000
97.000000 -24.000000
203
76.000000 13.000000
95.000000 72.000000
107
98.000000 -40.000000
96.000000 -47.000000
164
11.000000 16.000000
52.000000 -42.000000
147
-14.000000 16.000000
-97.000000 83.000000
156
28.000000 -71.000000
-80.000000 83.000000
179
-53.000000 -81.000000
58.000000 -7.000000
218
-90.000000 79.000000
-95.000000 62.000000
242
39.000000 29.000000
66.000000 54.000000
167
-97.000000 -42.000000
74.000000 98.000000
170
64.000000 84.000000
-96.000000 88.000000
123
-8.000000 5.000000
-90.000000 -5.000000
247
85.000000 75.000000
91.000000 92.000000
203
1.000000 18.000000
52.000000 -24.000000
199
-20.000000 -12.000000
-98.000000 86.000000
232
65.000000 -91.000000
-73.000000 -46.000000
162
-30.000000 78.000000
84.000000 56.000000
249
-33.000000 95.000000
69.000000 63.000000
50
39.000000 56.000000
-57.000000 -7.000000
71
-20.000000 -77.000000
71.000000 -13.000000
117
64.000000 43.000000
78.000000 51.000000
231
-34.000000 42.000000
84.000000 76.000000
180
-63.000000 -53.000000
-97.000000 54.000000
161
31.000000 8.000000
94.000000 -40.000000
89
39.000000 10.000000
76.000000 -25.000000
237
55.000000 14.000000
-60.000000 -42.000000
237
33.000000 34.000000
-79.000000 -5.000000
111
16.000000 -69.000000
-99.000000 77.000000
225
47.000000 -61.000000
56.000000 62.000000
164
1.000000 39.000000
-61.000000 -43.000000
180
53.000000 61.000000
-90.000000 55.000000
200
71.000000 -41.000000
64.000000 -20.000000
235
95.000000 70.000000
85.000000 77.000000
177
-34.000000 -20.000000
-58.000000 80.000000
78
-45.000000 -81.000000
-56.000000 88.000000
94
75.000000 -77.000000
-58.000000 -7.000000
241
-47.000000 28.000000
-89.000000 84.000000
197
-54.000000 59.000000
85.000000 -21.000000
140
97.000000 99.000000
69.000000 98.000000
115
-42.000000 32.000000
-70.000000 98.000000
88
28.000000 37.000000
-90.000000 56.000000
155
-19.000000 93.000000
82.000000 -20.000000
239
-50.000000 -4.000000
-63.000000 77.000000
221
76.000000 -19.000000
88.000000 -38.000000
79
-74.000000 16.000000
-92.000000 -16.000000
137
-13.000000 83.000000
75.000000 60.000000
85
36.000000 -99.000000
-51.000000 67.000000
122
-73.000000 -74.000000
77.000000 -19.000000
149
-19.000000 34.000000
86.000000 -17.000000
185
69.000000 -44.000000
-68.000000 -13.000000
234
-11.000000 80.000000
-80.000000 84.000000
111
-67.000000 -93.000000
-66.000000 -47.000000
200
61.000000 -91.000000
98.000000 60.000000
85
-47.000000 15.000000
60.000000 -7.000000
244
-33.000000 38.000000
68.000000 75.000000
156
-83.000000 35.000000
98.000000 79.000000
60
2.000000 49.000000
83.000000 -27.000000
62
-62.000000 41.000000
-70.000000 74.000000
169
-90.000000 -23.000000
-64.000000 78.000000
60
-18.000000 62.000000
-77.000000 65.000000
151
75.000000 -46.000000
-70.000000 -22.000000
187
62.000000 -14.000000
-76.000000 -38.000000
185
2.000000 -56.000000
-86.000000 70.000000
237
-91.000000 14.000000
-94.000000 71.000000
108
25.000000 5.000000
56.000000 68.000000
177
70.000000 65.000000
-55.000000 89.000000
198
-43.000000 27.000000
56.000000 -40.000000
88
70.000000 84.000000
69.000000 82.000000
190
97.000000 -83.000000
-83.000000 -50.000000
68
-78.000000 11.000000
56.000000 87.000000
86
66.000000 75.000000
86.000000 -6.000000
127
5.000000 -10.000000
-97.000000 91.000000
243
-96.000000 77.000000
77.000000 99.000000
145
48.000000 51.000000
58.000000 92.000000
203
41.000000 1.000000
86.000000 -44.000000
242
-45.000000 78.000000
67.000000 85.000000
183
-94.000000 25.000000
-71.000000 65.000000
204
14.000000 31.000000
78.000000 69.000000
166
-25.000000 27.000000
66.000000 -34.000000
168
2.000000 -0.000000
80.000000 85.000000
184
-91.000000 -92.000000
-63.000000 -38.000000
179
81.000000 -24.000000
-65.000000 -46.000000
137
25.000000 -98.000000
71.000000 -6.000000
120
-30.000000 87.000000
-63.000000 -44.000000
73
-72.000000 -72.000000
-84.000000 -5.000000
103
-30.000000 -3.000000
68.000000 55.000000
220
-2.000000 -3.000000
55.000000 82.000000
120
78.000000 -18.000000
-64.000000 -7.000000
146
-85.000000 -66.000000
52.000000 87.000000
248
72.000000 78.000000
-50.000000 -46.000000
199
55.000000 -16.000000
-66.000000 55.000000
168
-67.000000 67.000000
-99.000000 82.000000
135
-15.000000 -41.000000
-61.000000 85.000000
70
51.000000 -80.000000
85.000000 53.000000
146
47.000000 12.000000
-99.000000 -22.000000
147
-1.000000 99.000000
-52.000000 86.000000
144
29.000000 -66.000000
-90.000000 -29.000000
170
64.000000 -28.000000
-74.000000 -47.000000
55
-0.000000 89.000000
88.000000 -15.000000
181
60.000000 -98.000000
76.000000 -7.000000
225
-78.000000 93.000000
-82.000000 -48.000000
222
59.000000 -59.000000
-66.000000 -6.000000
233
55.000000 -61.000000
55.000000 70.000000
174
-6.000000 6.000000
-62.000000 87.000000
132
11.000000 -31.000000
65.000000 98.000000
213
44.000000 63.000000
53.000000 94.000000
140
6.000000 -86.000000
-68.000000 -48.000000
90
45.000000 -98.000000
-94.000000 81.000000
84
-48.000000 64.000000
-74.000000 -33.000000
125
15.000000 -42.000000
-88.000000 -45.000000
163
50.000000 -91.000000
-77.000000 85.000000
183
70.000000 -14.000000
-99.000000 78.000000
192
-7.000000 -80.000000
-74.000000 73.000000
181
98.000000 35.000000
-51.000000 -13.000000
120
40.000000 -3.000000
-56.000000 -35.000000
233
41.000000 32.000000
-84.000000 94.000000
96
53.000000 60.000000
94.000000 -35.000000
91
62.000000 -32.000000
94.000000 -28.000000
128
-44.000000 0.000000
-74.000000 98.000000
55
-10.000000 -47.000000
-98.000000 69.000000
108
-74.000000 2.000000
55.000000 -6.000000
65
-25.000000 -19.000000
95.000000 -5.000000
191
-16.000000 -56.000000
-73.000000 -46.000000
197
64.000000 -66.000000
98.000000 53.000000
70
19.000000 43.000000
85.000000 73.000000
111
-41.000000 76.000000
-86.000000 78.000000
52
3.000000 11.000000
75.000000 -18.000000
158
57.000000 51.000000
-95.000000 -1.000000
234
10.000000 59.000000
63.000000 74.000000
160
3.000000 12.000000
70.000000 93.000000
204
-61.000000 -77.000000
94.000000 -16.000000
71
-82.000000 -57.000000
54.000000 -36.000000
105
-49.000000 86.000000
54.000000 -36.000000
75
-79.000000 24.000000
-92.000000 79.000000
246
57.000000 -13.000000
69.000000 73.000000
77
-13.000000 0.000000
55.000000 -41.000000
79
-60.000000 34.000000
90.000000 93.000000
144
-65.000000 54.000000
60.000000 79.000000
55
-74.000000 -72.000000
67.000000 85.000000
107
69.000000 -82.000000
-76.000000 82.000000
129
3.000000 88.000000
-51.000000 -10.000000
50
-68.000000 -34.000000
-65.000000 -20.000000
140
-31.000000 64.000000
-91.000000 83.000000
162
8.000000 -29.000000
63.000000 63.000000
136
82.000000 -34.000000
-53.000000 -13.000000
119
-1.000000 8.000000
82.000000 -40.000000
186
-83.000000 -62.000000
85.000000 58.000000
124
-24.000000 -81.000000
-99.000000 -35.000000
115
96.000000 39.000000
61.000000 65.000000
207
-43.000000 63.000000
-85.000000 62.000000
228
-96.000000 45.000000
-95.000000 -43.000000
94
45.000000 25.000000
88.000000 65.000000
217
-83.000000 -34.000000
86.000000 -50.000000
95
37.000000 -6.000000
84.000000 -16.000000
221
-98.000000 -13.000000
55.000000 76.000000
240
66.000000 9.000000
61.000000 -5.000000
54
-8.000000 -96.000000
80.000000 -19.000000
133
-39.000000 46.000000
-67.000000 -28.000000
121
-42.000000 93.000000
-99.000000 97.000000
247
-36.000000 53.000000
67.000000 -18.000000
94
-16.000000 16.000000
-91.000000 -46.000000
145
-78.000000 34.000000
-99.000000 -14.000000
114
-40.000000 -2.000000
-85.000000 78.000000
211
-89.000000 48.000000
-59.000000 -28.000000
154
-29.000000 82.000000
58.000000 98.000000
158
-81.000000 -25.000000
-81.000000 57.000000
82
-69.000000 60.000000
62.000000 -7.000000
199
-71.000000 -61.000000
-97.000000 -18.000000
184
-42.000000 -69.000000
60.000000 -2.000000
105
-64.000000 -67.000000
71.000000 83.000000
55
43.000000 48.000000
-71.000000 -16.000000
175
88.000000 8.000000
86.000000 69.000000
210
-2.000000 -34.000000
-57.000000 80.000000
211
-22.000000 69.000000
-70.000000 53.000000
178
82.000000 13.000000
-77.000000 82.000000
154
-6.000000 -39.000000
54.000000 -3.000000
101
-83.000000 -80.000000
65.000000 -33.000000
190
91.000000 60.000000
74.000000 -22.000000
150
-27.000000 -57.000000
69.000000 84.000000
190
30.000000 91.000000
-77.000000 72.000000
97
-91.000000 -65.000000
-51.000000 -5.000000
235
4.000000 68.000000
97.000000 -31.000000
84
22.000000 -90.000000
-62.000000 96.000000
236
-53.000000 94.000000
-84.000000 83.000000
233
-71.000000 42.000000
-83.000000 -38.000000
54
-40.000000 33.000000
91.000000 -30.000000
192
-31.000000 -5.000000
-94.000000 -39.000000
135
78.000000 -85.000000
-91.000000 85.000000
184
65.000000 76.000000
72.000000 83.000000
66
19.000000 -68.000000
-93.000000 54.000000
149
-54.000000 94.000000
-59.000000 77.000000
233
48.000000 -33.000000
85.000000 -33.000000
84
91.000000 33.000000
71.000000 96.000000
245
92.000000 -59.000000
-67.000000 50.000000
63
13.000000 -63.000000
97.000000 76.000000
73
75.000000 48.000000
-77.000000 65.000000
50
-11.000000 18.000000
55.000000 51.000000
114
-98.000000 -92.000000
70.000000 -4.000000
119
66.000000 -74.000000
75.000000 91.000000
165
85.000000 -81.000000
95.000000 -25.000000
131
45.000000 11.000000
-76.000000 88.000000
72
16.000000 19.000000
54.000000 92.000000
53
83.000000 54.000000
-57.000000 -49.000000
214
-5.000000 34.000000
62.000000 -6.000000
91
88.000000 38.000000
-79.000000 69.000000
149
93.000000 91.000000
80.000000 -30.000000
217
-54.000000 -71.000000
-92.000000 -14.000000
133
55.000000 95.000000
-77.000000 -44.000000
176
87.000000 83.000000
-80.000000 -9.000000
224
18.000000 -45.000000
69.000000 90.000000
158
-13.000000 6.000000
98.000000 -30.000000
138
-9.000000 -5.000000
-70.000000 -29.000000
102
91.000000 -74.000000
-70.000000 -17.000000
55
85.000000 40.000000
-64.000000 72.000000
180
-38.000000 -97.000000
-96.000000 68.000000
247
-4.000000 57.000000
53.000000 50.000000
175
-22.000000 18.000000
-59.000000 -37.000000
111
-77.000000 -19.000000
89.000000 79.000000
111
64.000000 -15.000000
69.000000 72.000000
140
94.000000 -61.000000
60.000000 -41.000000
130
-47.000000 -47.000000
-90.000000 -36.000000
58
-76.000000 -82.000000
-60.000000 -30.000000
166
-2.000000 50.000000
-87.000000 -33.000000
152
86.000000 -56.000000
86.000000 65.000000
194
-10.000000 65.000000
51.000000 -48.000000
185
-72.000000 93.000000
-63.000000 60.000000
195
2.000000 -56.000000
94.000000 51.000000
135
-63.000000 76.000000
83.000000 -7.000000
135
-83.000000 -98.000000
-58.000000 -38.000000
204
11.000000 88.000000
88.000000 94.000000
160
-52.000000 -8.000000
58.000000 77.000000
223
-41.000000 -43.000000
-64.000000 83.000000
175
0.000000 -10.000000
-77.000000 -33.000000
183
90.000000 36.000000
50.000000 -48.000000
70
-23.000000 28.000000
-94.000000 52.000000
142
-13.000000 -4.000000
-80.000000 59.000000
161
65.000000 -21.000000
-96.000000 -7.000000
163
61.000000 -39.000000
85.000000 71.000000
224
-7.000000 95.000000
50.000000 74.000000
170
47.000000 44.000000
-73.000000 59.000000
99
-42.000000 84.000000
-61.000000 -47.000000
206
-32.000000 81.000000
-66.000000 98.000000
227
85.000000 74.000000
94.000000 -16.000000
184
51.000000 -0.000000
-92.000000 -1.000000
169
84.000000 78.000000
67.000000 -9.000000
87
24.000000 69.000000
-83.000000 90.000000
99
41.000000 -58.000000
-94.000000 -17.000000
106
55.000000 9.000000
65.000000 -44.000000
206
-6.000000 -54.000000
-65.000000 81.000000
63
-50.000000 -80.000000
72.000000 -27.000000
166
2.000000 29.000000
93.000000 73.000000
86
-78.000000 -7.000000
72.000000 73.000000
121
-52.000000 -92.000000
57.000000 -37.000000
243
-61.000000 -92.000000
63.000000 -4.000000
248
-4.000000 95.000000
61.000000 -13.000000
198
64.000000 1.000000
79.000000 69.000000
161
-56.000000 98.000000
-54.000000 -20.000000
221
58.000000 81.000000
86.000000 51.000000
175
27.000000 60.000000
75.000000 51.000000
175
51.000000 -73.000000
-92.000000 -43.000000
170
-63.000000 -15.000000
-97.000000 87.000000
73
60.000000 -83.000000
89.000000 69.000000
211
41.000000 -43.000000
72.000000 82.000000
56
-57.000000 -61.000000
-97.000000 78.000000
203
74.000000 19.000000
-54.000000 51.000000
103
83.000000 -16.000000
-69.000000 96.000000
224
43.000000 -70.000000
87.000000 52.000000
86
-56.000000 -53.000000
83.000000 56.000000
74
-35.000000 -17.000000
-58.000000 73.000000
235
-4.000000 -1.000000
-70.000000 -5.000000
197
-85.000000 78.000000
73.000000 65.000000
128
-79.000000 95.000000
57.000000 79.000000
211
15.000000 -97.000000
-86.000000 62.000000
237
-62.000000 81.000000
-66.000000 90.000000
189
-64.000000 39.000000
-98.000000 76.000000
55
8.000000 86.000000
67.000000 -46.000000
233
72.000000 -59.000000
-58.000000 58.000000
125
-84.000000 82.000000
89.000000 -3.000000
143
-40.000000 -15.000000
-79.000000 -47.000000
153
-41.000000 50.000000
-57.000000 83.000000
79
-20.000000 -94.000000
-53.000000 73.000000
77
-94.000000 70.000000
-56.000000 -44.000000
64
20.000000 55.000000
-53.000000 60.000000
130
-61.000000 74.000000
-77.000000 -4.000000
76
-75.000000 -58.000000
-79.000000 93.000000
70
-99.000000 -40.000000
79.000000 -28.000000
119
-64.000000 -75.000000
67.000000 63.000000
217
86.000000 20.000000
-72.000000 -44.000000
205
66.000000 -36.000000
57.000000 -35.000000
205
-91.000000 -66.000000
51.000000 81.000000
242
12.000000 -19.000000
75.000000 77.000000
116
-10.000000 84.000000
59.000000 -14.000000
98
-23.000000 -42.000000
90.000000 69.000000
159
-46.000000 -19.000000
-77.000000 -22.000000
231
57.000000 40.000000
68.000000 -22.000000
191
35.000000 -1.000000
-75.000000 74.000000
109
-17.000000 53.000000
61.000000 85.000000
204
-73.000000 -16.000000
56.000000 -31.000000
96
18.000000 61.000000
91.000000 -50.000000
177
1.000000 -81.000000
-59.000000 -18.000000
154
56.000000 87.000000
65.000000 -23.000000
157
-37.000000 -33.000000
-99.000000 -2.000000
85
89.000000 52.000000
83.000000 76.000000
103
52.000000 0.000000
-64.000000 -31.000000
92
20.000000 -51.000000
-97.000000 -36.000000
154
9.000000 35.000000
62.000000 -2.000000
81
-52.000000 -32.000000
-88.000000 65.000000
105
-67.000000 -3.000000
-67.000000 89.000000
164
-9.000000 -23.000000
88.000000 -16.000000
155
-38.000000 43.000000
79.000000 -47.000000
167
90.000000 65.000000
89.000000 85.000000
167
-16.000000 89.000000
64.000000 -27.000000
51
-58.000000 21.000000
65.000000 87.000000
233
-26.000000 -68.000000
-78.000000 62.000000
244
-26.000000 56.000000
-91.000000 66.000000
99
5.000000 9.000000
70.000000 -45.000000
187
3.000000 -99.000000
-62.000000 -28.000000
113
-98.000000 -71.000000
91.000000 -7.000000
191
-12.000000 68.000000
-75.000000 73.000000
156
-42.000000 24.000000
-69.000000 55.000000
68
-77.000000 70.000000
84.000000 -25.000000
110
81.000000 -61.000000
-66.000000 -47.000000
216
-51.000000 67.000000
65.000000 -24.000000
112
-54.000000 -11.000000
59.000000 83.000000
87
29.000000 24.000000
-65.000000 63.000000
170
45.000000 60.000000
80.000000 -47.000000
75
67.000000 -87.000000
56.000000 57.000000
65
-34.000000 -18.000000
84.000000 73.000000
154
73.000000 -0.000000
65.000000 -12.000000
66
44.000000 14.000000
59.000000 86.000000
249
-39.000000 42.000000
-93.000000 -34.000000
112
22.000000 -84.000000
63.000000 57.000000
188
-6.000000 -75.000000
88.000000 -38.000000
193
-83.000000 -28.000000
-68.000000 -47.000000
147
70.000000 57.000000
94.000000 -10.000000
234
66.000000 46.000000
93.000000 73.000000
226
-78.000000 0.000000
-80.000000 -16.000000
245
60.000000 61.000000
-80.000000 91.000000
59
-41.000000 59.000000
-62.000000 -44.000000
62
29.000000 76.000000
-80.000000 -12.000000
172
85.000000 -73.000000
80.000000 -22.000000
61
26.000000 49.000000
51.000000 79.000000
243
-38.000000 91.000000
86.000000 64.000000
116
1.000000 22.000000
81.000000 72.000000
146
36.000000 -1.000000
90.000000 74.000000
189
65.000000 -79.000000
62.000000 78.000000
168
35.000000 88.000000
57.000000 -6.000000
207
-2.000000 25.000000
-59.000000 -27.000000
51
85.000000 -17.000000
73.000000 60.000000
101
37.000000 27.000000
83.000000 -14.000000
54
44.000000 -18.000000
-80.000000 74.000000
91
32.000000 57.000000
-95.000000 75.000000
124
11.000000 -67.000000
57.000000 -14.000000
94
-36.000000 -67.000000
67.000000 86.000000
210
-58.000000 86.000000
-62.000000 53.000000
242
75.000000 78.000000
65.000000 77.000000
71
-55.000000 -25.000000
-57.000000 -26.000000
211
27.000000 -45.000000
64.000000 -45.000000
78
43.000000 80.000000
-50.000000 -22.000000
228
-78.000000 84.000000
63.000000 77.000000
110
-10.000000 88.000000
-80.000000 -47.000000
184
-72.000000 -55.000000
78.000000 -40.000000
153
-88.000000 31.000000
90.000000 -29.000000
120
69.000000 -26.000000
98.000000 -17.000000
84
-46.000000 27.000000
86.000000 -29.000000
235
70.000000 61.000000
-57.000000 69.000000
77
6.000000 -98.000000
-91.000000 -1.000000
87
-73.000000 70.000000
-55.000000 65.000000
163
24.000000 -80.000000
88.000000 80.000000
182
13.000000 -94.000000
80.000000 55.000000
239
78.000000 -33.000000
-96.000000 90.000000
84
-65.000000 38.000000
77.000000 84.000000
114
62.000000 88.000000
-87.000000 87.000000
125
1.000000 -75.000000
-94.000000 -26.000000
109
-58.000000 -63.000000
62.000000 81.000000
244
47.000000 48.000000
78.000000 -48.000000
176
35.000000 -96.000000
75.000000 88.000000
153
-0.000000 94.000000
63.000000 -39.000000
126
10.000000 75.000000
69.000000 72.000000
228
-52.000000 -8.000000
-74.000000 -37.000000
155
59.000000 -3.000000
-56.000000 59.000000
173
-36.000000 51.000000
89.000000 58.000000
83
19.000000 -14.000000
97.000000 61.000000
100
87.000000 -64.000000
81.000000 76.000000
214
-31.000000 93.000000
55.000000 -7.000000
173
3.000000 -15.000000
70.000000 77.000000
216
14.000000 -56.000000
-96.000000 -17.000000
117
51.000000 -48.000000
-95.000000 -18.000000
236
10.000000 61.000000
88.000000 76.000000
101
23.000000 44.000000
-77.000000 53.000000
128
85.000000 -18.000000
87.000000 58.000000
159
-12.000000 31.000000
-80.000000 -19.000000
199
-73.000000 -4.000000
81.000000 50.000000
225
-86.000000 -23.000000
89.000000 60.000000
56
80.000000 -13.000000
87.000000 68.000000
131
-97.000000 60.000000
-82.000000 78.000000
54
-67.000000 4.000000
-70.000000 92.000000
170
68.000000 18.000000
54.000000 50.000000
176
16.000000 -55.000000
85.000000 71.000000
66
2.000000 -90.000000
-61.000000 71.000000
112
8.000000 -72.000000
-65.000000 93.000000
144
-19.000000 -23.000000
-66.000000 80.000000
52
-82.000000 56.000000
-79.000000 -2.000000
171
76.000000 49.000000
-74.000000 -20.000000
94
-15.000000 68.000000
84.000000 67.000000
223
44.000000 16.000000
53.000000 91.000000
201
-96.000000 -2.000000
99.000000 96.000000
135
64.000000 52.000000
63.000000 55.000000
225
-43.000000 54.000000
-73.000000 72.000000
123
41.000000 75.000000
74.000000 98.000000
186
49.000000 -29.000000
82.000000 -22.000000
192
-62.000000 90.000000
-62.000000 98.000000
93
-36.000000 42.000000
58.000000 75.000000
132
-6.000000 48.000000
-86.000000 61.000000
212
90.000000 -71.000000
78.000000 53.000000
182
9.000000 -49.000000
-80.000000 -21.000000
187
43.000000 -14.000000
-55.000000 -46.000000
187
-16.000000 -89.000000
93.000000 98.000000
183
6.000000 -28.000000
72.000000 -6.000000
120
17.000000 31.000000
65.000000 -16.000000
79
70.000000 -91.000000
-96.000000 -22.000000
197
64.000000 -26.000000
-68.000000 -43.000000
53
-93.000000 -9.000000
-51.000000 -23.000000
197
-31.000000 -26.000000
77.000000 -46.000000
149
-83.000000 26.000000
-89.000000 59.000000
171
-42.000000 -98.000000
-94.000000 50.000000
63
12.000000 57.000000
-90.000000 -40.000000
231
15.000000 11.000000
97.000000 74.000000
109
80.000000 -61.000000
-77.000000 -12.000000
73
6.000000 63.000000
90.000000 -3.000000
155
-23.000000 68.000000
-67.000000 -41.000000
196
48.000000 -67.000000
-58.000000 -18.000000
127
21.000000 29.000000
-60.000000 -41.000000
208
-14.000000 -53.000000
-84.000000 97.000000
71
-95.000000 55.000000
-51.000000 85.000000
100
69.000000 -41.000000
93.000000 -48.000000
126
-15.000000 2.000000
-77.000000 -28.000000
96
-95.000000 -90.000000
56.000000 -26.000000
200
-65.000000 -24.000000
-98.000000 74.000000
190
46.000000 66.000000
60.000000 -7.000000
239
-70.000000 -9.000000
-53.000000 -27.000000
161
-91.000000 -68.000000
-86.000000 -30.000000
149
-96.000000 -75.000000
64.000000 -35.000000
230
88.000000 81.000000
90.000000 -19.000000
247
86.000000 -29.000000
-86.000000 -40.000000
103
4.000000 -61.000000
57.000000 92.000000
219
29.000000 94.000000
-64.000000 -45.000000
184
73.000000 -85.000000
72.000000 98.000000
126
-57.000000 54.000000
64.000000 -9.000000
221
-31.000000 -68.000000
-69.000000 -41.000000
62
-89.000000 -74.000000
-84.000000 86.000000
206
-51.000000 -0.000000
-86.000000 -1.000000
223
-29.000000 -13.000000
66.000000 93.000000
151
38.000000 -74.000000
-78.000000 -22.000000
75
-48.000000 -86.000000
98.000000 73.000000
95
6.000000 -79.000000
-83.000000 -46.000000
74
59.000000 27.000000
68.000000 84.000000
190
-77.000000 7.000000
83.000000 89.000000
126
-80.000000 77.000000
81.000000 -35.000000
74
-65.000000 -65.000000
-50.000000 -15.000000
57
-82.000000 13.000000
83.000000 95.000000
123
-61.000000 35.000000
94.000000 -9.000000
111
-83.000000 15.000000
57.000000 67.000000
75
93.000000 -32.000000
-74.000000 -24.000000
74
55.000000 58.000000
-95.000000 -48.000000
110
29.000000 -41.000000
89.000000 -21.000000
100
-10.000000 -79.000000
50.000000 -38.000000
247
-29.000000 81.000000
62.000000 -10.000000
247
15.000000 31.000000
-75.000000 63.000000
107
30.000000 8.000000
68.000000 -11.000000
123
-79.000000 92.000000
-70.000000 -21.000000
52
-28.000000 -66.000000
-80.000000 83.000000
163
84.000000 59.000000
98.000000 62.000000
234
-32.000000 10.000000
65.000000 -16.000000
112
99.000000 78.000000
59.000000 -34.000000
184
-63.000000 9.000000
59.000000 -27.000000
181
3.000000 4.000000
74.000000 -50.000000
130
58.000000 -7.000000
71.000000 81.000000
75
59.000000 -22.000000
-71.000000 -16.000000
197
-91.000000 -40.000000
-78.000000 -25.000000
184
22.000000 -74.000000
-66.000000 -1.000000
156
-20.000000 74.000000
-60.000000 -33.000000
182
-43.000000 -86.000000
-76.000000 93.000000
91
-60.000000 -9.000000
-65.000000 71.000000
53
-76.000000 -90.000000
-71.000000 70.000000
189
-17.000000 17.000000
-94.000000 72.000000
161
80.000000 -11.000000
65.000000 92.000000
199
29.000000 -69.000000
-50.000000 98.000000
96
20.000000 22.000000
81.000000 87.000000
180
37.000000 -49.000000
95.000000 98.000000
166
4.000000 -73.000000
53.000000 90.000000
60
7.000000 80.000000
-98.000000 -11.000000
115
5.000000 6.000000
-75.000000 85.000000
140
47.000000 97.000000
72.000000 69.000000
161
77.000000 -84.000000
53.000000 79.000000
135
40.000000 31.000000
-53.000000 67.000000
59
60.000000 -96.000000
85.000000 -20.000000
176
-70.000000 -54.000000
94.000000 55.000000
51
-11.000000 -90.000000
67.000000 84.000000
89
94.000000 93.000000
65.000000 -18.000000
156
54.000000 72.000000
-71.000000 -38.000000
231
31.000000 -43.000000
-60.000000 66.000000
223
-55.000000 -32.000000
-69.000000 -44.000000
77
-50.000000 97.000000
59.000000 50.000000
70
99.000000 -35.000000
-99.000000 66.000000
142
88.000000 -85.000000
66.000000 -41.000000
109
-22.000000 -9.000000
-87.000000 50.000000
104
-55.000000 -45.000000
68.000000 52.000000
95
-10.000000 -92.000000
-75.000000 -44.000000
194
-28.000000 -28.000000
-62.000000 -8.000000
234
-41.000000 66.000000
76.000000 67.000000
112
-84.000000 4.000000
61.000000 -3.000000
62
29.000000 -98.000000
72.000000 89.000000
206
90.000000 56.000000
85.000000 59.000000
78
14.000000 46.000000
95.000000 -36.000000
118
52.000000 -50.000000
93.000000 -20.000000
204
82.000000 -7.000000
-56.000000 -43.000000
136
16.000000 68.000000
-63.000000 82.000000
238
56.000000 84.000000
-54.000000 88.000000
216
-42.000000 21.000000
59.000000 -42.000000
98
99.000000 86.000000
-90.000000 50.000000
220
-13.000000 14.000000
61.000000 -2.000000
194
-97.000000 99.000000
60.000000 -23.000000
155
29.000000 -53.000000
55.000000 -50.000000
64
13.000000 -93.000000
79.000000 -19.000000
227
-27.000000 83.000000
-76.000000 -49.000000
62
-66.000000 -25.000000
62.000000 -14.000000
81
58.000000 76.000000
-55.000000 -9.000000
204
-43.000000 -34.000000
-90.000000 -28.000000
196
-15.000000 -75.000000
-57.000000 54.000000
85
27.000000 38.000000
78.000000 -22.000000
167
-24.000000 -53.000000
52.000000 -37.000000
83
84.000000 97.000000
61.000000 -7.000000
218
-55.000000 -12.000000
-74.000000 -21.000000
137
-61.000000 -0.000000
91.000000 84.000000
203
79.000000 55.000000
75.000000 -4.000000
192
76.000000 -40.000000
68.000000 -33.000000
199
-0.000000 -27.000000
78.000000 93.000000
166
60.000000 -19.000000
-52.000000 -40.000000
157
99.000000 51.000000
-72.000000 70.000000
124
-40.000000 -42.000000
-91.000000 -22.000000
76
40.000000 23.000000
-54.000000 95.000000
208
61.000000 -15.000000
-73.000000 -27.000000
212
95.000000 -28.000000
94.000000 87.000000
174
20.000000 28.000000
-99.000000 97.000000
241
-10.000000 95.000000
67.000000 61.000000
207
78.000000 -8.000000
-65.000000 -11.000000
161
91.000000 61.000000
60.000000 -32.000000
165
-6.000000 -58.000000
61.000000 72.000000
116
52.000000 -93.000000
80.000000 -45.000000
153
-96.000000 -6.000000
-60.000000 59.000000
206
-83.000000 -76.000000
99.000000 65.000000
83
63.000000 -4.000000
-76.000000 73.000000
215
45.000000 89.000000
-91.000000 -36.000000
100
99.000000 -29.000000
69.000000 71.000000
173
41.000000 29.000000
77.000000 72.000000
143
-19.000000 37.000000
50.000000 -37.000000
243
-26.000000 -43.000000
94.000000 -20.000000
191
-57.000000 -2.000000
-66.000000 -33.000000
195
41.000000 -37.000000
-51.000000 -2.000000
181
-39.000000 30.000000
-99.000000 99.000000
224
91.000000 -21.000000
-71.000000 94.000000
97
81.000000 47.000000
-86.000000 77.000000
142
48.000000 -1.000000
-73.000000 91.000000
157
4.000000 67.000000
-83.000000 89.000000
140
-11.000000 -13.000000
92.000000 -26.000000
178
88.000000 86.000000
76.000000 -42.000000
242
11.000000 82.000000
-96.000000 83.000000
171
77.000000 92.000000
-96.000000 74.000000
232
0.000000 -97.000000
-66.000000 -33.000000
165
-57.000000 67.000000
75.000000 -42.000000
159
36.000000 -55.000000
57.000000 -9.000000
73
-62.000000 13.000000
-50.000000 -29.000000
212
59.000000 -57.000000
83.000000 -16.000000
96
98.000000 -9.000000
58.000000 -22.000000
91
67.000000 7.000000
-94.000000 -19.000000
114
-64.000000 -39.000000
65.000000 -12.000000
216
14.000000 -52.000000
99.000000 -44.000000
65
-73.000000 -98.000000
-58.000000 -6.000000
173
52.000000 -1.000000
80.000000 -35.000000
221
-33.000000 -63.000000
93.000000 88.000000
239
-67.000000 -80.000000
-71.000000 86.000000
151
-80.000000 14.000000
-91.000000 -11.000000
172
-43.000000 -74.000000
80.000000 53.000000
168
7.000000 11.000000
69.000000 58.000000
234
-64.000000 -76.000000
-61.000000 93.000000
143
-51.000000 68.000000
86.000000 97.000000
195
-30.000000 -18.000000
96.000000 86.000000
68
-74.000000 -44.000000
95.000000 -13.000000
249
80.000000 -47.000000
-93.000000 50.000000
