6.6743e-11 1400 1000
114
59 11
59 98
246
58 99
87 91
181
80 46
63 98
61
38 98
78 59
51
70 30
85 64
124
14 78
57 82
117
70 47
97 76
179
98 74
66 89
137
12 71
69 67
178
70 78
89 66
198
21 19
83 70
59
13 45
79 73
122
78 90
68 94
75
43 76
65 76
59
86 63
81 73
208
61 1
69 78
103
38 28
99 74
224
96 35
59 89
225
1 12
58 54
120
34 31
57 63
200
23 74
97 88
156
1 46
74 67
170
55 72
97 59
104
34 85
74 50
95
88 77
81 97
197
63 69
82 81
172
56 83
72 97
205
18 3
73 56
95
95 77
88 50
192
73 6
58 79
99
85 74
71 88
67
90 85
68 82
174
2 54
52 82
124
7 88
96 94
180
25 89
89 76
115
47 20
99 90
205
24 40
80 91
147
67 10
92 90
235
48 16
99 89
102
89 65
60 60
187
99 90
68 63
91
89 28
69 88
188
11 96
87 64
91
47 64
54 58
91
72 93
83 89
171
98 42
54 62
210
96 0
65 60
115
43 53
93 54
64
89 44
61 75
128
75 66
74 75
181
20 66
58 53
155
2 77
89 55
206
91 16
78 54
156
81 69
75 52
176
72 16
94 68
133
60 46
74 60
237
90 93
96 57
200
25 64
69 52
167
35 60
67 58
113
38 67
71 96
64
37 75
93 88
133
89 73
85 94
163
28 83
92 56
226
6 58
61 52
75
23 19
79 63
90
98 28
77 79
169
52 45
85 59
197
8 92
88 88
193
71 2
60 71
115
68 47
51 71
81
72 49
64 55
54
42 47
76 54
121
23 74
85 75
108
27 22
61 66
118
65 61
84 91
177
84 57
80 95
235
29 79
84 60
245
81 14
68 90
210
94 61
87 83
179
11 94
60 59
72
74 77
68 89
108
77 66
64 92
208
93 80
90 89
229
56 35
75 62
226
38 72
58 71
77
2 52
63 89
164
42 13
53 90
113
71 99
91 90
135
21 98
90 78
213
25 57
70 69
152
94 96
69 90
204
23 20
59 58
187
72 75
65 79
227
14 42
83 99
158
33 34
65 81
173
22 45
66 50
94
12 54
97 91
233
67 97
56 57
176
33 96
75 98
198
70 76
75 65
155
11 75
56 88
226
53 14
66 51
120
21 47
88 84
218
88 18
77 85
96
73 13
61 79
150
39 79
94 70
166
21 75
66 80
228
32 56
57 83
248
55 5
90 71
95
10 39
76 83
89
39 79
60 62
53
90 64
85 92
86
62 11
91 58
130
99 88
73 64
209
29 63
84 66
119
26 11
97 81
102
28 70
84 92
189
98 95
89 81
135
52 69
77 50
145
67 32
97 95
241
12 54
70 72
96
83 41
74 74
82
94 77
71 61
230
16 52
85 80
207
54 16
68 60
84
0 5
50 53
247
6 44
66 59
76
9 8
82 62
135
61 94
57 79
132
59 11
92 98
146
58 8
68 51
128
23 37
90 78
126
87 28
89 82
205
97 61
73 65
132
69 50
82 93
227
93 26
76 88
137
84 85
88 97
104
25 75
56 80
217
34 6
90 54
73
1 10
77 73
126
77 55
50 96
61
76 75
65 57
155
52 44
94 91
90
69 96
76 67
225
84 85
89 61
174
1 85
58 78
78
65 54
52 58
165
79 69
78 94
245
75 1
92 97
219
90 40
57 90
218
94 66
77 54
84
64 29
57 85
124
13 16
74 89
216
95 7
51 95
224
4 92
90 51
96
80 70
62 89
139
78 9
64 84
208
43 70
57 74
52
73 49
90 65
97
99 33
79 95
200
71 69
72 56
113
44 5
94 95
106
55 85
69 85
119
91 45
69 64
198
20 18
84 74
111
67 73
68 60
248
89 63
71 72
161
26 37
83 55
222
18 12
99 78
189
96 49
66 82
65
84 30
56 86
120
82 49
61 90
100
76 40
64 92
148
52 3
61 74
135
75 97
75 55
124
26 94
76 70
242
58 37
75 77
217
74 99
89 99
238
30 51
93 64
94
47 14
89 98
60
88 33
88 85
215
34 59
81 91
112
18 84
63 73
94
12 40
91 70
104
92 58
75 86
86
89 80
81 85
130
14 45
80 68
105
41 33
77 89
224
13 4
77 92
176
69 88
61 90
60
21 44
82 54
246
65 90
77 88
196
22 70
91 60
154
76 15
57 97
103
13 71
66 66
92
56 44
85 61
217
31 73
77 89
114
70 37
77 81
97
98 27
87 72
239
55 78
76 65
114
99 19
87 77
65
82 71
82 74
119
7 91
80 52
136
70 68
99 56
247
76 56
80 97
166
8 36
54 73
186
25 87
66 88
212
87 55
79 96
71
71 17
70 78
153
90 66
73 75
90
31 23
70 66
63
59 84
57 73
115
46 10
50 90
212
5 4
53 51
235
70 74
52 56
142
21 11
87 83
194
12 23
91 77
84
28 40
65 95
185
75 10
50 82
227
57 96
98 83
60
72 68
76 82
177
39 77
60 98
226
35 44
73 90
228
15 75
70 56
130
31 42
74 58
233
20 85
68 92
120
88 54
87 95
166
64 22
72 56
226
66 84
75 61
139
0 41
98 56
170
90 36
94 53
116
30 39
81 88
100
38 61
56 89
175
78 55
61 91
150
96 17
80 68
171
21 59
65 73
71
3 45
51 61
198
40 29
70 80
173
81 80
69 61
87
27 38
81 67
240
0 19
87 86
230
48 59
84 54
165
30 75
89 68
233
20 66
96 73
190
29 98
62 71
150
2 10
77 77
184
96 18
56 84
235
68 67
73 85
102
0 0
69 84
89
37 17
92 62
136
43 52
76 65
205
88 67
95 57
216
13 43
78 64
71
97 52
87 89
220
38 42
78 70
159
46 62
76 98
88
30 36
53 81
206
71 88
98 95
216
41 63
79 81
69
81 52
92 68
69
36 38
61 59
114
75 70
70 60
151
57 1
84 81
110
23 40
87 81
223
52 97
80 64
231
33 34
52 63
177
93 34
95 63
56
65 79
92 81
235
95 34
67 94
79
57 55
86 54
196
36 77
92 98
166
78 80
95 51
182
29 28
93 77
226
23 83
66 93
115
2 30
75 60
170
80 41
98 79
68
75 76
74 56
69
54 23
76 99
99
5 82
61 80
50
95 58
51 73
113
82 40
52 66
209
46 38
67 91
94
43 9
66 71
68
91 43
92 74
217
26 26
56 74
88
67 25
50 85
168
93 48
66 52
247
4 63
54 95
122
16 39
63 67
134
6 85
60 75
200
36 94
71 77
94
96 15
50 63
198
0 82
86 93
217
50 91
86 73
206
78 95
63 72
243
0 8
85 51
112
30 1
80 50
103
97 95
60 99
247
92 49
93 50
81
86 17
90 83
222
88 89
64 52
53
22 95
98 53
160
0 18
68 92
80
15 45
96 78
76
95 77
77 70
240
96 1
86 76
239
28 1
53 79
144
51 32
87 68
199
5 78
70 51
176
15 84
64 91
111
93 67
90 59
171
43 99
76 69
180
77 10
89 58
82
23 52
70 83
61
51 85
86 68
71
22 46
88 87
236
7 50
59 80
147
59 53
74 91
137
85 23
83 64
74
85 96
82 98
207
69 11
81 58
205
78 82
69 80
68
21 16
98 75
131
1 75
68 92
126
91 79
93 63
226
91 89
89 63
225
0 70
81 94
134
13 52
82 62
134
50 32
57 55
149
84 38
80 52
54
9 80
93 95
154
83 23
86 98
222
7 75
70 75
240
24 61
73 55
208
7 39
96 58
166
35 59
62 51
167
92 5
53 79
88
76 35
85 73
163
11 97
74 72
133
35 62
69 57
160
8 65
75 67
106
85 34
85 91
147
92 61
90 91
247
75 31
54 74
161
54 39
63 74
178
77 57
64 64
96
81 74
94 54
56
78 10
54 91
115
15 40
84 57
205
65 55
81 82
172
20 45
69 76
233
76 56
70 60
242
47 58
62 73
241
74 32
73 69
130
16 34
93 95
100
50 2
87 67
81
82 89
67 53
204
74 38
50 80
196
8 75
50 93
222
32 36
57 99
58
43 79
77 74
137
29 26
93 89
168
35 73
76 53
154
67 7
89 80
119
64 77
72 80
115
59 2
51 97
166
33 57
81 62
110
59 99
90 91
155
13 60
63 92
240
72 96
77 59
211
56 78
58 76
128
63 43
92 89
66
50 58
70 99
233
69 9
51 93
111
63 0
92 75
78
88 17
76 50
217
56 61
89 73
167
82 2
93 80
225
1 48
98 75
121
59 60
53 92
112
55 54
79 75
197
46 53
55 88
74
67 55
81 80
108
33 49
81 91
178
30 68
95 80
230
5 1
96 89
111
0 2
79 66
179
33 64
52 77
188
59 51
83 57
240
33 16
59 75
64
77 4
86 96
172
87 76
66 79
183
70 40
57 85
99
73 66
93 82
127
96 73
82 86
130
98 79
54 65
157
10 31
78 86
246
4 58
88 86
122
78 21
57 92
137
73 92
76 60
69
51 37
76 65
184
5 47
64 82
161
96 92
78 72
174
39 70
56 80
179
28 5
97 57
137
91 47
57 60
68
97 31
97 71
73
46 55
90 78
61
32 39
63 59
162
36 35
65 51
92
72 80
90 72
170
87 61
72 61
96
53 81
55 93
102
10 66
96 51
52
38 62
73 86
201
8 99
52 87
125
83 82
56 98
225
18 20
83 64
242
17 60
56 97
122
74 2
53 84
171
67 37
73 59
190
74 62
50 50
227
84 75
75 60
242
95 87
51 62
129
61 54
54 96
219
58 68
52 94
161
91 65
76 80
217
38 22
72 91
90
49 18
80 76
175
17 69
81 70
168
38 99
97 82
144
15 1
95 52
120
62 15
95 61
188
67 80
72 79
91
40 69
96 90
73
67 67
88 92
248
39 11
95 88
137
48 82
84 54
144
1 76
90 58
196
70 99
78 65
242
49 58
51 85
145
68 8
50 64
106
63 65
53 98
60
88 35
91 59
124
18 5
63 76
158
12 74
90 78
190
50 23
58 90
201
68 37
54 70
170
69 76
76 84
124
63 46
55 62
55
10 37
65 75
126
39 83
63 90
129
36 81
73 80
246
12 33
53 64
66
82 85
71 87
208
67 12
76 72
175
63 79
54 87
178
89 63
54 70
204
37 51
83 91
162
67 39
54 76
170
41 93
82 52
212
94 13
85 79
71
66 6
94 86
122
57 17
87 61
163
88 15
58 50
72
98 14
91 91
204
36 61
64 95
68
29 57
88 63
114
45 86
72 82
189
91 54
65 98
178
82 62
64 69
143
79 43
84 93
220
45 97
92 58
211
1 76
91 90
189
27 6
88 86
52
94 75
76 93
111
38 74
93 94
104
86 89
82 83
220
29 55
63 67
123
42 29
71 74
233
78 65
52 63
168
29 65
60 63
207
84 26
70 95
77
11 2
85 65
193
43 35
53 74
58
84 97
73 50
157
41 86
99 87
245
66 56
71 74
226
47 34
79 61
220
83 88
54 81
121
41 77
51 64
246
51 74
77 82
176
63 40
77 67
214
85 62
89 80
208
73 58
69 58
204
60 80
61 88
216
90 9
75 57
194
49 56
88 97
228
28 73
93 93
208
7 57
89 93
148
98 54
62 71
67
92 78
68 79
55
29 95
55 96
54
11 92
89 55
249
12 36
79 80
107
87 90
85 65
128
39 63
87 76
53
65 46
75 95
235
71 53
51 64
176
93 70
77 89
82
63 40
72 96
243
62 54
69 82
98
34 10
89 89
171
85 43
90 88
62
43 23
89 85
94
59 13
52 87
237
43 69
68 50
165
72 95
77 80
241
38 78
69 77
227
12 99
89 64
153
65 26
62 98
204
75 43
82 66
228
54 53
55 73
222
51 40
70 94
180
0 87
64 68
220
15 97
63 84
155
90 89
88 70
54
83 76
92 79
165
47 9
84 71
153
75 93
89 56
247
76 36
57 50
143
6 72
58 58
220
48 65
87 60
138
64 16
95 71
156
57 38
60 54
241
53 9
67 68
145
3 68
70 71
162
42 16
77 69
50
42 89
51 50
232
17 88
59 96
214
98 4
60 71
60
71 65
85 63
88
55 10
84 94
175
50 6
77 67
177
18 20
70 72
169
9 4
50 88
70
6 53
76 70
167
43 80
96 88
129
6 27
73 84
90
79 12
79 91
59
51 70
94 77
174
48 47
85 83
200
40 5
76 57
169
8 26
64 62
154
93 93
78 63
116
40 3
96 98
121
69 7
84 75
163
33 99
84 62
219
89 64
71 61
167
99 80
93 76
164
36 82
95 59
166
49 26
76 58
97
83 32
57 66
167
6 30
94 51
240
8 72
85 81
132
66 49
77 83
111
9 47
57 99
205
85 18
78 56
211
10 3
72 94
219
2 13
66 75
248
40 17
99 58
176
50 92
76 94
127
73 57
56 86
82
76 41
97 69
205
53 82
78 67
75
92 87
64 79
210
84 77
87 51
135
80 79
75 85
56
32 12
50 81
240
44 16
85 67
191
20 74
91 96
248
30 71
50 92
147
79 3
56 81
217
87 18
53 97
112
17 5
88 94
69
4 84
53 63
92
77 57
53 62
71
27 60
53 51
79
58 0
81 59
216
51 28
77 53
154
32 15
59 73
170
45 93
58 77
99
65 19
83 78
119
45 99
53 98
50
3 77
86 58
87
66 24
77 88
143
44 45
68 77
155
63 98
75 51
222
46 52
82 89
181
82 10
58 76
235
36 77
87 88
224
12 25
66 93
91
11 86
64 88
131
14 43
96 97
191
98 21
60 87
131
21 70
96 65
81
23 52
90 69
161
18 46
89 75
86
25 68
56 97
139
50 28
75 55
246
46 96
85 97
159
5 80
97 82
202
99 13
83 77
241
79 38
65 59
68
34 45
94 95
90
25 37
92 90
152
89 39
88 51
174
18 10
92 82
115
57 34
61 64
92
52 55
67 71
167
14 91
87 51
61
24 44
86 86
118
25 38
91 57
113
1 34
68 83
195
2 50
66 53
165
74 97
71 69
241
62 89
92 57
151
36 68
56 77
173
47 46
55 50
188
41 64
99 90
159
0 37
92 63
168
90 31
52 92
111
91 35
95 75
134
65 29
56 72
172
4 95
96 69
110
12 59
51 53
163
89 63
76 65
183
9 84
78 73
162
64 36
64 53
59
93 39
62 74
149
59 48
67 54
57
29 16
69 71
230
84 37
52 69
213
38 3
78 72
217
67 84
90 81
181
31 92
66 74
145
67 75
79 55
86
47 14
86 65
119
23 46
65 53
127
70 16
89 66
51
25 83
66 68
67
58 51
75 99
226
2 44
99 93
184
66 80
97 81
102
43 50
56 77
161
72 4
70 81
211
55 34
54 89
171
5 56
55 81
82
2 8
53 85
51
35 69
52 67
183
5 71
98 76
111
55 87
71 83
177
7 47
86 83
212
94 56
88 67
202
48 52
89 54
101
8 7
75 89
112
98 72
50 67
199
40 28
64 54
111
61 31
66 68
249
23 82
50 95
61
54 97
51 59
143
59 62
51 53
136
25 15
83 84
76
63 85
91 66
179
73 79
99 90
141
82 41
87 64
234
84 77
88 88
238
51 83
86 97
202
3 85
71 80
88
7 56
74 52
98
53 31
74 73
54
67 65
81 86
204
61 22
62 91
99
95 79
78 50
133
63 5
85 87
186
43 25
79 93
167
11 92
67 72
87
34 26
65 54
216
87 11
52 79
102
33 28
81 99
113
86 83
70 78
223
47 14
60 66
77
54 85
57 90
221
33 27
83 56
200
94 24
55 90
98
83 42
91 83
214
24 96
76 52
196
93 75
93 96
53
28 73
63 57
237
42 80
88 73
75
14 23
63 72
119
7 20
54 53
199
2 69
72 75
231
99 24
70 74
193
95 29
86 73
108
66 11
86 52
155
59 29
51 71
75
22 41
94 84
178
63 85
63 82
237
87 63
89 87
159
18 82
55 54
106
68 14
68 75
206
47 80
51 68
99
44 93
79 73
140
15 51
85 54
128
1 93
80 67
92
62 26
82 61
70
48 17
92 90
216
24 97
65 63
178
10 62
87 74
189
88 15
71 56
76
14 84
51 77
197
79 69
82 59
63
52 81
74 63
246
71 79
95 73
238
59 53
77 98
147
92 89
96 85
63
32 63
90 78
136
12 75
86 67
196
70 31
96 98
94
76 47
70 67
171
73 55
55 80
200
46 77
65 95
144
30 8
88 79
223
15 65
82 85
154
65 31
82 76
212
29 70
89 90
51
96 63
95 74
51
25 76
73 99
142
84 94
73 72
74
90 95
82 90
174
64 96
72 92
148
44 56
96 79
235
61 80
54 81
206
82 82
83 81
156
27 25
98 90
102
43 14
56 92
126
54 19
61 92
178
17 42
71 72
165
1 57
88 76
157
72 84
68 89
56
43 47
89 85
193
4 90
84 87
212
3 15
59 67
114
1 45
70 83
124
79 0
78 75
120
13 82
73 92
81
71 0
88 76
210
28 70
59 66
114
76 31
98 68
237
45 84
70 90
165
70 14
91 95
149
75 17
61 62
148
12 95
73 71
152
43 34
52 82
154
33 46
64 82
131
51 19
59 77
71
73 94
91 91
116
58 42
56 91
220
1 92
63 84
77
99 36
68 72
52
16 27
59 85
81
31 69
98 84
240
94 55
98 66
86
41 82
74 94
149
16 16
50 53
131
38 80
52 81
58
81 35
72 75
243
91 8
92 74
141
49 14
80 86
97
65 74
70 90
139
37 40
93 57
89
25 38
71 78
177
6 38
63 61
231
23 54
78 74
215
92 16
54 66
225
28 66
56 90
50
98 81
90 87
93
28 77
57 68
102
45 48
59 60
211
15 91
66 84
243
84 2
68 87
188
34 64
56 68
143
37 18
58 93
77
37 87
57 58
146
7 60
72 93
118
14 54
91 83
132
93 28
68 66
63
82 56
74 98
89
44 93
86 76
202
75 56
66 91
85
28 37
81 92
200
37 63
98 64
78
27 98
64 73
95
20 87
87 79
96
32 18
97 91
118
3 95
89 94
221
26 31
73 99
107
88 49
66 97
237
64 75
99 66
179
88 63
92 51
77
61 48
91 59
58
38 27
73 63
77
54 34
83 54
130
34 63
60 70
150
38 7
75 67
89
88 98
99 77
81
99 54
65 94
140
44 4
67 79
218
53 56
62 74
188
26 6
77 72
238
86 25
94 76
162
92 65
94 50
193
50 83
79 93
165
83 85
64 60
152
23 80
54 55
135
13 93
68 63
90
95 52
80 76
139
48 90
93 81
142
78 24
67 93
108
53 58
70 91
69
50 44
51 94
107
97 80
95 70
165
99 62
90 60
180
31 99
82 80
176
56 22
65 54
126
76 62
56 81
96
0 52
97 97
53
79 6
76 50
124
38 67
79 76
80
28 8
88 61
162
60 87
92 71
128
6 49
80 54
112
34 0
99 64
131
55 18
68 62
133
86 39
65 73
165
73 4
67 96
161
57 60
81 73
51
30 1
57 57
62
60 70
86 97
159
54 80
93 67
175
32 52
76 63
199
30 78
76 74
249
87 85
60 56
170
62 57
65 51
171
87 63
60 81
125
91 43
60 80
86
12 55
68 70
88
48 69
95 70
177
32 20
76 66
142
86 86
87 56
53
53 28
59 92
213
52 17
99 56
114
54 94
66 77
74
87 67
90 75
132
12 4
70 64
190
8 7
63 76
148
93 81
73 51
153
93 66
75 57
242
71 72
51 99
188
20 75
50 75
162
56 8
72 74
128
29 17
93 87
245
77 37
88 88
150
6 43
51 93
181
23 38
87 53
126
12 93
68 96
215
26 9
85 71
99
2 52
91 80
248
28 25
66 75
118
9 27
71 74
210
11 58
63 85
198
6 11
58 62
126
69 77
51 53
104
3 4
84 57
96
12 55
82 74
180
9 42
68 89
232
78 52
87 93
193
51 41
56 99
209
83 26
81 80
236
85 34
93 91
121
50 87
61 85
82
55 65
55 92
226
9 24
68 54
246
11 98
99 97
167
77 58
90 53
208
25 91
83 95
70
72 67
52 71
84
68 3
97 91
175
22 17
74 84
242
22 82
82 53
123
92 73
76 51
233
69 9
57 60
152
24 80
51 75
228
7 61
54 98
54
72 75
61 78
198
44 70
76 70
128
99 43
96 70
127
8 53
63 96
215
46 1
76 91
247
89 19
70 56
93
45 13
91 67
109
62 15
87 55
138
33 33
55 89
229
9 16
64 89
124
15 4
95 70
193
17 70
78 82
237
91 28
95 84
85
63 43
50 99
102
83 37
78 85
241
96 17
56 52
160
13 26
99 76
208
21 69
54 75
249
82 14
51 93
79
46 78
77 94
147
16 97
84 82
94
3 23
75 90
62
54 50
78 75
103
50 83
61 76
54
77 25
68 88
178
98 19
64 75
75
13 24
56 91
249
32 37
79 53
57
32 15
92 61
110
27 66
92 60
88
18 66
56 68
188
28 96
73 87
242
47 14
58 57
206
45 56
59 88
125
26 47
59 57
168
27 19
82 98
170
48 88
56 90
107
5 80
69 85
78
84 29
86 78
142
94 36
74 87
156
71 64
73 82
82
43 3
51 60
75
41 80
72 75
248
2 82
69 53
122
48 31
61 56
236
47 0
89 81
73
54 87
71 95
179
26 79
89 72
77
71 97
75 69
243
9 19
72 98
179
5 20
78 79
67
80 16
97 66
219
36 40
87 75
157
66 5
79 84
56
79 13
84 79
204
5 23
73 63
77
95 92
72 85
73
90 54
70 55
189
10 24
52 75
199
57 34
70 66
236
86 74
53 65
70
78 71
85 76
151
79 5
90 96
203
44 71
76 93
217
51 82
59 79
53
44 79
95 62
66
21 50
68 52
74
39 75
53 53
76
58 4
53 56
151
24 59
53 97
101
37 16
96 54
197
25 9
73 93
222
23 59
62 93
241
89 69
72 83
92
29 9
65 52
132
27 53
53 58
80
19 61
65 67
167
76 66
59 94
99
21 66
61 73
85
33 16
51 74
207
61 66
70 86
78
76 20
81 55
129
92 85
55 50
210
23 68
62 86
135
81 86
61 56
94
27 41
67 77
129
35 35
73 92
155
46 20
76 81
227
13 12
65 69
120
83 29
68 94
247
4 79
87 78
165
30 23
52 94
197
39 25
67 84
63
90 39
73 59
168
37 88
57 83
102
39 54
50 85
207
79 33
63 63
218
38 80
76 98
193
4 97
81 82
171
70 95
56 63
245
94 81
65 83
154
71 85
73 95
221
58 4
67 52
123
49 70
70 62
225
17 55
87 79
198
85 53
68 70
193
2 66
51 88
69
36 94
89 90
211
93 13
67 71
212
37 45
57 61
207
64 38
70 74
203
75 74
94 90
245
10 34
72 97
211
18 16
58 50
57
23 63
85 52
240
32 14
77 79
239
67 36
62 55
239
36 58
99 66
231
35 12
61 93
109
78 57
57 77
238
22 84
88 64
107
2 54
84 89
181
22 30
87 50
187
98 40
58 75
249
20 6
52 84
232
59 93
70 62
168
6 52
66 90
144
23 50
91 98
207
74 31
81 81
111
73 68
94 61
132
52 10
94 54
56
89 36
50 65
209
53 35
76 67
219
78 63
63 94
71
94 1
85 95
78
5 9
70 53
149
83 87
92 54
229
30 10
78 69
81
63 80
98 86
141
13 57
52 69
227
55 43
88 73
190
99 3
57 96
222
96 97
53 55
188
64 86
55 71
194
36 4
90 57
236
49 51
70 99
101
15 28
52 57
204
55 99
97 55
114
47 77
84 61
50
71 51
74 66
228
28 60
70 64
70
71 52
54 70
93
32 21
80 59
134
32 65
70 92
79
0 56
67 76
186
21 29
95 57
195
58 38
54 74
128
57 94
66 99
111
38 44
53 95
120
68 30
72 52
241
30 84
60 91
50
89 27
87 71
237
25 18
92 95
231
39 23
74 88
57
68 51
97 95
122
79 68
70 92
203
54 83
76 83
217
54 35
56 58
243
27 95
90 70
121
15 51
92 60
89
93 70
65 60
192
35 32
76 71
108
60 74
60 62
136
45 31
90 92
104
87 85
57 81
230
11 52
65 95
203
85 87
97 98
102
79 41
62 88
205
89 46
60 67
201
94 6
98 96
84
36 2
83 73
245
88 53
99 56
153
36 59
58 90
233
51 92
82 64
215
78 21
91 56
191
47 57
54 85
147
56 21
94 83
242
0 29
87 80
99
47 35
75 87
207
67 72
86 58
50
59 25
82 80
150
89 23
60 99
245
31 97
80 52
128
11 96
76 78
149
11 79
68 98
136
40 7
67 55
128
92 57
90 89
74
63 90
89 66
224
38 61
65 57
119
61 35
65 82
187
96 83
81 50
66
40 38
96 56
157
53 86
76 50
243
18 76
92 59
109
4 35
92 98
119
80 19
51 83
147
87 72
73 94
70
63 10
69 61
209
57 68
70 63
183
97 58
67 53
241
2 15
65 95
97
84 17
50 77
237
72 76
70 74
147
33 95
58 61
154
76 72
85 61
147
96 47
52 96
165
17 37
85 70
232
54 17
96 68
156
72 6
82 80
145
79 28
91 80
237
13 84
97 66
201
96 65
61 97
249
0 62
82 66
187
1 51
69 91
147
27 49
80 72
110
60 17
99 89
203
85 79
95 68
132
60 69
68 79
173
83 78
96 73
117
49 13
54 69
69
54 18
92 98
136
61 58
50 96
160
29 99
67 95
126
39 30
59 86
57
39 11
84 92
187
47 10
81 87
154
1 58
56 60
244
67 96
92 55
67
93 18
65 98
60
95 26
64 51
206
25 9
51 97
61
13 85
74 61
194
34 15
77 98
240
73 92
99 59
117
69 78
76 60
85
54 22
74 82
218
85 91
88 93
138
75 5
66 52
201
83 98
96 85
110
40 28
87 85
142
16 52
64 63
194
38 48
83 99
64
74 67
61 51
114
18 40
94 90
184
44 43
79 67
143
57 29
64 83
196
18 77
91 62
84
91 7
58 74
124
25 39
90 50
188
82 65
57 56
178
0 90
59 73
231
40 66
51 88
156
29 85
99 74
222
58 10
85 63
66
26 90
90 92
118
7 80
87 51
166
79 79
54 67
141
70 98
89 81
124
26 38
64 55
127
25 27
92 86
62
32 52
96 88
225
79 58
61 84
218
41 51
70 97
247
18 38
72 68
209
60 94
99 87
224
76 15
51 51
120
55 15
55 53
152
64 30
64 81
75
67 1
98 68
137
39 16
86 58
211
30 69
57 73
229
22 99
51 57
75
18 77
82 80
174
62 82
65 88
129
16 13
82 98
167
0 86
96 58
86
65 69
94 68
222
93 97
54 96
246
33 71
52 65
216
86 39
77 80
204
92 59
60 72
226
96 39
99 76
142
20 64
82 57
164
79 82
78 58
185
0 56
71 69
154
62 35
65 90
91
27 96
69 84
87
10 10
89 85
160
3 29
88 80
236
20 45
55 67
199
13 53
74 99
87
61 5
95 99
78
92 93
77 57
113
89 44
81 73
230
10 83
66 84
99
63 22
89 69
170
44 70
71 83
220
76 70
72 81
74
15 60
67 66
244
64 79
54 85
147
40 16
52 60
156
74 9
80 69
215
53 89
74 60
74
97 80
64 53
169
76 77
95 86
145
76 32
67 61
130
35 9
69 70
237
30 78
97 61
162
88 27
89 65
113
21 42
95 60
235
72 31
69 63
119
1 9
70 95
70
81 77
50 56
100
28 95
57 82
126
36 45
60 66
75
52 31
91 96
97
74 84
97 71
245
58 92
89 98
181
67 69
77 62
67
24 15
97 97
231
92 25
92 69
105
73 94
93 57
167
29 7
80 93
128
23 39
87 87
214
8 68
80 81
187
95 0
98 62
245
23 95
65 87
215
11 94
52 91
54
61 8
51 85
93
42 64
51 68
180
69 83
64 90
151
67 28
92 99
115
37 44
83 88
204
78 6
97 66
82
57 22
58 93
158
72 88
57 51
123
90 33
73 94
106
3 95
94 73
195
40 88
79 85
174
35 89
55 54
234
78 86
81 91
136
19 1
54 60
228
89 83
77 68
63
24 77
50 68
171
41 14
51 61
120
90 37
91 57
148
29 93
86 78
62
39 66
76 82
194
11 62
81 83
90
60 98
67 64
110
33 37
51 53
136
40 75
82 76
234
77 26
54 63
113
72 26
60 53
198
72 99
84 59
105
83 51
66 65
52
5 28
81 87
206
57 73
51 99
91
28 33
96 71
184
24 34
89 57
136
40 7
69 59
75
70 66
84 60
188
62 14
51 94
93
74 52
51 52
77
34 46
67 55
83
3 42
51 59
143
8 96
57 83
77
25 10
70 50
209
84 88
82 71
87
37 17
71 63
188
67 91
98 75
234
40 58
69 88
191
15 33
68 52
124
29 81
81 50
101
20 59
83 86
54
50 73
89 91
121
80 32
57 89
228
67 75
63 71
236
48 64
68 54
117
0 80
80 96
81
40 47
85 53
123
61 60
53 75
200
85 46
87 82
244
65 12
83 63
130
0 52
58 79
68
38 96
94 70
69
43 54
57 61
181
17 36
63 94
173
9 94
78 60
249
40 7
70 64
126
24 96
75 76
132
73 46
69 73
219
23 44
55 63
130
43 96
90 50
156
34 25
85 67
164
92 18
84 54
215
31 30
58 89
206
57 24
97 80
176
93 51
64 99
50
60 81
83 93
202
8 1
68 88
244
39 52
57 86
223
37 51
93 54
198
17 13
95 55
116
46 31
82 61
113
13 11
56 75
147
7 28
66 55
77
19 51
90 66
128
93 40
96 67
136
61 15
72 55
106
55 73
84 53
137
95 18
93 51
51
21 50
57 60
190
11 88
54 61
51
46 89
56 94
145
24 33
88 56
146
14 65
70 54
248
38 91
94 96
81
46 99
60 55
104
0 45
58 67
56
97 18
64 55
55
97 0
58 81
136
73 30
84 50
143
77 50
98 81
72
48 15
70 68
210
17 74
91 62
75
61 18
75 74
176
75 31
63 73
234
43 61
63 59
79
64 3
86 56
214
1 28
99 62
123
75 24
86 90
69
7 67
93 80
132
25 58
84 60
88
95 46
55 83
59
10 14
70 75
247
1 89
54 98
200
30 72
64 77
69
34 48
81 78
177
39 12
72 52
123
20 42
77 71
226
41 82
57 88
112
48 35
86 63
104
10 65
94 87
174
43 56
86 58
174
98 86
90 63
171
85 89
60 91
162
92 69
58 54
201
95 68
83 51
131
0 58
95 91
244
3 68
76 87
239
64 13
79 87
157
18 60
52 92
230
23 4
60 74
81
30 27
80 79
163
88 60
54 63
233
72 60
97 86
200
63 27
65 67
242
75 74
66 60
79
22 42
68 53
135
45 36
67 65
125
28 81
96 64
182
6 99
88 56
206
65 58
75 69
182
51 11
73 58
219
67 89
94 92
235
83 29
94 80
100
25 57
73 78
122
73 62
70 80
213
29 86
55 78
56
68 61
71 58
143
62 27
71 60
207
0 97
77 90
247
37 90
71 74
60
35 98
79 85
108
15 98
79 87
223
92 93
53 93
115
31 87
99 77
204
97 84
76 55
126
19 52
78 65
242
77 76
63 79
56
14 37
76 73
95
22 98
94 87
175
83 54
81 58
232
18 63
70 81
