6.6743e-11 1680 1000
58
33.000000 98.000000
-73.000000 97.000000
180
35.000000 -92.000000
63.000000 -7.000000
224
-3.000000 -88.000000
68.000000 -26.000000
204
69.000000 -44.000000
90.000000 -41.000000
58
93.000000 -0.000000
-67.000000 81.000000
125
-83.000000 -59.000000
89.000000 -23.000000
179
-91.000000 44.000000
-72.000000 -10.000000
162
28.000000 -83.000000
-87.000000 -13.000000
148
-22.000000 20.000000
-81.000000 -5.000000
190
-66.000000 88.000000
-61.000000 66.000000
205
52.000000 -64.000000
-55.000000 -23.000000
176
-95.000000 22.000000
97.000000 -20.000000
129
10.000000 -60.000000
68.000000 99.000000
100
-22.000000 -32.000000
89.000000 -7.000000
242
15.000000 -78.000000
99.000000 51.000000
158
36.000000 -33.000000
-74.000000 -17.000000
148
19.000000 -8.000000
-80.000000 90.000000
144
16.000000 -98.000000
58.000000 -1.000000
198
75.000000 -34.000000
81.000000 90.000000
236
-71.000000 30.000000
-50.000000 -10.000000
169
98.000000 -48.000000
60.000000 -21.000000
169
25.000000 57.000000
81.000000 66.000000
127
-31.000000 -33.000000
-93.000000 74.000000
54
-55.000000 -22.000000
91.000000 -43.000000
70
92.000000 61.000000
57.000000 72.000000
92
53.000000 -91.000000
52.000000 96.000000
172
79.000000 -68.000000
78.000000 83.000000
244
-98.000000 -19.000000
84.000000 78.000000
238
-18.000000 -58.000000
-56.000000 -41.000000
80
-98.000000 -4.000000
58.000000 -1.000000
140
-16.000000 95.000000
91.000000 -27.000000
214
74.000000 55.000000
62.000000 59.000000
203
32.000000 96.000000
-76.000000 74.000000
217
-43.000000 85.000000
95.000000 -41.000000
72
37.000000 -80.000000
71.000000 -2.000000
246
10.000000 -65.000000
-54.000000 55.000000
157
62.000000 -22.000000
-85.000000 96.000000
135
-87.000000 33.000000
-94.000000 52.000000
231
25.000000 84.000000
-93.000000 87.000000
241
76.000000 -25.000000
97.000000 -14.000000
185
-60.000000 -23.000000
98.000000 96.000000
235
34.000000 81.000000
-91.000000 86.000000
245
-6.000000 76.000000
94.000000 -11.000000
105
-85.000000 -33.000000
-81.000000 -4.000000
147
-53.000000 14.000000
-87.000000 87.000000
92
63.000000 95.000000
98.000000 -30.000000
219
-43.000000 67.000000
60.000000 69.000000
62
-70.000000 9.000000
-62.000000 90.000000
165
-68.000000 70.000000
-78.000000 75.000000
135
-25.000000 -8.000000
-72.000000 -16.000000
184
25.000000 40.000000
76.000000 -19.000000
141
-84.000000 -54.000000
87.000000 77.000000
189
-6.000000 -50.000000
62.000000 -19.000000
205
-17.000000 25.000000
86.000000 -24.000000
72
65.000000 -37.000000
-64.000000 63.000000
99
-44.000000 78.000000
-75.000000 -26.000000
100
10.000000 -48.000000
73.000000 52.000000
72
54.000000 12.000000
51.000000 -10.000000
77
-62.000000 -75.000000
-71.000000 67.000000
211
74.000000 88.000000
-50.000000 63.000000
152
16.000000 98.000000
76.000000 -44.000000
61
-35.000000 40.000000
83.000000 73.000000
94
33.000000 -19.000000
-57.000000 -41.000000
112
-31.000000 -7.000000
-80.000000 -1.000000
233
28.000000 1.000000
-99.000000 88.000000
249
0.000000 76.000000
55.000000 -37.000000
233
-82.000000 -54.000000
-50.000000 62.000000
85
-57.000000 -78.000000
91.000000 -42.000000
243
-4.000000 17.000000
69.000000 52.000000
61
-59.000000 -90.000000
58.000000 87.000000
78
-56.000000 -94.000000
86.000000 -15.000000
222
46.000000 91.000000
90.000000 57.000000
176
52.000000 -40.000000
-63.000000 -12.000000
71
27.000000 -30.000000
-66.000000 65.000000
73
74.000000 -80.000000
-52.000000 77.000000
173
-2.000000 27.000000
56.000000 -2.000000
237
51.000000 41.000000
94.000000 98.000000
142
39.000000 -80.000000
-80.000000 57.000000
103
-19.000000 -96.000000
73.000000 -8.000000
177
30.000000 23.000000
65.000000 97.000000
98
58.000000 40.000000
73.000000 -10.000000
242
-5.000000 99.000000
74.000000 -26.000000
217
15.000000 -53.000000
-62.000000 -2.000000
71
35.000000 62.000000
71.000000 -32.000000
85
-32.000000 -56.000000
56.000000 77.000000
187
-87.000000 79.000000
-64.000000 59.000000
159
-22.000000 88.000000
-98.000000 68.000000
169
21.000000 43.000000
-62.000000 -38.000000
126
58.000000 25.000000
51.000000 51.000000
73
14.000000 -11.000000
96.000000 55.000000
91
76.000000 47.000000
-89.000000 57.000000
94
58.000000 38.000000
-72.000000 75.000000
83
-84.000000 36.000000
78.000000 -47.000000
108
-24.000000 50.000000
-69.000000 71.000000
249
86.000000 -51.000000
56.000000 67.000000
113
-4.000000 36.000000
55.000000 97.000000
150
30.000000 58.000000
92.000000 91.000000
128
-19.000000 34.000000
-72.000000 57.000000
218
2.000000 -60.000000
-80.000000 97.000000
109
-70.000000 27.000000
-61.000000 87.000000
51
-88.000000 67.000000
65.000000 84.000000
201
-57.000000 65.000000
87.000000 56.000000
218
-89.000000 -0.000000
-81.000000 -6.000000
154
-10.000000 92.000000
-83.000000 53.000000
246
-66.000000 79.000000
-90.000000 83.000000
117
1.000000 60.000000
69.000000 58.000000
64
-39.000000 -37.000000
-53.000000 -3.000000
133
86.000000 15.000000
-80.000000 58.000000
237
58.000000 -43.000000
63.000000 -5.000000
225
97.000000 -84.000000
90.000000 -14.000000
102
97.000000 -67.000000
-88.000000 51.000000
88
79.000000 -42.000000
90.000000 88.000000
59
-87.000000 57.000000
82.000000 -2.000000
73
5.000000 35.000000
87.000000 -42.000000
242
-5.000000 -65.000000
-84.000000 91.000000
189
39.000000 98.000000
99.000000 -25.000000
205
54.000000 -38.000000
69.000000 80.000000
100
61.000000 10.000000
-59.000000 75.000000
55
-81.000000 -12.000000
94.000000 -36.000000
124
-85.000000 -50.000000
61.000000 66.000000
160
31.000000 -6.000000
69.000000 -40.000000
166
-95.000000 33.000000
-72.000000 -14.000000
227
-5.000000 -21.000000
-82.000000 85.000000
248
-78.000000 14.000000
-56.000000 62.000000
90
-4.000000 97.000000
-61.000000 78.000000
66
-7.000000 -74.000000
-58.000000 -38.000000
82
-77.000000 40.000000
-71.000000 58.000000
98
-71.000000 -51.000000
98.000000 90.000000
144
-11.000000 -28.000000
54.000000 93.000000
164
75.000000 1.000000
-61.000000 -2.000000
228
63.000000 -97.000000
67.000000 -36.000000
197
-3.000000 33.000000
-90.000000 84.000000
113
61.000000 42.000000
-84.000000 -11.000000
216
-7.000000 -53.000000
99.000000 84.000000
83
-91.000000 56.000000
-59.000000 -15.000000
233
-15.000000 -79.000000
58.000000 -48.000000
194
20.000000 76.000000
-51.000000 -48.000000
193
-78.000000 72.000000
50.000000 94.000000
165
32.000000 -49.000000
-99.000000 88.000000
92
-4.000000 54.000000
73.000000 -28.000000
53
-90.000000 -82.000000
55.000000 -7.000000
173
-73.000000 85.000000
85.000000 51.000000
221
-58.000000 -77.000000
-76.000000 90.000000
76
96.000000 79.000000
-74.000000 98.000000
109
-12.000000 -53.000000
-50.000000 68.000000
168
52.000000 -33.000000
64.000000 -12.000000
227
-20.000000 69.000000
-94.000000 67.000000
84
-12.000000 -12.000000
87.000000 -17.000000
165
39.000000 4.000000
-74.000000 97.000000
236
-48.000000 63.000000
65.000000 91.000000
105
58.000000 52.000000
50.000000 98.000000
221
-33.000000 -47.000000
-52.000000 -35.000000
245
48.000000 -2.000000
89.000000 79.000000
211
-2.000000 -27.000000
95.000000 91.000000
237
11.000000 83.000000
-87.000000 82.000000
240
27.000000 -85.000000
-80.000000 -47.000000
172
46.000000 1.000000
-64.000000 -36.000000
127
9.000000 3.000000
53.000000 -22.000000
175
-70.000000 75.000000
-95.000000 -41.000000
224
20.000000 -40.000000
-60.000000 70.000000
218
69.000000 -47.000000
85.000000 52.000000
96
30.000000 -81.000000
79.000000 75.000000
213
-52.000000 -50.000000
-97.000000 79.000000
94
29.000000 -3.000000
-93.000000 -47.000000
85
-30.000000 -9.000000
88.000000 -2.000000
206
49.000000 -92.000000
-62.000000 88.000000
70
-63.000000 86.000000
-62.000000 -31.000000
124
-5.000000 -43.000000
63.000000 50.000000
74
-81.000000 94.000000
52.000000 90.000000
156
23.000000 -42.000000
78.000000 -3.000000
209
-52.000000 -49.000000
-82.000000 -10.000000
194
-4.000000 7.000000
64.000000 81.000000
142
-91.000000 83.000000
-63.000000 78.000000
153
-36.000000 -2.000000
-66.000000 -26.000000
123
-97.000000 -9.000000
59.000000 -10.000000
114
98.000000 11.000000
-97.000000 73.000000
115
8.000000 53.000000
94.000000 -20.000000
57
-56.000000 77.000000
-52.000000 -29.000000
132
58.000000 37.000000
52.000000 52.000000
172
87.000000 -89.000000
62.000000 -40.000000
247
43.000000 -95.000000
-60.000000 -8.000000
127
-4.000000 -3.000000
-93.000000 87.000000
146
4.000000 -42.000000
53.000000 -16.000000
173
-92.000000 68.000000
-61.000000 -1.000000
249
-97.000000 -16.000000
99.000000 69.000000
183
74.000000 94.000000
97.000000 94.000000
204
95.000000 -10.000000
78.000000 -19.000000
149
2.000000 -35.000000
-83.000000 80.000000
239
-95.000000 -30.000000
-90.000000 -29.000000
191
53.000000 62.000000
-63.000000 75.000000
249
0.000000 -13.000000
66.000000 -26.000000
145
-71.000000 38.000000
-75.000000 76.000000
169
84.000000 -24.000000
71.000000 -5.000000
74
-85.000000 -88.000000
89.000000 90.000000
200
62.000000 -5.000000
-73.000000 61.000000
186
30.000000 71.000000
75.000000 -8.000000
161
25.000000 24.000000
-83.000000 74.000000
95
-51.000000 -9.000000
71.000000 62.000000
186
27.000000 80.000000
98.000000 -39.000000
89
-52.000000 -12.000000
-50.000000 53.000000
162
-75.000000 54.000000
53.000000 97.000000
244
-59.000000 -79.000000
94.000000 -41.000000
112
-64.000000 91.000000
-85.000000 -10.000000
200
-3.000000 -71.000000
-60.000000 -30.000000
90
-46.000000 93.000000
-98.000000 56.000000
135
13.000000 49.000000
80.000000 63.000000
80
96.000000 -26.000000
-82.000000 -46.000000
183
57.000000 25.000000
64.000000 -5.000000
191
19.000000 -90.000000
89.000000 -14.000000
204
53.000000 -81.000000
-60.000000 59.000000
193
-34.000000 -73.000000
-64.000000 95.000000
233
-70.000000 -99.000000
62.000000 -32.000000
243
-96.000000 -3.000000
-64.000000 -33.000000
186
73.000000 -53.000000
-82.000000 -34.000000
240
55.000000 -19.000000
74.000000 91.000000
150
-96.000000 79.000000
71.000000 55.000000
151
84.000000 -0.000000
61.000000 -16.000000
193
19.000000 56.000000
53.000000 85.000000
203
89.000000 86.000000
-85.000000 -4.000000
246
13.000000 69.000000
58.000000 92.000000
130
64.000000 -37.000000
51.000000 50.000000
66
-56.000000 14.000000
57.000000 90.000000
66
-89.000000 -98.000000
60.000000 -14.000000
75
7.000000 8.000000
54.000000 -45.000000
53
53.000000 -82.000000
-56.000000 -45.000000
149
-80.000000 27.000000
-85.000000 -18.000000
134
94.000000 -68.000000
-55.000000 -49.000000
122
-62.000000 -56.000000
65.000000 80.000000
61
86.000000 -22.000000
-52.000000 66.000000
103
-86.000000 49.000000
-82.000000 69.000000
131
-23.000000 47.000000
84.000000 81.000000
98
-79.000000 -90.000000
88.000000 82.000000
234
-47.000000 10.000000
-52.000000 61.000000
119
-88.000000 -82.000000
-88.000000 78.000000
143
-86.000000 -59.000000
-90.000000 -23.000000
229
37.000000 -58.000000
-92.000000 -19.000000
161
-58.000000 -42.000000
51.000000 -19.000000
117
-68.000000 -11.000000
-93.000000 98.000000
135
16.000000 90.000000
-59.000000 -42.000000
119
66.000000 -9.000000
78.000000 -9.000000
248
46.000000 -67.000000
-56.000000 -32.000000
233
41.000000 14.000000
-66.000000 -41.000000
201
-4.000000 4.000000
-89.000000 -49.000000
194
48.000000 -56.000000
50.000000 -30.000000
124
-49.000000 -86.000000
-62.000000 77.000000
79
-12.000000 3.000000
-63.000000 50.000000
208
-81.000000 67.000000
62.000000 -28.000000
53
-62.000000 67.000000
93.000000 -38.000000
56
86.000000 11.000000
-54.000000 52.000000
232
7.000000 10.000000
-52.000000 -9.000000
145
73.000000 -85.000000
52.000000 -12.000000
114
98.000000 -81.000000
74.000000 88.000000
196
57.000000 56.000000
-97.000000 96.000000
123
-30.000000 -72.000000
92.000000 -44.000000
138
-70.000000 -43.000000
57.000000 -18.000000
85
15.000000 4.000000
62.000000 -48.000000
99
-16.000000 -44.000000
50.000000 -35.000000
193
-42.000000 99.000000
-61.000000 -26.000000
79
-52.000000 -8.000000
-60.000000 97.000000
151
-95.000000 -61.000000
-79.000000 -41.000000
104
41.000000 -17.000000
54.000000 -22.000000
143
-79.000000 -1.000000
-83.000000 90.000000
71
74.000000 31.000000
80.000000 59.000000
199
-28.000000 71.000000
-68.000000 -27.000000
188
-8.000000 38.000000
64.000000 -7.000000
81
-67.000000 -36.000000
-84.000000 -9.000000
126
-51.000000 -24.000000
52.000000 -20.000000
230
-67.000000 61.000000
57.000000 -36.000000
207
83.000000 47.000000
97.000000 -47.000000
136
-63.000000 62.000000
94.000000 -26.000000
55
-11.000000 51.000000
-50.000000 65.000000
204
-56.000000 64.000000
56.000000 -29.000000
228
-92.000000 -1.000000
-55.000000 -36.000000
167
-17.000000 -80.000000
-99.000000 -48.000000
237
-2.000000 -89.000000
52.000000 51.000000
148
-50.000000 -77.000000
51.000000 -16.000000
213
70.000000 -94.000000
83.000000 -39.000000
73
10.000000 -5.000000
96.000000 86.000000
151
28.000000 22.000000
74.000000 -37.000000
197
-23.000000 -74.000000
60.000000 68.000000
167
-14.000000 -83.000000
69.000000 -28.000000
200
-84.000000 69.000000
-51.000000 87.000000
135
-55.000000 14.000000
-87.000000 60.000000
198
-32.000000 -91.000000
75.000000 97.000000
222
91.000000 -90.000000
76.000000 -3.000000
192
-54.000000 -46.000000
88.000000 87.000000
202
-53.000000 -19.000000
50.000000 -19.000000
166
24.000000 -50.000000
63.000000 -43.000000
150
-22.000000 69.000000
67.000000 -25.000000
84
-87.000000 -9.000000
-69.000000 68.000000
107
99.000000 -38.000000
82.000000 85.000000
126
28.000000 -83.000000
58.000000 96.000000
133
94.000000 -6.000000
77.000000 -9.000000
161
-98.000000 -4.000000
-61.000000 61.000000
221
-83.000000 -29.000000
-87.000000 -13.000000
209
-21.000000 -46.000000
73.000000 -11.000000
244
-48.000000 -18.000000
-78.000000 65.000000
187
-7.000000 14.000000
-73.000000 71.000000
95
-20.000000 86.000000
69.000000 64.000000
243
25.000000 -72.000000
-66.000000 -10.000000
202
81.000000 -40.000000
-87.000000 -33.000000
93
-24.000000 95.000000
-63.000000 66.000000
161
-9.000000 19.000000
92.000000 56.000000
120
44.000000 -79.000000
-65.000000 -17.000000
63
70.000000 89.000000
-60.000000 98.000000
118
-81.000000 54.000000
-76.000000 78.000000
72
-49.000000 -57.000000
-73.000000 67.000000
225
91.000000 21.000000
-54.000000 -41.000000
241
84.000000 -56.000000
-55.000000 -40.000000
71
16.000000 23.000000
97.000000 -37.000000
120
75.000000 89.000000
-57.000000 91.000000
55
49.000000 -51.000000
-79.000000 87.000000
64
-42.000000 74.000000
61.000000 92.000000
161
-5.000000 -64.000000
62.000000 -20.000000
168
95.000000 8.000000
-65.000000 59.000000
215
78.000000 19.000000
-78.000000 -42.000000
141
-83.000000 28.000000
96.000000 85.000000
204
2.000000 24.000000
-90.000000 97.000000
119
23.000000 18.000000
-62.000000 -1.000000
120
27.000000 -11.000000
89.000000 93.000000
131
-57.000000 -63.000000
-72.000000 -43.000000
192
55.000000 -82.000000
77.000000 -38.000000
237
72.000000 38.000000
86.000000 74.000000
233
-20.000000 84.000000
-72.000000 -17.000000
112
13.000000 -17.000000
-67.000000 -39.000000
221
19.000000 55.000000
-66.000000 -17.000000
105
36.000000 -8.000000
62.000000 63.000000
89
-46.000000 65.000000
92.000000 -28.000000
137
4.000000 -3.000000
95.000000 -40.000000
182
23.000000 -27.000000
-68.000000 -21.000000
116
47.000000 -76.000000
-64.000000 -46.000000
175
-61.000000 40.000000
83.000000 -19.000000
177
32.000000 -32.000000
-88.000000 -20.000000
236
-10.000000 -43.000000
60.000000 -38.000000
104
-37.000000 14.000000
-53.000000 -16.000000
147
-7.000000 -70.000000
81.000000 81.000000
191
-58.000000 36.000000
85.000000 -21.000000
207
37.000000 -34.000000
78.000000 67.000000
120
36.000000 -43.000000
-99.000000 -19.000000
116
-64.000000 10.000000
63.000000 51.000000
181
74.000000 -6.000000
53.000000 -5.000000
196
54.000000 37.000000
96.000000 59.000000
249
-80.000000 -33.000000
66.000000 -35.000000
96
72.000000 -18.000000
78.000000 -10.000000
178
-14.000000 -57.000000
-61.000000 51.000000
240
-42.000000 -29.000000
-61.000000 -8.000000
113
83.000000 -8.000000
76.000000 -18.000000
159
17.000000 9.000000
54.000000 71.000000
79
-92.000000 -35.000000
69.000000 -31.000000
245
-91.000000 -16.000000
65.000000 72.000000
186
-72.000000 -32.000000
60.000000 64.000000
59
37.000000 -88.000000
-64.000000 -4.000000
148
-98.000000 18.000000
56.000000 -38.000000
83
-10.000000 -11.000000
72.000000 -7.000000
79
84.000000 60.000000
59.000000 -12.000000
243
68.000000 -38.000000
84.000000 93.000000
226
-70.000000 -98.000000
-93.000000 -22.000000
126
66.000000 -10.000000
76.000000 64.000000
105
17.000000 -23.000000
88.000000 86.000000
187
98.000000 -2.000000
51.000000 -41.000000
145
-22.000000 84.000000
77.000000 96.000000
92
-80.000000 94.000000
-68.000000 -9.000000
115
42.000000 -13.000000
50.000000 -47.000000
212
54.000000 -67.000000
87.000000 69.000000
91
-81.000000 15.000000
-89.000000 58.000000
243
5.000000 -18.000000
-76.000000 92.000000
160
-94.000000 -31.000000
-99.000000 -33.000000
150
-83.000000 44.000000
68.000000 -17.000000
55
14.000000 -68.000000
69.000000 -50.000000
88
-85.000000 27.000000
81.000000 97.000000
53
-33.000000 -62.000000
96.000000 -13.000000
187
31.000000 -43.000000
-64.000000 -37.000000
67
-55.000000 11.000000
-86.000000 -26.000000
68
10.000000 -23.000000
61.000000 -41.000000
91
65.000000 15.000000
-87.000000 65.000000
174
-1.000000 -2.000000
74.000000 93.000000
176
-39.000000 -45.000000
73.000000 56.000000
246
70.000000 27.000000
-83.000000 -39.000000
108
74.000000 94.000000
69.000000 -43.000000
98
-43.000000 -21.000000
87.000000 50.000000
82
-66.000000 -75.000000
94.000000 68.000000
175
-42.000000 37.000000
69.000000 -32.000000
56
-84.000000 -77.000000
70.000000 -19.000000
190
6.000000 -48.000000
99.000000 -7.000000
66
-54.000000 63.000000
-83.000000 99.000000
198
36.000000 82.000000
-75.000000 93.000000
227
57.000000 -66.000000
64.000000 -8.000000
118
34.000000 -62.000000
84.000000 -11.000000
146
-41.000000 -15.000000
50.000000 50.000000
53
-24.000000 -48.000000
82.000000 84.000000
110
-86.000000 -59.000000
-64.000000 73.000000
103
-35.000000 -61.000000
51.000000 54.000000
150
93.000000 63.000000
-91.000000 68.000000
196
-41.000000 -61.000000
57.000000 89.000000
123
28.000000 71.000000
-61.000000 -7.000000
72
92.000000 12.000000
-59.000000 69.000000
130
75.000000 20.000000
59.000000 91.000000
95
14.000000 11.000000
64.000000 95.000000
242
45.000000 -32.000000
96.000000 -5.000000
122
9.000000 -8.000000
67.000000 93.000000
133
-98.000000 -71.000000
-83.000000 87.000000
119
-91.000000 79.000000
68.000000 -30.000000
72
-84.000000 21.000000
57.000000 82.000000
53
17.000000 -49.000000
-82.000000 -36.000000
130
53.000000 6.000000
-67.000000 -2.000000
111
-37.000000 92.000000
-51.000000 -39.000000
95
-19.000000 11.000000
-84.000000 65.000000
127
-62.000000 27.000000
61.000000 -10.000000
177
98.000000 52.000000
-55.000000 78.000000
150
59.000000 -19.000000
-86.000000 -40.000000
142
-43.000000 0.000000
-90.000000 -11.000000
68
86.000000 71.000000
98.000000 64.000000
53
-50.000000 87.000000
-96.000000 -41.000000
62
-89.000000 -71.000000
-58.000000 -36.000000
195
94.000000 -36.000000
92.000000 56.000000
220
3.000000 -67.000000
-72.000000 -6.000000
152
29.000000 -22.000000
-75.000000 -48.000000
59
2.000000 -31.000000
-70.000000 61.000000
198
7.000000 26.000000
-51.000000 83.000000
110
93.000000 -46.000000
-80.000000 51.000000
76
43.000000 -23.000000
88.000000 96.000000
184
-3.000000 78.000000
86.000000 -28.000000
200
57.000000 52.000000
-57.000000 -30.000000
140
-30.000000 -81.000000
52.000000 -26.000000
193
69.000000 72.000000
62.000000 -23.000000
237
9.000000 31.000000
91.000000 -6.000000
54
-25.000000 -28.000000
-99.000000 98.000000
152
-12.000000 -46.000000
60.000000 83.000000
189
45.000000 75.000000
-73.000000 -11.000000
135
-93.000000 -7.000000
88.000000 97.000000
210
17.000000 -16.000000
80.000000 67.000000
62
6.000000 42.000000
-77.000000 99.000000
103
79.000000 -69.000000
-50.000000 96.000000
195
-66.000000 -62.000000
-90.000000 -35.000000
57
-67.000000 -69.000000
-87.000000 57.000000
189
55.000000 -1.000000
85.000000 90.000000
242
-53.000000 33.000000
99.000000 59.000000
69
-54.000000 36.000000
63.000000 -7.000000
180
72.000000 -53.000000
-51.000000 -32.000000
133
-27.000000 45.000000
-92.000000 96.000000
233
-17.000000 96.000000
73.000000 -34.000000
137
-63.000000 -44.000000
99.000000 -20.000000
249
-26.000000 44.000000
-56.000000 -25.000000
87
-66.000000 -82.000000
-84.000000 58.000000
64
-76.000000 -26.000000
78.000000 -3.000000
185
-14.000000 -11.000000
89.000000 71.000000
69
-36.000000 -80.000000
-85.000000 89.000000
206
83.000000 -31.000000
76.000000 69.000000
184
-10.000000 -32.000000
-83.000000 74.000000
159
-60.000000 -77.000000
-87.000000 -41.000000
158
-17.000000 85.000000
79.000000 -4.000000
180
-65.000000 65.000000
64.000000 54.000000
56
-44.000000 -52.000000
75.000000 -13.000000
184
-11.000000 -94.000000
72.000000 63.000000
74
18.000000 -33.000000
81.000000 53.000000
245
-71.000000 61.000000
63.000000 74.000000
165
-3.000000 -38.000000
-86.000000 -42.000000
194
52.000000 -64.000000
-58.000000 71.000000
195
51.000000 49.000000
69.000000 81.000000
146
-86.000000 47.000000
-70.000000 52.000000
162
-77.000000 51.000000
-50.000000 78.000000
235
-72.000000 -90.000000
88.000000 78.000000
223
-22.000000 -10.000000
95.000000 93.000000
90
-20.000000 99.000000
-88.000000 82.000000
114
33.000000 -3.000000
63.000000 -27.000000
139
-18.000000 -5.000000
53.000000 -41.000000
106
-66.000000 91.000000
-53.000000 -35.000000
81
62.000000 -39.000000
-89.000000 70.000000
117
28.000000 2.000000
62.000000 -19.000000
138
9.000000 -75.000000
52.000000 -40.000000
94
73.000000 -1.000000
-95.000000 -9.000000
213
24.000000 41.000000
-88.000000 93.000000
184
96.000000 -67.000000
69.000000 80.000000
176
24.000000 -48.000000
-66.000000 70.000000
217
16.000000 57.000000
-97.000000 91.000000
149
-88.000000 99.000000
-82.000000 -41.000000
72
88.000000 98.000000
-51.000000 -14.000000
178
83.000000 -27.000000
62.000000 -44.000000
226
27.000000 -68.000000
58.000000 -25.000000
229
98.000000 52.000000
-64.000000 -6.000000
125
56.000000 24.000000
-87.000000 -47.000000
61
40.000000 -72.000000
-75.000000 -17.000000
92
5.000000 95.000000
74.000000 -36.000000
94
-67.000000 15.000000
99.000000 -20.000000
248
99.000000 -55.000000
-56.000000 95.000000
247
1.000000 -24.000000
75.000000 -34.000000
227
-19.000000 25.000000
-88.000000 -14.000000
158
-44.000000 83.000000
80.000000 85.000000
213
-59.000000 94.000000
-94.000000 86.000000
98
92.000000 57.000000
55.000000 57.000000
150
-79.000000 33.000000
87.000000 53.000000
245
-99.000000 5.000000
82.000000 62.000000
150
57.000000 62.000000
56.000000 60.000000
97
-78.000000 70.000000
50.000000 87.000000
152
88.000000 -60.000000
57.000000 -25.000000
169
27.000000 21.000000
79.000000 94.000000
240
-38.000000 69.000000
-99.000000 82.000000
181
-63.000000 99.000000
92.000000 -34.000000
58
56.000000 1.000000
-50.000000 55.000000
132
38.000000 -32.000000
-62.000000 80.000000
86
40.000000 57.000000
-54.000000 98.000000
214
-91.000000 -37.000000
-53.000000 -4.000000
134
-14.000000 -41.000000
-63.000000 -45.000000
203
-5.000000 -65.000000
-93.000000 -50.000000
55
9.000000 -91.000000
-51.000000 84.000000
103
24.000000 28.000000
76.000000 -21.000000
52
-31.000000 -1.000000
-62.000000 84.000000
77
-70.000000 -19.000000
84.000000 -24.000000
51
-34.000000 -40.000000
69.000000 65.000000
149
53.000000 16.000000
-51.000000 58.000000
106
-45.000000 -78.000000
-75.000000 50.000000
105
-41.000000 -92.000000
-79.000000 -48.000000
142
22.000000 -99.000000
53.000000 -13.000000
87
-54.000000 -75.000000
78.000000 -9.000000
237
65.000000 -57.000000
55.000000 67.000000
230
-30.000000 -84.000000
51.000000 -8.000000
238
-98.000000 -30.000000
-75.000000 74.000000
101
50.000000 12.000000
-67.000000 -5.000000
143
7.000000 93.000000
56.000000 -49.000000
195
-40.000000 -57.000000
-96.000000 -34.000000
164
-21.000000 -6.000000
-61.000000 -23.000000
56
15.000000 87.000000
89.000000 92.000000
235
17.000000 92.000000
82.000000 83.000000
216
-4.000000 71.000000
59.000000 -16.000000
248
-78.000000 -20.000000
92.000000 94.000000
70
-40.000000 76.000000
80.000000 62.000000
199
-80.000000 31.000000
-53.000000 58.000000
93
-89.000000 24.000000
53.000000 77.000000
93
71.000000 31.000000
92.000000 -23.000000
106
62.000000 -9.000000
-92.000000 -46.000000
57
4.000000 -1.000000
85.000000 -17.000000
88
42.000000 -31.000000
-50.000000 93.000000
217
-60.000000 -41.000000
-62.000000 -2.000000
87
40.000000 -63.000000
76.000000 -44.000000
85
-91.000000 -87.000000
-69.000000 -29.000000
248
-43.000000 -12.000000
91.000000 93.000000
185
-96.000000 74.000000
-54.000000 -29.000000
158
60.000000 5.000000
-84.000000 59.000000
73
-22.000000 89.000000
82.000000 72.000000
217
-11.000000 -18.000000
-99.000000 72.000000
241
-85.000000 -1.000000
-71.000000 -3.000000
218
9.000000 -23.000000
-73.000000 64.000000
240
46.000000 -97.000000
-75.000000 56.000000
118
-5.000000 -95.000000
-76.000000 -38.000000
96
-85.000000 85.000000
63.000000 -30.000000
79
-33.000000 -33.000000
74.000000 90.000000
80
92.000000 68.000000
93.000000 -21.000000
117
92.000000 92.000000
-76.000000 81.000000
210
33.000000 89.000000
53.000000 85.000000
219
75.000000 78.000000
54.000000 -44.000000
141
59.000000 59.000000
-70.000000 82.000000
239
-76.000000 -61.000000
56.000000 90.000000
163
28.000000 33.000000
77.000000 96.000000
223
17.000000 -39.000000
-91.000000 -28.000000
192
-15.000000 -49.000000
65.000000 84.000000
208
-70.000000 94.000000
-87.000000 99.000000
234
-43.000000 -4.000000
94.000000 70.000000
130
81.000000 -54.000000
63.000000 -7.000000
239
-99.000000 -79.000000
-57.000000 91.000000
63
17.000000 46.000000
-75.000000 94.000000
72
24.000000 83.000000
97.000000 -28.000000
210
44.000000 -54.000000
-95.000000 62.000000
135
-38.000000 11.000000
-94.000000 -44.000000
125
97.000000 96.000000
92.000000 -48.000000
189
61.000000 -9.000000
66.000000 70.000000
208
11.000000 -58.000000
84.000000 -25.000000
80
-71.000000 65.000000
90.000000 -6.000000
189
57.000000 59.000000
-61.000000 -35.000000
197
-65.000000 57.000000
78.000000 66.000000
105
-57.000000 -1.000000
-52.000000 -34.000000
103
-67.000000 -92.000000
93.000000 -40.000000
191
-80.000000 -18.000000
-80.000000 80.000000
105
19.000000 -60.000000
75.000000 79.000000
137
96.000000 -83.000000
54.000000 59.000000
112
23.000000 -79.000000
53.000000 55.000000
81
30.000000 91.000000
-66.000000 67.000000
189
-1.000000 36.000000
72.000000 93.000000
177
72.000000 24.000000
61.000000 -35.000000
67
-41.000000 -60.000000
-71.000000 82.000000
113
98.000000 -81.000000
-72.000000 85.000000
200
82.000000 -92.000000
-94.000000 59.000000
135
25.000000 -53.000000
64.000000 71.000000
149
-30.000000 -60.000000
-73.000000 -33.000000
214
-25.000000 -31.000000
67.000000 56.000000
221
-19.000000 37.000000
50.000000 77.000000
151
13.000000 67.000000
-98.000000 78.000000
167
-9.000000 27.000000
-69.000000 61.000000
130
-58.000000 31.000000
-74.000000 52.000000
162
-62.000000 -54.000000
68.000000 96.000000
108
63.000000 70.000000
-99.000000 -7.000000
104
1.000000 71.000000
62.000000 89.000000
218
-95.000000 95.000000
-71.000000 74.000000
71
-37.000000 -53.000000
74.000000 70.000000
147
-36.000000 -67.000000
75.000000 84.000000
238
-34.000000 -91.000000
-56.000000 -2.000000
179
-59.000000 80.000000
91.000000 83.000000
130
92.000000 45.000000
83.000000 -11.000000
188
-78.000000 -79.000000
-52.000000 -20.000000
129
88.000000 -57.000000
-97.000000 76.000000
155
51.000000 58.000000
83.000000 -35.000000
212
75.000000 -36.000000
55.000000 74.000000
95
86.000000 86.000000
-56.000000 55.000000
212
91.000000 -29.000000
-86.000000 99.000000
231
93.000000 9.000000
-51.000000 61.000000
113
57.000000 65.000000
-51.000000 -19.000000
60
-53.000000 -35.000000
-90.000000 86.000000
195
87.000000 -4.000000
79.000000 -30.000000
170
-60.000000 -68.000000
-92.000000 65.000000
237
-88.000000 97.000000
64.000000 65.000000
86
59.000000 -11.000000
-93.000000 59.000000
93
-89.000000 -55.000000
89.000000 -3.000000
204
-31.000000 96.000000
74.000000 73.000000
129
94.000000 72.000000
70.000000 -41.000000
158
-6.000000 -92.000000
77.000000 -32.000000
234
16.000000 -16.000000
-53.000000 83.000000
67
-53.000000 -15.000000
-91.000000 -33.000000
63
81.000000 -90.000000
-56.000000 94.000000
165
-65.000000 43.000000
95.000000 74.000000
238
57.000000 87.000000
59.000000 67.000000
169
96.000000 -11.000000
57.000000 95.000000
142
73.000000 53.000000
-85.000000 96.000000
160
7.000000 -88.000000
-85.000000 -40.000000
76
91.000000 35.000000
-52.000000 89.000000
194
42.000000 52.000000
70.000000 80.000000
192
20.000000 54.000000
71.000000 -22.000000
51
-70.000000 -80.000000
50.000000 -22.000000
240
8.000000 98.000000
-86.000000 89.000000
64
-67.000000 -33.000000
97.000000 -41.000000
133
89.000000 -88.000000
-62.000000 80.000000
208
42.000000 -61.000000
60.000000 91.000000
221
-7.000000 94.000000
-78.000000 59.000000
74
0.000000 33.000000
-57.000000 -23.000000
181
-22.000000 -37.000000
-91.000000 -5.000000
109
-97.000000 -21.000000
50.000000 -47.000000
85
74.000000 64.000000
-90.000000 75.000000
137
-56.000000 92.000000
98.000000 89.000000
235
84.000000 -65.000000
73.000000 -47.000000
146
63.000000 49.000000
-58.000000 -38.000000
83
76.000000 -70.000000
-66.000000 -13.000000
220
-59.000000 -8.000000
-79.000000 78.000000
193
-91.000000 72.000000
-84.000000 -19.000000
54
9.000000 -89.000000
51.000000 96.000000
142
57.000000 32.000000
63.000000 81.000000
150
-57.000000 54.000000
-91.000000 80.000000
121
39.000000 -32.000000
-95.000000 77.000000
162
18.000000 0.000000
-51.000000 -14.000000
226
-54.000000 73.000000
83.000000 60.000000
245
48.000000 -75.000000
85.000000 85.000000
115
66.000000 -2.000000
-85.000000 -29.000000
57
98.000000 80.000000
-60.000000 -7.000000
115
25.000000 25.000000
-68.000000 79.000000
66
-42.000000 -6.000000
-90.000000 -33.000000
135
4.000000 61.000000
71.000000 -50.000000
120
-41.000000 -26.000000
67.000000 -4.000000
78
-8.000000 99.000000
57.000000 -5.000000
90
25.000000 71.000000
64.000000 71.000000
196
57.000000 -41.000000
55.000000 91.000000
74
-94.000000 -5.000000
93.000000 51.000000
179
98.000000 66.000000
-84.000000 51.000000
178
72.000000 -80.000000
-87.000000 -33.000000
130
-12.000000 65.000000
-85.000000 93.000000
169
-39.000000 20.000000
-99.000000 -7.000000
168
79.000000 -56.000000
58.000000 -31.000000
74
-55.000000 -95.000000
89.000000 -47.000000
139
20.000000 57.000000
-68.000000 54.000000
141
45.000000 -85.000000
-87.000000 61.000000
54
4.000000 -44.000000
-73.000000 -48.000000
146
95.000000 19.000000
82.000000 -20.000000
133
90.000000 80.000000
67.000000 -36.000000
58
-7.000000 -51.000000
59.000000 52.000000
118
-49.000000 3.000000
-96.000000 67.000000
150
10.000000 -27.000000
-53.000000 -9.000000
51
-73.000000 98.000000
-66.000000 84.000000
234
-57.000000 -81.000000
-51.000000 -44.000000
174
-3.000000 21.000000
83.000000 85.000000
55
-21.000000 -72.000000
96.000000 -49.000000
239
-81.000000 -79.000000
-72.000000 60.000000
140
-51.000000 29.000000
56.000000 -15.000000
197
45.000000 22.000000
51.000000 66.000000
99
10.000000 54.000000
-77.000000 -31.000000
51
-62.000000 -61.000000
54.000000 -13.000000
162
-23.000000 -66.000000
-58.000000 -27.000000
185
-79.000000 6.000000
-67.000000 61.000000
237
-72.000000 58.000000
74.000000 95.000000
119
-61.000000 1.000000
-86.000000 68.000000
88
-93.000000 -5.000000
-72.000000 99.000000
111
68.000000 42.000000
56.000000 85.000000
247
-97.000000 88.000000
-73.000000 -31.000000
122
-5.000000 -37.000000
69.000000 -21.000000
196
3.000000 19.000000
-50.000000 89.000000
65
-11.000000 -52.000000
-50.000000 68.000000
151
-34.000000 1.000000
-81.000000 90.000000
237
11.000000 80.000000
-82.000000 -41.000000
196
-19.000000 -64.000000
90.000000 -5.000000
69
0.000000 72.000000
-60.000000 -50.000000
245
-64.000000 68.000000
-68.000000 -12.000000
114
6.000000 -78.000000
96.000000 -35.000000
195
43.000000 99.000000
-70.000000 61.000000
96
21.000000 -23.000000
-85.000000 68.000000
68
87.000000 90.000000
60.000000 74.000000
203
-99.000000 60.000000
-52.000000 97.000000
199
36.000000 96.000000
66.000000 -37.000000
201
79.000000 -96.000000
-54.000000 -39.000000
199
1.000000 44.000000
-99.000000 90.000000
199
19.000000 -37.000000
74.000000 -2.000000
224
-60.000000 10.000000
-92.000000 -46.000000
142
10.000000 -17.000000
-70.000000 73.000000
128
-77.000000 -22.000000
-92.000000 62.000000
178
19.000000 -1.000000
-86.000000 -13.000000
134
57.000000 -18.000000
-72.000000 63.000000
61
37.000000 -12.000000
-69.000000 77.000000
122
75.000000 -0.000000
-99.000000 -3.000000
190
-93.000000 -29.000000
72.000000 -19.000000
104
-87.000000 10.000000
-60.000000 -19.000000
70
-23.000000 -22.000000
-70.000000 -3.000000
218
43.000000 -75.000000
-61.000000 56.000000
186
32.000000 -52.000000
94.000000 53.000000
235
-9.000000 -87.000000
83.000000 63.000000
153
30.000000 -4.000000
65.000000 -44.000000
63
-34.000000 21.000000
-91.000000 -10.000000
132
-61.000000 -46.000000
-92.000000 78.000000
215
-76.000000 48.000000
84.000000 -22.000000
115
-90.000000 -91.000000
91.000000 91.000000
220
-67.000000 21.000000
-66.000000 90.000000
190
30.000000 18.000000
62.000000 64.000000
85
87.000000 21.000000
78.000000 -5.000000
150
-2.000000 8.000000
98.000000 69.000000
186
-10.000000 -9.000000
-79.000000 61.000000
140
-60.000000 -86.000000
-60.000000 80.000000
210
-64.000000 -19.000000
-74.000000 56.000000
131
-58.000000 -20.000000
69.000000 -6.000000
160
-10.000000 -47.000000
98.000000 -37.000000
52
21.000000 -62.000000
89.000000 68.000000
74
-11.000000 3.000000
-93.000000 -12.000000
193
39.000000 94.000000
-66.000000 -35.000000
230
19.000000 -88.000000
63.000000 67.000000
238
30.000000 -31.000000
-71.000000 86.000000
137
36.000000 20.000000
-53.000000 -36.000000
222
-77.000000 -22.000000
-74.000000 77.000000
152
46.000000 92.000000
63.000000 -34.000000
169
95.000000 -61.000000
87.000000 -34.000000
80
51.000000 -42.000000
-94.000000 60.000000
72
91.000000 -76.000000
-78.000000 83.000000
242
-16.000000 9.000000
76.000000 -8.000000
229
-11.000000 -41.000000
74.000000 -27.000000
211
-26.000000 17.000000
-82.000000 -38.000000
202
67.000000 -58.000000
70.000000 83.000000
144
-38.000000 34.000000
-77.000000 85.000000
145
-85.000000 -28.000000
-67.000000 -50.000000
236
31.000000 36.000000
-57.000000 86.000000
89
-55.000000 -57.000000
-92.000000 -5.000000
183
-42.000000 62.000000
-95.000000 -32.000000
228
21.000000 18.000000
85.000000 -36.000000
86
-75.000000 -40.000000
85.000000 69.000000
82
-93.000000 34.000000
63.000000 -24.000000
103
-64.000000 -39.000000
90.000000 51.000000
106
10.000000 -38.000000
-51.000000 -17.000000
240
-61.000000 89.000000
66.000000 -14.000000
54
40.000000 -1.000000
-70.000000 -38.000000
74
82.000000 12.000000
80.000000 62.000000
59
74.000000 -2.000000
55.000000 82.000000
63
-23.000000 83.000000
79.000000 76.000000
159
92.000000 -54.000000
63.000000 69.000000
180
20.000000 89.000000
-75.000000 -24.000000
146
2.000000 51.000000
89.000000 61.000000
106
-41.000000 -86.000000
89.000000 87.000000
117
59.000000 -58.000000
61.000000 74.000000
212
83.000000 -76.000000
-76.000000 51.000000
73
-24.000000 -57.000000
54.000000 -5.000000
95
13.000000 -2.000000
83.000000 93.000000
122
96.000000 -67.000000
65.000000 75.000000
149
-68.000000 27.000000
-77.000000 -15.000000
226
-70.000000 -34.000000
94.000000 58.000000
201
87.000000 -42.000000
-63.000000 83.000000
112
12.000000 61.000000
-82.000000 60.000000
176
77.000000 62.000000
61.000000 76.000000
240
20.000000 17.000000
-58.000000 97.000000
69
36.000000 44.000000
-70.000000 89.000000
130
-93.000000 63.000000
68.000000 -50.000000
114
-22.000000 -0.000000
-65.000000 70.000000
223
37.000000 -51.000000
58.000000 -5.000000
205
-58.000000 29.000000
53.000000 89.000000
98
89.000000 40.000000
80.000000 53.000000
115
8.000000 -59.000000
-71.000000 -33.000000
204
60.000000 37.000000
54.000000 -21.000000
78
-61.000000 -53.000000
92.000000 -14.000000
68
16.000000 -37.000000
60.000000 84.000000
249
-38.000000 21.000000
-88.000000 79.000000
217
-56.000000 -77.000000
68.000000 -16.000000
185
80.000000 34.000000
-71.000000 -31.000000
91
59.000000 -3.000000
92.000000 -44.000000
130
57.000000 81.000000
56.000000 -49.000000
223
-63.000000 -8.000000
-77.000000 63.000000
167
-41.000000 34.000000
-85.000000 91.000000
87
-23.000000 86.000000
-76.000000 -31.000000
50
-8.000000 65.000000
-56.000000 -12.000000
150
66.000000 -2.000000
-65.000000 97.000000
248
93.000000 43.000000
-55.000000 -2.000000
152
72.000000 52.000000
63.000000 63.000000
90
-25.000000 -0.000000
-69.000000 65.000000
236
-9.000000 75.000000
69.000000 -2.000000
69
-87.000000 52.000000
-77.000000 -10.000000
198
-5.000000 81.000000
-96.000000 60.000000
83
-23.000000 85.000000
-82.000000 -38.000000
225
58.000000 3.000000
61.000000 61.000000
136
-33.000000 -96.000000
-50.000000 -22.000000
156
-19.000000 -18.000000
-76.000000 82.000000
218
-5.000000 -4.000000
-89.000000 92.000000
129
47.000000 85.000000
59.000000 73.000000
72
-71.000000 3.000000
-80.000000 88.000000
53
10.000000 36.000000
-62.000000 76.000000
242
-9.000000 -28.000000
56.000000 86.000000
113
83.000000 0.000000
93.000000 -25.000000
243
36.000000 63.000000
-79.000000 53.000000
134
-94.000000 -31.000000
85.000000 -49.000000
231
94.000000 25.000000
73.000000 66.000000
243
-79.000000 -28.000000
-61.000000 -1.000000
50
60.000000 20.000000
-52.000000 -19.000000
133
-95.000000 47.000000
-75.000000 71.000000
130
69.000000 43.000000
-65.000000 62.000000
205
-75.000000 12.000000
-73.000000 -30.000000
157
-66.000000 -54.000000
85.000000 81.000000
133
-44.000000 -99.000000
50.000000 82.000000
142
29.000000 -55.000000
87.000000 -3.000000
148
77.000000 -13.000000
-90.000000 90.000000
241
-53.000000 52.000000
-81.000000 65.000000
124
-94.000000 -11.000000
-82.000000 -48.000000
79
-89.000000 11.000000
-88.000000 -33.000000
65
96.000000 -49.000000
96.000000 -15.000000
130
-25.000000 -88.000000
-61.000000 -34.000000
77
94.000000 -43.000000
63.000000 -35.000000
218
-10.000000 -88.000000
54.000000 -32.000000
231
-3.000000 19.000000
77.000000 -3.000000
127
-49.000000 -52.000000
76.000000 68.000000
169
-48.000000 77.000000
57.000000 -4.000000
85
95.000000 53.000000
89.000000 77.000000
51
15.000000 -98.000000
-77.000000 55.000000
111
-3.000000 -81.000000
-51.000000 -10.000000
158
-12.000000 -20.000000
52.000000 50.000000
197
-73.000000 -56.000000
76.000000 -26.000000
134
23.000000 -67.000000
-85.000000 60.000000
128
-66.000000 47.000000
-67.000000 -14.000000
63
47.000000 39.000000
61.000000 54.000000
146
-98.000000 40.000000
-98.000000 -39.000000
192
-7.000000 -37.000000
-83.000000 76.000000
110
-54.000000 46.000000
-58.000000 91.000000
208
-24.000000 33.000000
80.000000 -21.000000
178
-22.000000 61.000000
-61.000000 -5.000000
77
-10.000000 85.000000
53.000000 95.000000
103
32.000000 -57.000000
-90.000000 50.000000
151
57.000000 -59.000000
62.000000 75.000000
61
24.000000 -13.000000
54.000000 -22.000000
118
-76.000000 -66.000000
-53.000000 -11.000000
245
-29.000000 -25.000000
-86.000000 59.000000
167
96.000000 -2.000000
88.000000 -24.000000
218
-96.000000 61.000000
-56.000000 -10.000000
118
-25.000000 1.000000
78.000000 -9.000000
134
33.000000 -20.000000
-86.000000 59.000000
70
-40.000000 75.000000
-91.000000 75.000000
52
-65.000000 -19.000000
-65.000000 -34.000000
176
97.000000 -88.000000
57.000000 64.000000
215
-89.000000 53.000000
-65.000000 -33.000000
228
-35.000000 79.000000
-98.000000 77.000000
217
-32.000000 81.000000
56.000000 70.000000
194
98.000000 -60.000000
-67.000000 56.000000
159
24.000000 22.000000
88.000000 -23.000000
158
-25.000000 38.000000
90.000000 -9.000000
179
75.000000 -18.000000
-62.000000 69.000000
136
-19.000000 54.000000
-90.000000 -12.000000
144
-4.000000 -71.000000
-57.000000 69.000000
107
58.000000 -64.000000
-71.000000 -11.000000
86
36.000000 -52.000000
60.000000 73.000000
141
32.000000 27.000000
-80.000000 -1.000000
134
13.000000 47.000000
62.000000 54.000000
223
28.000000 81.000000
54.000000 -24.000000
70
-9.000000 56.000000
83.000000 -44.000000
139
-72.000000 48.000000
98.000000 59.000000
166
67.000000 83.000000
87.000000 -38.000000
169
-85.000000 84.000000
66.000000 94.000000
220
52.000000 -55.000000
-68.000000 78.000000
78
-44.000000 -80.000000
-66.000000 96.000000
236
68.000000 7.000000
-63.000000 80.000000
203
-49.000000 -77.000000
-51.000000 63.000000
58
21.000000 68.000000
-92.000000 -38.000000
81
-38.000000 -66.000000
75.000000 86.000000
65
-4.000000 82.000000
-86.000000 55.000000
125
-86.000000 64.000000
96.000000 76.000000
133
-44.000000 31.000000
55.000000 85.000000
60
-25.000000 -40.000000
59.000000 -49.000000
160
17.000000 71.000000
87.000000 91.000000
104
81.000000 7.000000
-87.000000 -4.000000
186
-78.000000 13.000000
-50.000000 58.000000
149
40.000000 -7.000000
-87.000000 98.000000
207
75.000000 15.000000
53.000000 93.000000
138
-51.000000 -2.000000
-69.000000 -12.000000
82
-47.000000 67.000000
-59.000000 73.000000
175
-74.000000 -75.000000
60.000000 50.000000
107
93.000000 -0.000000
-91.000000 80.000000
106
-72.000000 63.000000
-94.000000 60.000000
161
57.000000 69.000000
70.000000 67.000000
92
-65.000000 -84.000000
87.000000 65.000000
72
45.000000 -55.000000
-88.000000 64.000000
100
-81.000000 76.000000
-96.000000 -23.000000
190
-95.000000 -38.000000
98.000000 81.000000
227
-85.000000 -88.000000
-58.000000 -33.000000
101
13.000000 -46.000000
79.000000 -1.000000
248
-73.000000 -52.000000
88.000000 77.000000
201
-75.000000 50.000000
63.000000 -1.000000
56
-89.000000 50.000000
-64.000000 71.000000
113
-1.000000 -35.000000
60.000000 51.000000
220
-80.000000 30.000000
59.000000 -16.000000
240
54.000000 -96.000000
93.000000 79.000000
199
21.000000 -7.000000
73.000000 84.000000
73
70.000000 16.000000
68.000000 65.000000
243
-57.000000 -59.000000
-57.000000 57.000000
167
-97.000000 86.000000
-58.000000 63.000000
81
55.000000 -30.000000
-76.000000 -23.000000
204
-5.000000 -32.000000
82.000000 91.000000
126
-89.000000 20.000000
-87.000000 90.000000
111
99.000000 83.000000
71.000000 70.000000
87
-0.000000 11.000000
72.000000 -13.000000
124
-21.000000 -91.000000
-56.000000 -33.000000
65
94.000000 54.000000
67.000000 77.000000
155
33.000000 -27.000000
64.000000 80.000000
73
37.000000 49.000000
97.000000 63.000000
102
-59.000000 -72.000000
-81.000000 -5.000000
132
-26.000000 16.000000
-54.000000 57.000000
226
-74.000000 -92.000000
-55.000000 -13.000000
212
-45.000000 39.000000
-54.000000 82.000000
183
47.000000 59.000000
-70.000000 -32.000000
137
-10.000000 16.000000
69.000000 90.000000
137
-52.000000 -18.000000
80.000000 54.000000
198
-69.000000 18.000000
50.000000 -34.000000
240
-81.000000 30.000000
79.000000 -5.000000
120
80.000000 -29.000000
-70.000000 -18.000000
199
51.000000 -34.000000
53.000000 67.000000
174
-82.000000 -75.000000
50.000000 55.000000
57
99.000000 -82.000000
-84.000000 -13.000000
95
12.000000 79.000000
-82.000000 -38.000000
178
50.000000 40.000000
98.000000 -21.000000
180
6.000000 -10.000000
-69.000000 81.000000
101
-56.000000 -32.000000
89.000000 50.000000
149
98.000000 50.000000
83.000000 54.000000
80
-28.000000 8.000000
-97.000000 -21.000000
110
47.000000 59.000000
69.000000 53.000000
122
3.000000 5.000000
-52.000000 -26.000000
174
-94.000000 3.000000
-63.000000 -2.000000
144
-95.000000 -43.000000
-53.000000 -4.000000
170
53.000000 25.000000
53.000000 -15.000000
101
58.000000 22.000000
91.000000 99.000000
149
38.000000 56.000000
97.000000 -7.000000
74
-35.000000 -14.000000
-90.000000 -19.000000
202
96.000000 19.000000
-81.000000 -44.000000
194
31.000000 83.000000
73.000000 -48.000000
128
76.000000 -48.000000
59.000000 65.000000
63
-94.000000 76.000000
77.000000 63.000000
134
-87.000000 -20.000000
-98.000000 -48.000000
185
-89.000000 31.000000
-87.000000 60.000000
108
10.000000 71.000000
78.000000 -27.000000
220
-8.000000 -58.000000
-82.000000 -44.000000
132
-71.000000 -18.000000
-95.000000 -48.000000
141
-26.000000 87.000000
58.000000 -28.000000
246
-52.000000 -15.000000
96.000000 -3.000000
141
-14.000000 -25.000000
80.000000 -7.000000
189
-2.000000 -63.000000
85.000000 -17.000000
229
87.000000 58.000000
-58.000000 53.000000
126
-16.000000 -96.000000
54.000000 -36.000000
134
-35.000000 91.000000
-85.000000 72.000000
163
-92.000000 92.000000
-59.000000 77.000000
134
-27.000000 37.000000
-82.000000 92.000000
180
56.000000 -25.000000
97.000000 -21.000000
239
-20.000000 -77.000000
-85.000000 90.000000
65
-1.000000 17.000000
-80.000000 -38.000000
91
-72.000000 -96.000000
-83.000000 87.000000
89
-51.000000 0.000000
59.000000 75.000000
92
-56.000000 -98.000000
66.000000 73.000000
144
74.000000 -15.000000
83.000000 -45.000000
124
23.000000 95.000000
87.000000 -32.000000
199
19.000000 -37.000000
-88.000000 -33.000000
198
-76.000000 -68.000000
-89.000000 -31.000000
241
-23.000000 76.000000
-76.000000 -43.000000
62
-22.000000 0.000000
70.000000 -30.000000
61
-94.000000 45.000000
-70.000000 -40.000000
166
46.000000 55.000000
74.000000 95.000000
216
-9.000000 17.000000
-53.000000 72.000000
62
66.000000 97.000000
-52.000000 89.000000
68
48.000000 -1.000000
-66.000000 62.000000
111
7.000000 -76.000000
56.000000 56.000000
102
78.000000 -50.000000
80.000000 90.000000
113
48.000000 88.000000
56.000000 -46.000000
220
83.000000 73.000000
-94.000000 70.000000
128
68.000000 -26.000000
-58.000000 75.000000
54
55.000000 -80.000000
-94.000000 -41.000000
63
89.000000 0.000000
-55.000000 -47.000000
108
-25.000000 -79.000000
80.000000 59.000000
227
16.000000 44.000000
-53.000000 -19.000000
100
19.000000 -63.000000
-70.000000 -27.000000
102
-92.000000 55.000000
-90.000000 -17.000000
239
-31.000000 -42.000000
-87.000000 -33.000000
214
91.000000 -26.000000
98.000000 -12.000000
140
88.000000 47.000000
-94.000000 94.000000
178
71.000000 73.000000
95.000000 92.000000
215
-34.000000 -27.000000
85.000000 -20.000000
97
64.000000 54.000000
84.000000 54.000000
198
-60.000000 79.000000
80.000000 75.000000
104
-70.000000 -78.000000
77.000000 64.000000
154
62.000000 -37.000000
-50.000000 -1.000000
125
-33.000000 55.000000
65.000000 -39.000000
160
52.000000 77.000000
-54.000000 80.000000
52
60.000000 76.000000
95.000000 -11.000000
206
-52.000000 64.000000
-74.000000 79.000000
197
-69.000000 11.000000
76.000000 -20.000000
53
76.000000 14.000000
-81.000000 97.000000
220
-94.000000 38.000000
-99.000000 88.000000
100
37.000000 -83.000000
51.000000 -34.000000
169
-83.000000 24.000000
55.000000 82.000000
199
-28.000000 -85.000000
-99.000000 -26.000000
243
23.000000 72.000000
-61.000000 53.000000
147
39.000000 50.000000
-55.000000 -38.000000
191
43.000000 59.000000
-89.000000 -21.000000
103
-74.000000 92.000000
60.000000 58.000000
99
34.000000 -93.000000
81.000000 96.000000
184
-25.000000 -40.000000
-76.000000 -17.000000
248
85.000000 55.000000
86.000000 76.000000
132
-17.000000 80.000000
-65.000000 69.000000
60
-28.000000 37.000000
-98.000000 84.000000
189
82.000000 67.000000
55.000000 -1.000000
93
9.000000 29.000000
83.000000 79.000000
205
69.000000 95.000000
-86.000000 -35.000000
100
-17.000000 -90.000000
-64.000000 -41.000000
63
25.000000 83.000000
88.000000 -34.000000
104
-67.000000 -24.000000
50.000000 -40.000000
210
1.000000 -16.000000
-85.000000 -3.000000
202
83.000000 -97.000000
87.000000 -20.000000
235
-17.000000 62.000000
86.000000 72.000000
93
-61.000000 31.000000
97.000000 76.000000
68
47.000000 40.000000
-77.000000 77.000000
226
34.000000 96.000000
-51.000000 -10.000000
57
-65.000000 -34.000000
88.000000 80.000000
152
-95.000000 -9.000000
-76.000000 -37.000000
154
95.000000 22.000000
84.000000 -16.000000
115
-27.000000 69.000000
-94.000000 54.000000
107
-33.000000 -70.000000
-70.000000 82.000000
69
-28.000000 -47.000000
-50.000000 59.000000
98
67.000000 23.000000
69.000000 -37.000000
95
-78.000000 -96.000000
90.000000 -41.000000
236
-97.000000 48.000000
95.000000 -49.000000
96
-56.000000 11.000000
78.000000 81.000000
63
58.000000 -19.000000
94.000000 -9.000000
56
41.000000 48.000000
-85.000000 -14.000000
99
-57.000000 22.000000
-79.000000 63.000000
147
71.000000 -79.000000
-52.000000 -27.000000
208
57.000000 99.000000
99.000000 -16.000000
84
-41.000000 -46.000000
-55.000000 82.000000
59
34.000000 21.000000
-90.000000 63.000000
163
-52.000000 7.000000
-74.000000 65.000000
222
44.000000 72.000000
51.000000 73.000000
84
-89.000000 -95.000000
-91.000000 -2.000000
86
47.000000 -81.000000
-99.000000 -32.000000
177
2.000000 89.000000
58.000000 -16.000000
200
22.000000 -62.000000
87.000000 91.000000
148
67.000000 -10.000000
-96.000000 73.000000
246
32.000000 7.000000
89.000000 62.000000
226
20.000000 18.000000
-92.000000 -3.000000
208
-58.000000 -42.000000
62.000000 95.000000
173
-94.000000 91.000000
69.000000 -49.000000
79
-55.000000 -13.000000
-61.000000 -1.000000
188
-34.000000 -29.000000
-96.000000 -42.000000
116
-60.000000 -48.000000
67.000000 56.000000
106
-46.000000 -34.000000
70.000000 -23.000000
176
95.000000 62.000000
86.000000 63.000000
218
71.000000 57.000000
-86.000000 -2.000000
243
-87.000000 -41.000000
-95.000000 -25.000000
182
52.000000 -72.000000
95.000000 75.000000
199
52.000000 55.000000
97.000000 74.000000
51
24.000000 34.000000
69.000000 -21.000000
191
84.000000 -72.000000
-57.000000 -3.000000
75
-5.000000 43.000000
97.000000 -2.000000
193
43.000000 -1.000000
79.000000 58.000000
111
-92.000000 -44.000000
73.000000 -18.000000
65
62.000000 -23.000000
55.000000 -9.000000
153
27.000000 -76.000000
-65.000000 86.000000
158
-98.000000 99.000000
55.000000 64.000000
192
-80.000000 -22.000000
52.000000 50.000000
221
59.000000 -59.000000
91.000000 84.000000
80
71.000000 -91.000000
50.000000 -27.000000
58
62.000000 -58.000000
-85.000000 -35.000000
142
94.000000 -65.000000
97.000000 68.000000
188
-46.000000 -91.000000
95.000000 -36.000000
94
32.000000 -88.000000
60.000000 -25.000000
139
46.000000 -0.000000
88.000000 -20.000000
173
5.000000 -92.000000
-78.000000 60.000000
192
57.000000 50.000000
-79.000000 69.000000
151
-33.000000 4.000000
89.000000 80.000000
130
-50.000000 46.000000
-74.000000 -43.000000
229
-13.000000 54.000000
56.000000 -30.000000
164
-34.000000 -32.000000
-67.000000 54.000000
196
20.000000 -17.000000
-52.000000 87.000000
191
-33.000000 -72.000000
-64.000000 -12.000000
173
91.000000 -60.000000
58.000000 -25.000000
145
44.000000 -24.000000
-90.000000 -1.000000
123
82.000000 -27.000000
-53.000000 -27.000000
105
-94.000000 -6.000000
73.000000 -49.000000
214
-27.000000 16.000000
-55.000000 63.000000
57
56.000000 41.000000
-98.000000 55.000000
85
-12.000000 -65.000000
-67.000000 89.000000
209
-87.000000 7.000000
-98.000000 62.000000
143
28.000000 7.000000
-73.000000 73.000000
61
89.000000 -85.000000
85.000000 55.000000
163
84.000000 -91.000000
90.000000 52.000000
94
-67.000000 18.000000
89.000000 83.000000
223
-15.000000 -98.000000
50.000000 60.000000
209
87.000000 -74.000000
-74.000000 -40.000000
187
-63.000000 -57.000000
69.000000 69.000000
73
25.000000 -71.000000
-59.000000 71.000000
114
-47.000000 -64.000000
63.000000 60.000000
127
-38.000000 46.000000
-99.000000 -19.000000
60
94.000000 39.000000
-92.000000 -23.000000
141
-74.000000 -94.000000
58.000000 -3.000000
73
-23.000000 -24.000000
-91.000000 83.000000
83
68.000000 32.000000
-88.000000 61.000000
153
-75.000000 -58.000000
-75.000000 64.000000
59
31.000000 -38.000000
-87.000000 -45.000000
154
-75.000000 89.000000
-93.000000 -15.000000
108
-34.000000 20.000000
-50.000000 -22.000000
217
-92.000000 60.000000
51.000000 -6.000000
81
92.000000 22.000000
54.000000 85.000000
231
61.000000 51.000000
-96.000000 -26.000000
213
-94.000000 1.000000
63.000000 60.000000
246
55.000000 -89.000000
-64.000000 -43.000000
238
49.000000 -60.000000
-55.000000 -7.000000
131
-80.000000 -40.000000
-97.000000 54.000000
243
-25.000000 -49.000000
54.000000 80.000000
167
2.000000 7.000000
97.000000 80.000000
139
-46.000000 -54.000000
65.000000 -29.000000
107
-33.000000 -98.000000
66.000000 74.000000
206
-10.000000 26.000000
97.000000 86.000000
160
87.000000 -43.000000
80.000000 87.000000
140
-16.000000 -33.000000
76.000000 91.000000
118
94.000000 2.000000
-68.000000 -22.000000
161
97.000000 -0.000000
-99.000000 64.000000
119
45.000000 -68.000000
78.000000 65.000000
228
-62.000000 22.000000
87.000000 -14.000000
243
-67.000000 62.000000
70.000000 64.000000
206
-7.000000 2.000000
68.000000 -4.000000
106
-14.000000 57.000000
51.000000 59.000000
86
30.000000 -16.000000
-79.000000 52.000000
212
-38.000000 19.000000
83.000000 52.000000
112
70.000000 24.000000
98.000000 -47.000000
216
18.000000 98.000000
64.000000 -40.000000
213
41.000000 -12.000000
64.000000 -28.000000
193
-69.000000 -81.000000
-66.000000 61.000000
173
-66.000000 -75.000000
-61.000000 91.000000
172
45.000000 -70.000000
-77.000000 55.000000
73
-25.000000 -68.000000
85.000000 76.000000
125
20.000000 53.000000
92.000000 -33.000000
206
-83.000000 -4.000000
-74.000000 93.000000
231
-10.000000 24.000000
74.000000 -24.000000
184
-8.000000 -86.000000
83.000000 80.000000
117
27.000000 -96.000000
87.000000 57.000000
241
23.000000 13.000000
56.000000 -15.000000
110
2.000000 -64.000000
-56.000000 -5.000000
159
-17.000000 58.000000
-54.000000 93.000000
178
-14.000000 -2.000000
-68.000000 -50.000000
110
94.000000 -2.000000
-64.000000 -31.000000
201
62.000000 -93.000000
73.000000 85.000000
249
49.000000 44.000000
90.000000 70.000000
186
-33.000000 67.000000
74.000000 -12.000000
210
32.000000 79.000000
-94.000000 -39.000000
95
57.000000 -3.000000
-53.000000 87.000000
246
12.000000 -89.000000
61.000000 -29.000000
241
-96.000000 2.000000
97.000000 58.000000
228
-45.000000 -56.000000
63.000000 90.000000
77
-42.000000 89.000000
-50.000000 89.000000
219
21.000000 -3.000000
92.000000 81.000000
208
-98.000000 -7.000000
-82.000000 -48.000000
177
74.000000 71.000000
-93.000000 63.000000
213
81.000000 -41.000000
83.000000 56.000000
191
-40.000000 -83.000000
-92.000000 -46.000000
89
-99.000000 -27.000000
-81.000000 -4.000000
235
86.000000 57.000000
-53.000000 -17.000000
97
-51.000000 63.000000
-97.000000 62.000000
102
43.000000 -34.000000
75.000000 -23.000000
115
-64.000000 -46.000000
69.000000 76.000000
139
-84.000000 58.000000
59.000000 -33.000000
179
84.000000 -7.000000
57.000000 58.000000
161
97.000000 -76.000000
-56.000000 57.000000
242
40.000000 15.000000
91.000000 73.000000
162
-86.000000 -56.000000
-73.000000 97.000000
70
56.000000 57.000000
-67.000000 -5.000000
174
-67.000000 -33.000000
-68.000000 62.000000
153
83.000000 12.000000
-61.000000 -32.000000
172
-35.000000 73.000000
51.000000 -12.000000
198
39.000000 18.000000
-62.000000 -39.000000
99
-18.000000 -42.000000
80.000000 69.000000
248
-53.000000 -5.000000
-64.000000 82.000000
122
82.000000 18.000000
58.000000 98.000000
122
11.000000 47.000000
-69.000000 98.000000
87
83.000000 99.000000
-53.000000 83.000000
172
-49.000000 -89.000000
96.000000 -3.000000
177
20.000000 6.000000
-89.000000 77.000000
177
-24.000000 9.000000
82.000000 94.000000
88
-53.000000 -75.000000
99.000000 87.000000
132
0.000000 28.000000
-80.000000 53.000000
57
-82.000000 -58.000000
-60.000000 -16.000000
73
67.000000 64.000000
55.000000 93.000000
205
6.000000 -38.000000
72.000000 72.000000
159
-45.000000 52.000000
95.000000 70.000000
106
-42.000000 74.000000
-66.000000 82.000000
55
97.000000 83.000000
98.000000 -20.000000
63
93.000000 5.000000
-61.000000 -22.000000
225
83.000000 -81.000000
-82.000000 -39.000000
86
-73.000000 -42.000000
-96.000000 -38.000000
246
98.000000 -37.000000
-95.000000 -42.000000
205
97.000000 52.000000
65.000000 68.000000
147
-8.000000 69.000000
-78.000000 84.000000
200
-55.000000 -95.000000
-92.000000 -29.000000
217
92.000000 -19.000000
-73.000000 -27.000000
97
-55.000000 -59.000000
-67.000000 -10.000000
131
14.000000 -5.000000
63.000000 -28.000000
216
40.000000 72.000000
-84.000000 -21.000000
136
44.000000 -13.000000
-69.000000 -10.000000
157
-54.000000 -66.000000
63.000000 -28.000000
105
-71.000000 9.000000
69.000000 -32.000000
208
-14.000000 -32.000000
-67.000000 -40.000000
85
-35.000000 32.000000
95.000000 63.000000
176
-57.000000 28.000000
55.000000 -15.000000
171
-32.000000 36.000000
-63.000000 -30.000000
241
-68.000000 58.000000
-80.000000 -6.000000
78
-38.000000 84.000000
70.000000 60.000000
201
16.000000 -23.000000
76.000000 89.000000
174
-68.000000 -7.000000
-69.000000 59.000000
223
10.000000 -32.000000
-51.000000 -28.000000
205
-1.000000 -17.000000
87.000000 78.000000
98
-36.000000 -41.000000
-85.000000 60.000000
99
-6.000000 -16.000000
51.000000 65.000000
168
3.000000 -44.000000
-53.000000 96.000000
186
60.000000 60.000000
-96.000000 -3.000000
72
85.000000 86.000000
-94.000000 70.000000
182
60.000000 -90.000000
-61.000000 -39.000000
189
-57.000000 -71.000000
-70.000000 -21.000000
113
-80.000000 -81.000000
93.000000 76.000000
55
-68.000000 9.000000
-53.000000 -49.000000
97
10.000000 -96.000000
95.000000 -4.000000
210
-1.000000 8.000000
-51.000000 -43.000000
217
-31.000000 86.000000
-61.000000 -31.000000
144
56.000000 47.000000
-56.000000 -35.000000
227
33.000000 36.000000
50.000000 -44.000000
69
36.000000 -41.000000
89.000000 69.000000
67
-30.000000 32.000000
-85.000000 -25.000000
66
-19.000000 -16.000000
81.000000 -37.000000
125
-55.000000 92.000000
-99.000000 -47.000000
210
-25.000000 97.000000
-97.000000 -16.000000
178
49.000000 98.000000
87.000000 66.000000
142
54.000000 -4.000000
-87.000000 89.000000
221
-84.000000 78.000000
-66.000000 52.000000
122
-88.000000 69.000000
-50.000000 65.000000
55
69.000000 -28.000000
-78.000000 77.000000
105
-10.000000 -96.000000
55.000000 -23.000000
219
88.000000 43.000000
54.000000 53.000000
169
-53.000000 42.000000
-68.000000 83.000000
201
63.000000 84.000000
52.000000 82.000000
189
8.000000 -19.000000
-76.000000 53.000000
96
0.000000 -81.000000
-57.000000 -31.000000
240
-47.000000 -33.000000
50.000000 -26.000000
66
-20.000000 62.000000
61.000000 -8.000000
184
5.000000 -54.000000
52.000000 90.000000
104
-23.000000 9.000000
99.000000 87.000000
236
4.000000 82.000000
72.000000 -12.000000
171
53.000000 -54.000000
-94.000000 57.000000
154
99.000000 78.000000
-55.000000 -25.000000
190
67.000000 68.000000
-63.000000 -40.000000
232
-24.000000 -40.000000
66.000000 -13.000000
139
-50.000000 29.000000
-84.000000 52.000000
194
71.000000 39.000000
-99.000000 -38.000000
59
72.000000 92.000000
-52.000000 76.000000
95
-73.000000 -82.000000
73.000000 -16.000000
102
89.000000 42.000000
57.000000 -4.000000
196
-69.000000 -58.000000
92.000000 -29.000000
179
-20.000000 98.000000
-69.000000 -14.000000
62
32.000000 -16.000000
-59.000000 77.000000
234
-64.000000 43.000000
-60.000000 -20.000000
117
69.000000 -65.000000
-66.000000 -9.000000
210
-69.000000 91.000000
-87.000000 72.000000
183
96.000000 28.000000
79.000000 99.000000
200
-0.000000 24.000000
-60.000000 -33.000000
235
20.000000 -34.000000
65.000000 73.000000
50
-45.000000 72.000000
54.000000 94.000000
51
-44.000000 -74.000000
-77.000000 64.000000
116
-81.000000 70.000000
77.000000 -46.000000
138
16.000000 -55.000000
-55.000000 91.000000
130
-89.000000 -57.000000
55.000000 79.000000
194
-54.000000 -3.000000
-53.000000 54.000000
230
30.000000 -66.000000
72.000000 -6.000000
191
-92.000000 7.000000
78.000000 -33.000000
230
-37.000000 -59.000000
61.000000 87.000000
128
-90.000000 -85.000000
-97.000000 -21.000000
225
30.000000 47.000000
84.000000 67.000000
109
-88.000000 -33.000000
-52.000000 -4.000000
160
-71.000000 -25.000000
95.000000 50.000000
214
51.000000 -26.000000
86.000000 -36.000000
228
-35.000000 78.000000
-75.000000 73.000000
118
-71.000000 -49.000000
84.000000 68.000000
89
-7.000000 -69.000000
86.000000 50.000000
139
95.000000 98.000000
-63.000000 72.000000
211
-50.000000 -35.000000
-75.000000 88.000000
164
90.000000 63.000000
61.000000 57.000000
66
-22.000000 36.000000
-72.000000 78.000000
190
1.000000 10.000000
-74.000000 56.000000
178
-80.000000 20.000000
77.000000 52.000000
175
-17.000000 93.000000
-83.000000 -44.000000
178
-35.000000 -51.000000
93.000000 -32.000000
65
77.000000 33.000000
94.000000 -13.000000
67
-24.000000 -12.000000
56.000000 97.000000
198
-33.000000 55.000000
-70.000000 93.000000
60
-2.000000 28.000000
-72.000000 -35.000000
210
-86.000000 -90.000000
81.000000 -13.000000
188
-97.000000 75.000000
-60.000000 -8.000000
86
-73.000000 3.000000
-68.000000 -22.000000
73
-4.000000 41.000000
-89.000000 86.000000
69
-48.000000 -80.000000
68.000000 54.000000
126
-6.000000 11.000000
-73.000000 95.000000
232
-5.000000 -80.000000
-60.000000 -28.000000
141
-89.000000 92.000000
-59.000000 94.000000
224
6.000000 -94.000000
78.000000 -2.000000
196
7.000000 -34.000000
-74.000000 53.000000
60
-85.000000 -79.000000
62.000000 -35.000000
148
63.000000 82.000000
65.000000 -16.000000
199
97.000000 -66.000000
72.000000 71.000000
126
-89.000000 12.000000
60.000000 97.000000
129
7.000000 64.000000
-77.000000 -34.000000
79
38.000000 78.000000
77.000000 -44.000000
148
38.000000 48.000000
65.000000 57.000000
204
74.000000 79.000000
65.000000 -40.000000
127
52.000000 61.000000
80.000000 78.000000
200
23.000000 7.000000
96.000000 -12.000000
126
-60.000000 -5.000000
85.000000 -40.000000
119
92.000000 -96.000000
-76.000000 96.000000
124
-85.000000 -21.000000
-94.000000 -21.000000
111
25.000000 -14.000000
-55.000000 90.000000
168
-36.000000 -64.000000
-77.000000 -17.000000
118
7.000000 21.000000
81.000000 57.000000
59
-46.000000 -54.000000
-92.000000 91.000000
172
24.000000 50.000000
56.000000 -46.000000
244
-4.000000 -27.000000
-54.000000 89.000000
151
81.000000 85.000000
-91.000000 74.000000
99
-85.000000 -25.000000
-73.000000 -13.000000
132
-70.000000 -86.000000
87.000000 -8.000000
176
65.000000 81.000000
63.000000 -19.000000
109
-52.000000 -72.000000
-60.000000 -4.000000
78
35.000000 -38.000000
92.000000 59.000000
95
87.000000 -29.000000
73.000000 -38.000000
115
93.000000 59.000000
-75.000000 82.000000
110
-5.000000 16.000000
82.000000 58.000000
88
30.000000 35.000000
-67.000000 53.000000
124
-71.000000 -50.000000
60.000000 -2.000000
113
72.000000 -74.000000
-90.000000 64.000000
200
80.000000 -70.000000
91.000000 76.000000
56
-19.000000 -3.000000
-50.000000 78.000000
58
81.000000 31.000000
-71.000000 82.000000
242
1.000000 -63.000000
96.000000 -19.000000
173
-32.000000 -51.000000
-80.000000 -12.000000
239
-87.000000 91.000000
82.000000 -47.000000
79
-48.000000 -61.000000
59.000000 -12.000000
191
-83.000000 -54.000000
-61.000000 56.000000
154
73.000000 -21.000000
99.000000 -12.000000
199
53.000000 46.000000
-76.000000 85.000000
116
-23.000000 36.000000
-62.000000 56.000000
134
99.000000 -28.000000
57.000000 70.000000
87
27.000000 53.000000
57.000000 -20.000000
139
-82.000000 -87.000000
78.000000 73.000000
142
79.000000 54.000000
89.000000 94.000000
148
-31.000000 -88.000000
54.000000 -10.000000
195
54.000000 -5.000000
78.000000 -10.000000
214
18.000000 14.000000
-88.000000 81.000000
80
-60.000000 -66.000000
98.000000 -49.000000
90
86.000000 13.000000
64.000000 89.000000
134
-30.000000 55.000000
-89.000000 -19.000000
140
-61.000000 -73.000000
-65.000000 96.000000
77
-5.000000 -15.000000
93.000000 -24.000000
177
65.000000 -85.000000
52.000000 -44.000000
62
-52.000000 -61.000000
63.000000 -7.000000
227
-90.000000 39.000000
72.000000 -19.000000
179
-66.000000 -60.000000
-54.000000 -31.000000
125
3.000000 -35.000000
54.000000 -43.000000
66
-14.000000 -37.000000
57.000000 61.000000
163
53.000000 61.000000
-58.000000 -38.000000
156
-47.000000 -75.000000
-56.000000 95.000000
201
-10.000000 -79.000000
-62.000000 -12.000000
194
74.000000 -94.000000
61.000000 -22.000000
141
97.000000 -48.000000
-55.000000 56.000000
153
-0.000000 50.000000
-61.000000 -3.000000
142
-49.000000 -45.000000
-66.000000 51.000000
242
63.000000 -45.000000
85.000000 73.000000
50
-10.000000 -92.000000
-98.000000 87.000000
75
-20.000000 1.000000
-97.000000 -3.000000
131
92.000000 -11.000000
71.000000 -46.000000
193
-75.000000 17.000000
-79.000000 74.000000
202
-93.000000 -9.000000
59.000000 -27.000000
197
38.000000 -37.000000
-62.000000 -21.000000
51
-93.000000 80.000000
50.000000 -23.000000
199
71.000000 14.000000
61.000000 89.000000
165
84.000000 9.000000
-96.000000 -25.000000
80
17.000000 -43.000000
87.000000 -11.000000
156
55.000000 13.000000
-85.000000 -19.000000
74
-53.000000 -78.000000
79.000000 -28.000000
216
-13.000000 81.000000
-81.000000 71.000000
114
-80.000000 60.000000
74.000000 -31.000000
78
-79.000000 -61.000000
-88.000000 99.000000
64
-46.000000 31.000000
-62.000000 57.000000
95
-62.000000 85.000000
-81.000000 -36.000000
238
74.000000 -28.000000
88.000000 70.000000
97
-94.000000 30.000000
-91.000000 -20.000000
78
-1.000000 68.000000
78.000000 -21.000000
120
-55.000000 -97.000000
60.000000 -10.000000
237
-97.000000 58.000000
52.000000 69.000000
228
-7.000000 -23.000000
-55.000000 -23.000000
230
10.000000 -60.000000
-86.000000 68.000000
164
14.000000 -53.000000
-90.000000 -27.000000
124
42.000000 -88.000000
-73.000000 -42.000000
179
-22.000000 25.000000
-68.000000 -21.000000
211
16.000000 -42.000000
-72.000000 52.000000
207
-88.000000 -77.000000
-95.000000 -23.000000
131
43.000000 47.000000
-52.000000 -5.000000
142
54.000000 -45.000000
-74.000000 -37.000000
108
7.000000 -58.000000
56.000000 71.000000
223
-70.000000 32.000000
-58.000000 71.000000
186
41.000000 -22.000000
70.000000 50.000000
127
0.000000 26.000000
-93.000000 -5.000000
166
95.000000 -89.000000
-84.000000 -47.000000
140
41.000000 -24.000000
53.000000 99.000000
94
4.000000 67.000000
96.000000 64.000000
237
52.000000 -42.000000
55.000000 82.000000
229
98.000000 24.000000
-55.000000 57.000000
177
-95.000000 -49.000000
-51.000000 92.000000
248
-49.000000 -44.000000
84.000000 81.000000
79
-77.000000 -10.000000
90.000000 74.000000
169
-88.000000 18.000000
-93.000000 -3.000000
156
-97.000000 77.000000
76.000000 90.000000
216
10.000000 71.000000
-79.000000 -30.000000
235
26.000000 -91.000000
-51.000000 71.000000
73
18.000000 66.000000
71.000000 -11.000000
57
31.000000 -58.000000
86.000000 -36.000000
63
-77.000000 -97.000000
-63.000000 89.000000
52
73.000000 87.000000
-81.000000 -29.000000
124
-90.000000 -96.000000
-89.000000 -21.000000
149
67.000000 -82.000000
-77.000000 -8.000000
156
-57.000000 57.000000
84.000000 81.000000
135
-82.000000 -69.000000
86.000000 -27.000000
184
-91.000000 -21.000000
88.000000 52.000000
129
-58.000000 -5.000000
69.000000 -12.000000
132
28.000000 33.000000
-54.000000 -44.000000
76
57.000000 -58.000000
84.000000 63.000000
80
-34.000000 70.000000
-60.000000 -18.000000
104
-4.000000 11.000000
-74.000000 97.000000
248
2.000000 29.000000
65.000000 -18.000000
108
94.000000 43.000000
60.000000 -15.000000
103
98.000000 76.000000
-88.000000 -41.000000
162
-82.000000 -28.000000
81.000000 60.000000
242
-68.000000 -76.000000
-79.000000 -19.000000
218
-56.000000 -52.000000
-56.000000 -1.000000
162
-69.000000 -69.000000
-67.000000 50.000000
215
-85.000000 75.000000
-88.000000 -12.000000
106
-15.000000 -21.000000
-97.000000 59.000000
236
-19.000000 -2.000000
-86.000000 -4.000000
141
22.000000 -89.000000
89.000000 74.000000
224
2.000000 14.000000
85.000000 -47.000000
170
39.000000 -24.000000
-81.000000 96.000000
212
-96.000000 -72.000000
87.000000 -8.000000
219
13.000000 23.000000
-54.000000 -46.000000
148
-44.000000 63.000000
77.000000 86.000000
88
3.000000 93.000000
54.000000 56.000000
149
47.000000 -49.000000
-84.000000 -15.000000
192
19.000000 -29.000000
-74.000000 -44.000000
70
20.000000 64.000000
57.000000 64.000000
211
-35.000000 62.000000
-60.000000 77.000000
83
22.000000 -48.000000
-63.000000 -35.000000
169
63.000000 -46.000000
89.000000 -10.000000
247
69.000000 45.000000
-93.000000 -36.000000
176
-26.000000 -92.000000
-50.000000 -13.000000
228
-75.000000 63.000000
-98.000000 -9.000000
141
-35.000000 31.000000
50.000000 -4.000000
203
82.000000 48.000000
-54.000000 94.000000
59
41.000000 -66.000000
72.000000 -13.000000
226
86.000000 25.000000
53.000000 55.000000
182
89.000000 -41.000000
-81.000000 -15.000000
183
56.000000 53.000000
57.000000 84.000000
69
-45.000000 45.000000
-61.000000 -21.000000
174
9.000000 -98.000000
71.000000 94.000000
233
-48.000000 -62.000000
-56.000000 78.000000
152
-35.000000 88.000000
-52.000000 -3.000000
171
-70.000000 21.000000
-56.000000 -16.000000
67
-10.000000 54.000000
88.000000 -45.000000
112
-7.000000 56.000000
-94.000000 -2.000000
159
32.000000 -85.000000
79.000000 84.000000
101
70.000000 0.000000
80.000000 97.000000
67
-22.000000 15.000000
86.000000 83.000000
233
-90.000000 96.000000
89.000000 73.000000
188
20.000000 -7.000000
-80.000000 -37.000000
158
96.000000 -45.000000
86.000000 -21.000000
208
0.000000 -71.000000
98.000000 93.000000
63
-45.000000 -2.000000
-63.000000 98.000000
122
7.000000 -74.000000
-81.000000 -14.000000
204
14.000000 -6.000000
66.000000 -40.000000
106
-58.000000 -56.000000
67.000000 -29.000000
102
-13.000000 77.000000
-59.000000 54.000000
243
94.000000 32.000000
52.000000 -20.000000
246
14.000000 64.000000
-81.000000 -30.000000
205
69.000000 32.000000
-99.000000 -12.000000
154
-45.000000 4.000000
93.000000 -18.000000
249
97.000000 -78.000000
-93.000000 -9.000000
231
-24.000000 26.000000
-53.000000 -19.000000
73
64.000000 -4.000000
55.000000 -25.000000
199
-22.000000 -74.000000
72.000000 -3.000000
142
57.000000 -33.000000
-91.000000 95.000000
189
-8.000000 78.000000
-67.000000 -10.000000
152
26.000000 32.000000
56.000000 -19.000000
97
-23.000000 -7.000000
-58.000000 62.000000
89
-68.000000 66.000000
-64.000000 50.000000
95
46.000000 41.000000
-74.000000 55.000000
183
-92.000000 -72.000000
-92.000000 -46.000000
85
-16.000000 -86.000000
-96.000000 82.000000
140
-45.000000 -2.000000
-95.000000 97.000000
225
-66.000000 -50.000000
75.000000 -9.000000
221
76.000000 48.000000
54.000000 -10.000000
75
-15.000000 45.000000
85.000000 64.000000
117
12.000000 -55.000000
-98.000000 61.000000
173
34.000000 65.000000
-64.000000 73.000000
79
-45.000000 -57.000000
50.000000 -38.000000
173
39.000000 -20.000000
50.000000 -8.000000
162
59.000000 32.000000
-92.000000 89.000000
59
-20.000000 -80.000000
-56.000000 -2.000000
50
-0.000000 -17.000000
80.000000 -44.000000
179
3.000000 81.000000
-55.000000 -17.000000
166
43.000000 -91.000000
-72.000000 63.000000
84
70.000000 -60.000000
60.000000 -49.000000
163
59.000000 49.000000
83.000000 60.000000
243
84.000000 -62.000000
-73.000000 -45.000000
132
-9.000000 59.000000
63.000000 -10.000000
248
42.000000 71.000000
-96.000000 61.000000
230
-88.000000 6.000000
87.000000 90.000000
209
16.000000 -56.000000
-50.000000 54.000000
186
-38.000000 -95.000000
87.000000 86.000000
113
4.000000 9.000000
-80.000000 76.000000
172
-92.000000 32.000000
-60.000000 -28.000000
243
-93.000000 -6.000000
-83.000000 58.000000
96
-16.000000 86.000000
-56.000000 -49.000000
113
-43.000000 40.000000
57.000000 -42.000000
182
45.000000 47.000000
-87.000000 70.000000
168
-23.000000 -97.000000
60.000000 -11.000000
70
64.000000 99.000000
55.000000 89.000000
50
-2.000000 -67.000000
-96.000000 60.000000
87
52.000000 6.000000
-99.000000 -10.000000
94
85.000000 -66.000000
-52.000000 -6.000000
172
-76.000000 92.000000
97.000000 83.000000
248
-3.000000 64.000000
55.000000 88.000000
188
-21.000000 -11.000000
92.000000 -19.000000
113
24.000000 76.000000
75.000000 -35.000000
74
-61.000000 -65.000000
69.000000 -25.000000
134
-98.000000 17.000000
78.000000 97.000000
245
-65.000000 -97.000000
-87.000000 75.000000
153
-65.000000 28.000000
-66.000000 67.000000
202
-30.000000 11.000000
96.000000 73.000000
163
-20.000000 62.000000
-75.000000 -42.000000
96
23.000000 13.000000
83.000000 93.000000
143
-78.000000 7.000000
-92.000000 79.000000
157
87.000000 -8.000000
96.000000 89.000000
208
-33.000000 -17.000000
88.000000 -10.000000
140
40.000000 -14.000000
90.000000 53.000000
190
19.000000 25.000000
-72.000000 65.000000
85
35.000000 -20.000000
-63.000000 -46.000000
105
-16.000000 -60.000000
95.000000 -26.000000
212
27.000000 56.000000
67.000000 -47.000000
202
93.000000 63.000000
87.000000 80.000000
238
59.000000 -0.000000
74.000000 -11.000000
195
81.000000 85.000000
77.000000 -4.000000
213
-51.000000 -64.000000
62.000000 -24.000000
93
-5.000000 -95.000000
95.000000 68.000000
73
-68.000000 16.000000
-94.000000 85.000000
206
0.000000 5.000000
71.000000 -21.000000
139
-17.000000 82.000000
-82.000000 57.000000
102
78.000000 16.000000
-62.000000 58.000000
66
3.000000 -72.000000
-80.000000 70.000000
99
49.000000 43.000000
53.000000 -3.000000
219
14.000000 -87.000000
-68.000000 75.000000
216
-87.000000 -51.000000
-72.000000 53.000000
76
-67.000000 -92.000000
94.000000 58.000000
81
-55.000000 -6.000000
-91.000000 85.000000
92
-61.000000 -99.000000
-54.000000 -4.000000
198
32.000000 58.000000
54.000000 -16.000000
156
-0.000000 88.000000
-78.000000 80.000000
233
-10.000000 93.000000
96.000000 -1.000000
154
71.000000 41.000000
-74.000000 -20.000000
198
-28.000000 -73.000000
80.000000 61.000000
85
-42.000000 28.000000
73.000000 -45.000000
144
11.000000 -80.000000
60.000000 -18.000000
116
-33.000000 73.000000
-51.000000 74.000000
217
-1.000000 -56.000000
85.000000 -35.000000
221
-63.000000 -28.000000
86.000000 86.000000
89
-63.000000 21.000000
-70.000000 58.000000
88
-93.000000 -76.000000
98.000000 -9.000000
98
-79.000000 -14.000000
-50.000000 50.000000
72
47.000000 -5.000000
59.000000 -16.000000
243
-25.000000 25.000000
59.000000 73.000000
53
39.000000 -42.000000
71.000000 85.000000
212
87.000000 56.000000
-77.000000 79.000000
137
11.000000 -61.000000
81.000000 -38.000000
178
1.000000 -93.000000
-87.000000 83.000000
107
29.000000 -0.000000
-52.000000 -45.000000
185
-12.000000 -4.000000
54.000000 -24.000000
114
94.000000 10.000000
91.000000 -41.000000
68
93.000000 -13.000000
51.000000 99.000000
249
35.000000 57.000000
56.000000 68.000000
180
62.000000 58.000000
-66.000000 78.000000
190
-2.000000 1.000000
64.000000 -20.000000
103
17.000000 7.000000
-93.000000 -37.000000
151
-15.000000 -45.000000
-90.000000 71.000000
64
35.000000 -20.000000
-64.000000 66.000000
80
-82.000000 18.000000
-90.000000 61.000000
201
8.000000 -71.000000
92.000000 62.000000
95
91.000000 76.000000
-78.000000 52.000000
73
12.000000 -78.000000
94.000000 51.000000
77
99.000000 85.000000
97.000000 87.000000
128
20.000000 71.000000
61.000000 84.000000
155
-22.000000 68.000000
55.000000 -18.000000
61
-35.000000 -22.000000
52.000000 76.000000
241
-7.000000 -68.000000
-69.000000 -14.000000
249
-74.000000 72.000000
-53.000000 86.000000
63
-7.000000 -60.000000
59.000000 59.000000
76
93.000000 -63.000000
64.000000 83.000000
245
-2.000000 29.000000
-53.000000 78.000000
109
40.000000 33.000000
56.000000 -30.000000
238
-1.000000 -6.000000
78.000000 66.000000
201
-88.000000 86.000000
-87.000000 68.000000
222
-29.000000 8.000000
59.000000 -15.000000
63
-57.000000 89.000000
-80.000000 94.000000
228
51.000000 -48.000000
-92.000000 -4.000000
207
6.000000 -36.000000
89.000000 79.000000
94
-28.000000 -30.000000
53.000000 50.000000
164
96.000000 13.000000
-95.000000 -37.000000
103
85.000000 -36.000000
-52.000000 95.000000
85
-85.000000 11.000000
-87.000000 76.000000
95
-25.000000 5.000000
67.000000 -10.000000
152
69.000000 -75.000000
-65.000000 67.000000
125
30.000000 21.000000
93.000000 79.000000
102
-74.000000 -88.000000
-62.000000 82.000000
90
24.000000 -1.000000
73.000000 -2.000000
225
-40.000000 54.000000
62.000000 67.000000
141
-79.000000 -38.000000
65.000000 59.000000
236
42.000000 65.000000
82.000000 -42.000000
213
-41.000000 -90.000000
-59.000000 -7.000000
105
-81.000000 -20.000000
93.000000 75.000000
162
8.000000 -97.000000
-78.000000 -49.000000
177
91.000000 -95.000000
51.000000 83.000000
226
1.000000 41.000000
-79.000000 82.000000
67
-36.000000 81.000000
56.000000 -12.000000
122
83.000000 25.000000
-95.000000 -49.000000
110
-13.000000 27.000000
-56.000000 -45.000000
59
54.000000 46.000000
-52.000000 -36.000000
183
59.000000 -23.000000
81.000000 -6.000000
168
-79.000000 -8.000000
84.000000 -29.000000
199
2.000000 -61.000000
-76.000000 -19.000000
99
62.000000 -23.000000
-69.000000 73.000000
76
75.000000 86.000000
83.000000 63.000000
139
68.000000 79.000000
-80.000000 -19.000000
82
30.000000 -15.000000
-81.000000 -43.000000
202
-73.000000 -13.000000
64.000000 71.000000
241
25.000000 -85.000000
94.000000 -8.000000
128
33.000000 -45.000000
-60.000000 70.000000
173
39.000000 39.000000
67.000000 83.000000
197
25.000000 -95.000000
61.000000 -24.000000
81
4.000000 -8.000000
71.000000 -6.000000
131
-20.000000 88.000000
52.000000 76.000000
127
4.000000 -80.000000
-55.000000 -17.000000
73
27.000000 -44.000000
82.000000 91.000000
221
45.000000 -43.000000
-97.000000 91.000000
108
-28.000000 -91.000000
73.000000 -10.000000
248
-20.000000 -70.000000
70.000000 -28.000000
196
26.000000 47.000000
-65.000000 79.000000
71
-76.000000 99.000000
-85.000000 94.000000
