6.6743e-11 240 1000
85
-24.000000 1.000000
-68.000000 -36.000000
81
-11.000000 -54.000000
-88.000000 -33.000000
238
76.000000 75.000000
98.000000 87.000000
166
4.000000 47.000000
-58.000000 74.000000
78
-15.000000 -32.000000
77.000000 61.000000
70
1.000000 -68.000000
-84.000000 -46.000000
241
37.000000 -86.000000
58.000000 52.000000
234
23.000000 -22.000000
68.000000 79.000000
93
83.000000 -68.000000
-91.000000 89.000000
219
26.000000 -97.000000
77.000000 -30.000000
86
-24.000000 -37.000000
94.000000 -43.000000
100
-45.000000 74.000000
-53.000000 98.000000
58
57.000000 69.000000
-66.000000 -21.000000
213
89.000000 -50.000000
62.000000 86.000000
184
44.000000 34.000000
79.000000 79.000000
170
61.000000 -48.000000
-65.000000 75.000000
125
-47.000000 8.000000
61.000000 84.000000
132
-90.000000 87.000000
-65.000000 -30.000000
76
26.000000 89.000000
73.000000 84.000000
57
-72.000000 67.000000
92.000000 66.000000
140
64.000000 -38.000000
65.000000 -10.000000
173
30.000000 -10.000000
-64.000000 -31.000000
53
-96.000000 98.000000
-80.000000 74.000000
222
-62.000000 -36.000000
-93.000000 -49.000000
158
72.000000 96.000000
52.000000 -50.000000
222
-5.000000 -21.000000
-75.000000 53.000000
188
-57.000000 -31.000000
70.000000 79.000000
223
-96.000000 87.000000
69.000000 -48.000000
189
-80.000000 -73.000000
-53.000000 -48.000000
242
-55.000000 17.000000
-64.000000 89.000000
228
-38.000000 -86.000000
55.000000 56.000000
149
75.000000 -94.000000
68.000000 96.000000
209
-92.000000 -5.000000
-55.000000 -32.000000
242
-89.000000 -53.000000
70.000000 75.000000
217
-21.000000 -16.000000
91.000000 88.000000
95
41.000000 97.000000
51.000000 99.000000
162
87.000000 -52.000000
86.000000 59.000000
205
-91.000000 94.000000
84.000000 79.000000
122
48.000000 -33.000000
-69.000000 85.000000
243
-94.000000 63.000000
-62.000000 -50.000000
208
-1.000000 -92.000000
-90.000000 -21.000000
196
-91.000000 -24.000000
99.000000 62.000000
65
-61.000000 -92.000000
-81.000000 -26.000000
208
-5.000000 -83.000000
96.000000 55.000000
219
62.000000 12.000000
51.000000 69.000000
104
-97.000000 -32.000000
-60.000000 61.000000
233
34.000000 20.000000
-87.000000 67.000000
103
58.000000 -77.000000
63.000000 71.000000
73
-43.000000 -55.000000
-58.000000 -33.000000
76
77.000000 -17.000000
-86.000000 51.000000
131
44.000000 34.000000
50.000000 51.000000
77
59.000000 -54.000000
-73.000000 -30.000000
64
-83.000000 38.000000
-96.000000 -39.000000
68
2.000000 -58.000000
86.000000 86.000000
178
30.000000 42.000000
81.000000 -20.000000
165
-98.000000 26.000000
-74.000000 76.000000
201
66.000000 41.000000
64.000000 50.000000
154
80.000000 -90.000000
-50.000000 75.000000
240
53.000000 -45.000000
61.000000 -45.000000
117
-63.000000 -3.000000
73.000000 -34.000000
207
-2.000000 41.000000
-77.000000 -15.000000
60
56.000000 35.000000
79.000000 -47.000000
242
-91.000000 -20.000000
-52.000000 84.000000
232
-11.000000 -7.000000
69.000000 -40.000000
188
46.000000 -54.000000
-72.000000 71.000000
57
77.000000 59.000000
-93.000000 98.000000
93
-86.000000 9.000000
54.000000 -1.000000
216
74.000000 -8.000000
94.000000 -9.000000
82
79.000000 98.000000
85.000000 -8.000000
157
-45.000000 -94.000000
-75.000000 -50.000000
138
-5.000000 31.000000
73.000000 58.000000
184
-92.000000 -34.000000
-98.000000 51.000000
214
-10.000000 -8.000000
62.000000 -7.000000
199
43.000000 -1.000000
-97.000000 -10.000000
201
-9.000000 39.000000
67.000000 51.000000
164
25.000000 40.000000
69.000000 78.000000
167
99.000000 18.000000
65.000000 -36.000000
199
-91.000000 -58.000000
70.000000 -6.000000
208
-80.000000 -83.000000
76.000000 -21.000000
179
25.000000 -51.000000
-72.000000 75.000000
150
56.000000 81.000000
-75.000000 -28.000000
155
-77.000000 33.000000
74.000000 -13.000000
246
34.000000 25.000000
80.000000 -33.000000
169
66.000000 18.000000
-78.000000 -7.000000
203
87.000000 -41.000000
-76.000000 -14.000000
180
-18.000000 -43.000000
-76.000000 80.000000
52
92.000000 -69.000000
-59.000000 89.000000
147
-26.000000 -40.000000
82.000000 -20.000000
67
-1.000000 75.000000
-75.000000 51.000000
239
76.000000 -60.000000
-54.000000 -10.000000
86
-95.000000 8.000000
-83.000000 82.000000
216
46.000000 65.000000
-85.000000 -15.000000
204
-97.000000 44.000000
61.000000 76.000000
211
44.000000 60.000000
-93.000000 54.000000
66
-43.000000 -79.000000
93.000000 -36.000000
189
-32.000000 98.000000
-52.000000 80.000000
79
19.000000 73.000000
80.000000 88.000000
170
34.000000 -64.000000
-77.000000 -44.000000
147
45.000000 31.000000
56.000000 -3.000000
63
-78.000000 6.000000
-57.000000 81.000000
96
-80.000000 -23.000000
-77.000000 -35.000000
167
-22.000000 -60.000000
55.000000 -42.000000
120
22.000000 88.000000
84.000000 96.000000
114
-81.000000 -93.000000
-70.000000 -34.000000
98
-96.000000 -81.000000
-71.000000 -49.000000
183
17.000000 44.000000
88.000000 -44.000000
153
-39.000000 -69.000000
-66.000000 90.000000
198
10.000000 -99.000000
96.000000 -15.000000
202
65.000000 -71.000000
73.000000 -48.000000
240
-52.000000 -80.000000
-75.000000 -22.000000
193
75.000000 -9.000000
-72.000000 81.000000
165
-99.000000 -25.000000
95.000000 -50.000000
161
79.000000 -76.000000
73.000000 59.000000
116
29.000000 -26.000000
-97.000000 -17.000000
94
-25.000000 -75.000000
-92.000000 92.000000
56
62.000000 3.000000
-96.000000 -5.000000
54
-0.000000 82.000000
-80.000000 67.000000
59
-4.000000 41.000000
62.000000 -39.000000
65
88.000000 -68.000000
-88.000000 -48.000000
52
-17.000000 -83.000000
88.000000 99.000000
75
-64.000000 -12.000000
75.000000 74.000000
113
-18.000000 48.000000
-53.000000 -3.000000
73
42.000000 60.000000
-84.000000 -3.000000
209
-11.000000 -44.000000
85.000000 87.000000
69
33.000000 -37.000000
70.000000 -15.000000
208
-34.000000 -89.000000
59.000000 66.000000
195
80.000000 19.000000
-91.000000 -38.000000
92
-50.000000 36.000000
92.000000 -43.000000
122
72.000000 53.000000
-98.000000 70.000000
146
-78.000000 96.000000
-74.000000 -35.000000
209
43.000000 -81.000000
76.000000 -23.000000
71
31.000000 14.000000
-61.000000 -19.000000
231
-68.000000 -91.000000
-67.000000 -9.000000
82
80.000000 -66.000000
73.000000 -8.000000
248
-34.000000 -36.000000
-92.000000 59.000000
145
-93.000000 52.000000
52.000000 51.000000
82
-69.000000 69.000000
83.000000 78.000000
74
41.000000 -54.000000
-90.000000 68.000000
147
96.000000 4.000000
-97.000000 -24.000000
210
-53.000000 -37.000000
90.000000 -16.000000
93
-2.000000 -22.000000
90.000000 -24.000000
51
-31.000000 -76.000000
-71.000000 -23.000000
129
-42.000000 80.000000
-98.000000 66.000000
192
30.000000 13.000000
-60.000000 52.000000
78
-60.000000 -44.000000
76.000000 -33.000000
113
94.000000 81.000000
-55.000000 -2.000000
191
-80.000000 -63.000000
-88.000000 54.000000
213
62.000000 -92.000000
-82.000000 71.000000
171
-14.000000 -68.000000
-79.000000 81.000000
180
-74.000000 4.000000
-78.000000 -35.000000
172
-89.000000 -88.000000
-68.000000 57.000000
90
-11.000000 -20.000000
57.000000 81.000000
189
85.000000 91.000000
98.000000 -2.000000
155
-30.000000 15.000000
80.000000 -34.000000
202
-81.000000 49.000000
-52.000000 60.000000
174
40.000000 -10.000000
89.000000 54.000000
235
-33.000000 76.000000
-63.000000 -4.000000
227
99.000000 58.000000
91.000000 -31.000000
201
57.000000 34.000000
50.000000 74.000000
76
57.000000 -37.000000
-57.000000 -4.000000
235
-25.000000 -70.000000
99.000000 -47.000000
216
78.000000 -38.000000
-97.000000 91.000000
118
-97.000000 69.000000
-56.000000 93.000000
66
-46.000000 96.000000
-58.000000 -2.000000
96
-60.000000 5.000000
-51.000000 85.000000
211
67.000000 95.000000
63.000000 -3.000000
218
87.000000 -81.000000
96.000000 -1.000000
63
-60.000000 -39.000000
98.000000 -2.000000
194
-23.000000 -68.000000
-98.000000 -29.000000
198
-94.000000 23.000000
-80.000000 -19.000000
98
81.000000 -47.000000
73.000000 68.000000
174
96.000000 32.000000
-99.000000 74.000000
245
32.000000 0.000000
-96.000000 81.000000
163
95.000000 -96.000000
-77.000000 57.000000
243
99.000000 53.000000
76.000000 -26.000000
129
-84.000000 -0.000000
-79.000000 55.000000
126
-1.000000 61.000000
74.000000 50.000000
117
-87.000000 98.000000
-92.000000 -19.000000
58
60.000000 45.000000
63.000000 90.000000
221
-79.000000 -55.000000
84.000000 -19.000000
185
33.000000 97.000000
53.000000 -18.000000
193
-54.000000 87.000000
59.000000 66.000000
185
-25.000000 -75.000000
78.000000 63.000000
227
87.000000 -63.000000
81.000000 -20.000000
156
84.000000 93.000000
92.000000 89.000000
68
13.000000 -39.000000
51.000000 73.000000
133
-82.000000 97.000000
-66.000000 -35.000000
95
93.000000 90.000000
-82.000000 -9.000000
186
-74.000000 84.000000
-70.000000 63.000000
247
21.000000 40.000000
58.000000 -11.000000
138
3.000000 -23.000000
-63.000000 -25.000000
191
-72.000000 -11.000000
74.000000 93.000000
161
-50.000000 98.000000
-68.000000 61.000000
134
-2.000000 -91.000000
84.000000 -30.000000
164
37.000000 -35.000000
51.000000 66.000000
190
-38.000000 99.000000
-63.000000 -12.000000
122
11.000000 -58.000000
-94.000000 96.000000
82
24.000000 -32.000000
-86.000000 -50.000000
100
66.000000 32.000000
63.000000 83.000000
246
31.000000 76.000000
63.000000 68.000000
234
-13.000000 23.000000
-79.000000 90.000000
228
9.000000 -60.000000
78.000000 -41.000000
75
71.000000 -36.000000
-65.000000 -25.000000
203
-65.000000 53.000000
50.000000 63.000000
64
-53.000000 -30.000000
70.000000 61.000000
142
-28.000000 12.000000
-60.000000 -9.000000
104
-81.000000 -44.000000
65.000000 -4.000000
134
-4.000000 37.000000
57.000000 -33.000000
64
-40.000000 37.000000
-59.000000 -40.000000
136
13.000000 88.000000
-77.000000 58.000000
103
87.000000 98.000000
-88.000000 -39.000000
240
18.000000 93.000000
-50.000000 -39.000000
229
-31.000000 95.000000
-97.000000 -5.000000
201
8.000000 -3.000000
93.000000 -33.000000
244
-59.000000 19.000000
80.000000 -14.000000
147
42.000000 49.000000
-59.000000 94.000000
93
-85.000000 2.000000
66.000000 82.000000
223
-27.000000 51.000000
57.000000 55.000000
108
-56.000000 42.000000
83.000000 95.000000
150
-80.000000 -82.000000
-64.000000 90.000000
142
83.000000 -20.000000
71.000000 -36.000000
124
-88.000000 -93.000000
-59.000000 -37.000000
132
58.000000 66.000000
98.000000 72.000000
186
-83.000000 9.000000
-84.000000 -13.000000
115
-79.000000 53.000000
-68.000000 50.000000
114
-69.000000 -55.000000
-50.000000 -19.000000
230
82.000000 46.000000
69.000000 57.000000
85
18.000000 -70.000000
65.000000 -2.000000
175
78.000000 66.000000
53.000000 -49.000000
124
24.000000 10.000000
76.000000 88.000000
131
91.000000 27.000000
83.000000 64.000000
137
-15.000000 56.000000
61.000000 -14.000000
64
-6.000000 -55.000000
55.000000 -15.000000
239
66.000000 29.000000
56.000000 83.000000
126
-29.000000 -92.000000
96.000000 -11.000000
85
-55.000000 -9.000000
82.000000 90.000000
165
95.000000 -33.000000
-90.000000 61.000000
237
-85.000000 -52.000000
-58.000000 74.000000
205
27.000000 7.000000
-51.000000 -37.000000
151
25.000000 -31.000000
92.000000 -44.000000
