6.6743e-11 1920 1000
154
-61.000000 -93.000000
92.000000 77.000000
104
-48.000000 -71.000000
-59.000000 -31.000000
137
-80.000000 -77.000000
66.000000 98.000000
186
26.000000 -2.000000
70.000000 98.000000
69
-31.000000 8.000000
-63.000000 80.000000
232
-91.000000 0.000000
-67.000000 69.000000
122
40.000000 -36.000000
50.000000 73.000000
142
-6.000000 92.000000
-94.000000 -38.000000
145
-80.000000 9.000000
84.000000 -10.000000
196
-99.000000 -58.000000
-73.000000 -15.000000
246
30.000000 19.000000
70.000000 54.000000
101
28.000000 85.000000
63.000000 -27.000000
63
93.000000 88.000000
86.000000 -39.000000
130
-92.000000 -59.000000
-90.000000 87.000000
158
-78.000000 -26.000000
-60.000000 -41.000000
70
37.000000 31.000000
-90.000000 -2.000000
202
-96.000000 -87.000000
-61.000000 82.000000
153
6.000000 -65.000000
-56.000000 -42.000000
188
34.000000 -51.000000
-61.000000 82.000000
93
-78.000000 -52.000000
-53.000000 -42.000000
133
74.000000 -69.000000
78.000000 56.000000
214
53.000000 -58.000000
82.000000 -8.000000
85
66.000000 -77.000000
-98.000000 -18.000000
245
23.000000 1.000000
60.000000 60.000000
220
53.000000 -14.000000
-84.000000 73.000000
236
53.000000 89.000000
-93.000000 85.000000
214
53.000000 -30.000000
53.000000 58.000000
206
-92.000000 67.000000
-92.000000 -29.000000
182
-58.000000 -86.000000
-78.000000 78.000000
53
-60.000000 10.000000
80.000000 -18.000000
77
71.000000 -76.000000
77.000000 -18.000000
248
-2.000000 36.000000
77.000000 -49.000000
68
75.000000 45.000000
-58.000000 -34.000000
59
22.000000 27.000000
-77.000000 -50.000000
218
-90.000000 2.000000
-55.000000 50.000000
207
33.000000 44.000000
-91.000000 -7.000000
206
99.000000 -68.000000
52.000000 -20.000000
226
-61.000000 -39.000000
-99.000000 -34.000000
127
-49.000000 56.000000
-99.000000 -30.000000
193
86.000000 38.000000
-96.000000 99.000000
170
-57.000000 -21.000000
60.000000 70.000000
236
-7.000000 -37.000000
-64.000000 -13.000000
206
95.000000 63.000000
-97.000000 -10.000000
74
-3.000000 -39.000000
68.000000 54.000000
207
-87.000000 39.000000
-87.000000 52.000000
108
63.000000 -72.000000
-75.000000 -4.000000
207
-94.000000 99.000000
79.000000 -7.000000
84
88.000000 -65.000000
-61.000000 64.000000
56
23.000000 32.000000
-55.000000 55.000000
155
-12.000000 -72.000000
-76.000000 62.000000
209
-13.000000 5.000000
79.000000 84.000000
152
98.000000 84.000000
66.000000 56.000000
185
-21.000000 -74.000000
93.000000 77.000000
96
33.000000 11.000000
-88.000000 92.000000
138
-46.000000 -76.000000
-79.000000 99.000000
224
-24.000000 -59.000000
-68.000000 -18.000000
160
19.000000 -2.000000
-83.000000 -30.000000
247
-31.000000 -85.000000
72.000000 59.000000
95
-84.000000 -42.000000
93.000000 81.000000
76
-41.000000 77.000000
56.000000 98.000000
221
-64.000000 -14.000000
92.000000 -33.000000
56
-47.000000 38.000000
70.000000 59.000000
151
29.000000 -14.000000
83.000000 -48.000000
225
-73.000000 34.000000
71.000000 -38.000000
172
16.000000 70.000000
75.000000 -41.000000
194
-26.000000 96.000000
79.000000 -20.000000
104
46.000000 56.000000
-55.000000 90.000000
107
33.000000 62.000000
53.000000 -10.000000
210
57.000000 88.000000
-60.000000 -8.000000
154
-26.000000 63.000000
-63.000000 81.000000
226
-75.000000 8.000000
-50.000000 -15.000000
187
56.000000 53.000000
73.000000 62.000000
146
39.000000 96.000000
-79.000000 72.000000
195
60.000000 -65.000000
67.000000 67.000000
117
39.000000 65.000000
-60.000000 -9.000000
78
28.000000 64.000000
-54.000000 -21.000000
163
-4.000000 18.000000
77.000000 -24.000000
80
-66.000000 -11.000000
-70.000000 52.000000
146
-53.000000 -85.000000
94.000000 82.000000
117
48.000000 33.000000
-52.000000 -32.000000
185
55.000000 66.000000
-65.000000 74.000000
97
-4.000000 -19.000000
71.000000 -38.000000
205
52.000000 7.000000
-74.000000 59.000000
221
56.000000 -83.000000
77.000000 -21.000000
147
-52.000000 -22.000000
75.000000 -38.000000
193
23.000000 -48.000000
58.000000 -42.000000
110
-69.000000 60.000000
90.000000 -6.000000
60
88.000000 13.000000
-64.000000 -34.000000
96
74.000000 43.000000
64.000000 -38.000000
85
69.000000 63.000000
95.000000 -9.000000
75
-40.000000 26.000000
-77.000000 79.000000
52
-89.000000 -11.000000
-83.000000 -2.000000
167
-38.000000 -10.000000
66.000000 68.000000
209
-84.000000 47.000000
-65.000000 68.000000
80
-21.000000 -49.000000
-92.000000 -2.000000
177
66.000000 97.000000
-54.000000 -48.000000
90
84.000000 -23.000000
-68.000000 62.000000
245
-4.000000 19.000000
72.000000 -49.000000
91
-0.000000 49.000000
95.000000 97.000000
96
-95.000000 67.000000
93.000000 93.000000
227
-64.000000 22.000000
73.000000 -33.000000
120
27.000000 -17.000000
-59.000000 -6.000000
75
41.000000 -53.000000
-97.000000 -14.000000
207
-35.000000 62.000000
-53.000000 -38.000000
153
-23.000000 -72.000000
70.000000 74.000000
61
84.000000 -49.000000
-67.000000 -3.000000
191
36.000000 29.000000
-73.000000 -42.000000
189
-73.000000 -8.000000
85.000000 77.000000
154
86.000000 53.000000
51.000000 94.000000
129
78.000000 54.000000
-84.000000 67.000000
187
-36.000000 11.000000
78.000000 -14.000000
73
45.000000 -8.000000
-50.000000 90.000000
234
-4.000000 82.000000
91.000000 62.000000
111
-16.000000 -20.000000
-95.000000 60.000000
83
85.000000 -89.000000
-59.000000 51.000000
62
-69.000000 99.000000
92.000000 -2.000000
242
4.000000 -36.000000
66.000000 -25.000000
112
77.000000 63.000000
-83.000000 -29.000000
222
-36.000000 5.000000
-89.000000 96.000000
152
64.000000 -18.000000
67.000000 62.000000
145
30.000000 20.000000
-62.000000 93.000000
133
-68.000000 33.000000
-95.000000 85.000000
110
94.000000 47.000000
-66.000000 -34.000000
83
45.000000 36.000000
-64.000000 70.000000
171
-15.000000 -24.000000
-77.000000 -46.000000
183
90.000000 -41.000000
98.000000 56.000000
154
-33.000000 -19.000000
-50.000000 -37.000000
104
9.000000 -26.000000
65.000000 85.000000
134
-45.000000 -12.000000
-85.000000 65.000000
61
71.000000 -73.000000
-63.000000 90.000000
112
-9.000000 97.000000
64.000000 -26.000000
210
5.000000 -44.000000
-75.000000 52.000000
195
-64.000000 -30.000000
64.000000 -42.000000
128
-73.000000 15.000000
88.000000 -49.000000
146
20.000000 61.000000
79.000000 64.000000
66
-65.000000 -59.000000
71.000000 51.000000
211
-1.000000 -57.000000
-60.000000 -24.000000
56
62.000000 -32.000000
-50.000000 57.000000
148
42.000000 64.000000
98.000000 69.000000
165
-12.000000 0.000000
65.000000 -45.000000
103
-10.000000 20.000000
89.000000 -14.000000
212
93.000000 -24.000000
65.000000 -15.000000
175
51.000000 81.000000
60.000000 -32.000000
206
0.000000 -37.000000
52.000000 -29.000000
143
62.000000 58.000000
68.000000 -36.000000
118
38.000000 -73.000000
-50.000000 84.000000
77
61.000000 -1.000000
-58.000000 85.000000
233
-84.000000 63.000000
71.000000 92.000000
142
80.000000 54.000000
65.000000 56.000000
170
55.000000 71.000000
61.000000 -40.000000
238
-67.000000 73.000000
-95.000000 -6.000000
191
-8.000000 71.000000
93.000000 82.000000
248
7.000000 -29.000000
-57.000000 -3.000000
75
95.000000 -60.000000
-68.000000 84.000000
70
-73.000000 67.000000
69.000000 -41.000000
181
39.000000 61.000000
-69.000000 -49.000000
112
9.000000 -36.000000
59.000000 75.000000
103
-98.000000 85.000000
80.000000 -37.000000
148
75.000000 -31.000000
-56.000000 -39.000000
198
-52.000000 71.000000
92.000000 -20.000000
92
20.000000 63.000000
-66.000000 91.000000
230
58.000000 -3.000000
-79.000000 63.000000
217
92.000000 -24.000000
-76.000000 54.000000
66
11.000000 45.000000
-58.000000 -3.000000
110
-59.000000 -75.000000
-67.000000 -13.000000
204
33.000000 75.000000
86.000000 -6.000000
125
-65.000000 -22.000000
54.000000 -8.000000
246
-11.000000 -21.000000
-93.000000 68.000000
231
72.000000 86.000000
77.000000 72.000000
138
9.000000 -96.000000
87.000000 77.000000
198
31.000000 86.000000
-95.000000 95.000000
194
-73.000000 89.000000
93.000000 -38.000000
143
62.000000 -88.000000
85.000000 -22.000000
144
15.000000 -43.000000
-75.000000 -23.000000
135
-66.000000 1.000000
72.000000 99.000000
154
-8.000000 93.000000
53.000000 -44.000000
221
73.000000 70.000000
-81.000000 63.000000
243
56.000000 21.000000
74.000000 87.000000
216
38.000000 68.000000
-82.000000 54.000000
212
-47.000000 73.000000
70.000000 -32.000000
132
40.000000 35.000000
-87.000000 87.000000
64
-0.000000 -53.000000
-62.000000 -9.000000
65
-60.000000 -68.000000
-80.000000 70.000000
128
-62.000000 99.000000
-73.000000 75.000000
217
66.000000 50.000000
-66.000000 -2.000000
230
95.000000 -77.000000
-56.000000 54.000000
65
32.000000 -66.000000
-57.000000 70.000000
197
-3.000000 -37.000000
-73.000000 -23.000000
95
-67.000000 -13.000000
-89.000000 89.000000
156
45.000000 83.000000
-81.000000 58.000000
136
-40.000000 55.000000
58.000000 -49.000000
194
-89.000000 5.000000
70.000000 97.000000
191
-77.000000 -72.000000
-78.000000 -33.000000
229
-34.000000 95.000000
-73.000000 56.000000
98
8.000000 -40.000000
-75.000000 74.000000
91
-84.000000 -76.000000
-94.000000 -28.000000
88
-56.000000 -15.000000
81.000000 78.000000
162
23.000000 -30.000000
88.000000 80.000000
169
96.000000 31.000000
-58.000000 68.000000
218
23.000000 28.000000
74.000000 99.000000
187
-53.000000 31.000000
71.000000 60.000000
170
39.000000 15.000000
83.000000 -37.000000
249
-36.000000 31.000000
-76.000000 76.000000
70
-18.000000 -84.000000
76.000000 52.000000
110
-52.000000 -17.000000
-78.000000 -14.000000
98
86.000000 11.000000
99.000000 -9.000000
61
-56.000000 19.000000
60.000000 54.000000
132
-80.000000 60.000000
-77.000000 -27.000000
92
-17.000000 -12.000000
-97.000000 -43.000000
118
12.000000 32.000000
-54.000000 90.000000
138
-16.000000 -32.000000
-97.000000 -48.000000
96
-11.000000 1.000000
62.000000 -33.000000
64
-85.000000 -39.000000
71.000000 64.000000
244
-75.000000 53.000000
60.000000 -1.000000
121
-0.000000 -33.000000
-91.000000 66.000000
123
5.000000 -0.000000
-51.000000 -38.000000
151
-61.000000 7.000000
-79.000000 -3.000000
176
-42.000000 -0.000000
-73.000000 84.000000
76
-90.000000 29.000000
60.000000 -44.000000
130
1.000000 97.000000
-61.000000 81.000000
245
-86.000000 89.000000
-62.000000 -34.000000
123
39.000000 20.000000
88.000000 -7.000000
154
26.000000 -6.000000
-89.000000 56.000000
84
-21.000000 37.000000
-71.000000 -43.000000
107
48.000000 -11.000000
-75.000000 59.000000
207
-56.000000 71.000000
53.000000 -44.000000
73
78.000000 -6.000000
65.000000 -29.000000
54
-79.000000 -6.000000
-63.000000 88.000000
127
37.000000 77.000000
92.000000 -27.000000
93
-87.000000 9.000000
61.000000 64.000000
193
-1.000000 -60.000000
94.000000 -23.000000
169
96.000000 -65.000000
79.000000 -16.000000
74
-27.000000 -68.000000
-98.000000 -26.000000
247
55.000000 -21.000000
68.000000 81.000000
105
99.000000 -49.000000
67.000000 60.000000
192
64.000000 66.000000
67.000000 -48.000000
54
-63.000000 52.000000
54.000000 87.000000
220
-70.000000 82.000000
-90.000000 -25.000000
75
30.000000 98.000000
-55.000000 80.000000
168
34.000000 86.000000
56.000000 -5.000000
238
44.000000 -44.000000
-87.000000 87.000000
95
93.000000 -52.000000
60.000000 -32.000000
138
13.000000 -26.000000
81.000000 -46.000000
152
99.000000 32.000000
-69.000000 99.000000
93
-72.000000 39.000000
-80.000000 57.000000
164
-74.000000 -87.000000
-90.000000 77.000000
98
94.000000 96.000000
-51.000000 -12.000000
150
-67.000000 5.000000
73.000000 69.000000
231
-20.000000 67.000000
-58.000000 -24.000000
198
21.000000 52.000000
96.000000 94.000000
216
-27.000000 97.000000
67.000000 -47.000000
129
89.000000 89.000000
-92.000000 95.000000
56
-61.000000 -13.000000
-84.000000 -13.000000
203
-48.000000 -12.000000
58.000000 85.000000
247
-52.000000 -68.000000
88.000000 92.000000
77
4.000000 18.000000
88.000000 -29.000000
180
-19.000000 -47.000000
99.000000 -17.000000
194
78.000000 -45.000000
98.000000 95.000000
172
37.000000 30.000000
-64.000000 -45.000000
117
53.000000 -8.000000
60.000000 67.000000
158
-24.000000 -69.000000
93.000000 -36.000000
96
92.000000 -73.000000
-87.000000 -11.000000
134
-65.000000 82.000000
55.000000 -28.000000
202
-72.000000 29.000000
66.000000 -7.000000
205
15.000000 69.000000
-62.000000 77.000000
214
-63.000000 91.000000
95.000000 -1.000000
101
64.000000 -82.000000
58.000000 89.000000
84
42.000000 99.000000
71.000000 68.000000
174
1.000000 48.000000
-77.000000 92.000000
167
19.000000 57.000000
74.000000 -2.000000
118
-48.000000 15.000000
-93.000000 -7.000000
117
3.000000 -42.000000
-69.000000 -27.000000
193
15.000000 87.000000
74.000000 -27.000000
132
-66.000000 1.000000
71.000000 -25.000000
156
-58.000000 68.000000
90.000000 -34.000000
206
-93.000000 -42.000000
-54.000000 -9.000000
85
69.000000 -88.000000
-88.000000 -28.000000
107
87.000000 -1.000000
-68.000000 -13.000000
175
-59.000000 -1.000000
-52.000000 -41.000000
56
3.000000 -11.000000
-67.000000 -9.000000
249
95.000000 99.000000
-95.000000 55.000000
51
26.000000 -57.000000
-96.000000 86.000000
153
-50.000000 -11.000000
-72.000000 59.000000
247
-11.000000 -49.000000
96.000000 -24.000000
174
-40.000000 -60.000000
-90.000000 -14.000000
214
-7.000000 -34.000000
-90.000000 -20.000000
116
-73.000000 -46.000000
58.000000 75.000000
76
12.000000 75.000000
-92.000000 84.000000
230
-53.000000 -69.000000
-93.000000 75.000000
204
5.000000 -50.000000
91.000000 -45.000000
156
32.000000 -94.000000
83.000000 88.000000
90
-39.000000 27.000000
-65.000000 -46.000000
54
71.000000 89.000000
53.000000 82.000000
133
36.000000 34.000000
74.000000 -14.000000
135
76.000000 -30.000000
60.000000 72.000000
64
-52.000000 -41.000000
69.000000 88.000000
217
-67.000000 47.000000
-67.000000 -26.000000
95
-6.000000 -66.000000
79.000000 -26.000000
222
56.000000 90.000000
-56.000000 -1.000000
145
82.000000 43.000000
77.000000 63.000000
98
67.000000 -39.000000
-92.000000 -19.000000
187
33.000000 42.000000
-72.000000 54.000000
141
88.000000 -79.000000
58.000000 60.000000
70
-16.000000 82.000000
-52.000000 89.000000
215
50.000000 13.000000
86.000000 -36.000000
71
-80.000000 28.000000
-58.000000 81.000000
60
31.000000 14.000000
-53.000000 -50.000000
124
51.000000 87.000000
53.000000 -49.000000
135
-17.000000 70.000000
-74.000000 -30.000000
102
12.000000 -24.000000
67.000000 66.000000
80
16.000000 -50.000000
-78.000000 92.000000
107
-61.000000 51.000000
-56.000000 -28.000000
175
65.000000 -78.000000
94.000000 65.000000
132
-35.000000 -26.000000
75.000000 72.000000
135
32.000000 29.000000
-50.000000 80.000000
108
-25.000000 -5.000000
98.000000 -45.000000
134
-86.000000 16.000000
88.000000 61.000000
230
-30.000000 -80.000000
51.000000 -24.000000
241
-62.000000 87.000000
-71.000000 -26.000000
149
89.000000 -40.000000
61.000000 -27.000000
138
-8.000000 69.000000
81.000000 -5.000000
133
-0.000000 40.000000
-97.000000 53.000000
92
99.000000 89.000000
79.000000 64.000000
180
-6.000000 -54.000000
-55.000000 -30.000000
66
80.000000 -13.000000
-98.000000 95.000000
102
-3.000000 17.000000
-61.000000 -33.000000
241
-81.000000 67.000000
58.000000 -7.000000
203
-77.000000 -81.000000
-79.000000 58.000000
125
6.000000 -28.000000
85.000000 -28.000000
150
-58.000000 -64.000000
88.000000 64.000000
91
-29.000000 23.000000
56.000000 -43.000000
235
-42.000000 -38.000000
-72.000000 65.000000
72
-8.000000 55.000000
-67.000000 -2.000000
172
-88.000000 66.000000
89.000000 69.000000
171
-77.000000 66.000000
94.000000 94.000000
82
29.000000 94.000000
77.000000 89.000000
216
74.000000 82.000000
-94.000000 84.000000
91
-90.000000 10.000000
60.000000 96.000000
243
-3.000000 75.000000
88.000000 -14.000000
176
-74.000000 -6.000000
97.000000 66.000000
226
68.000000 -69.000000
-52.000000 79.000000
97
97.000000 -1.000000
-97.000000 -50.000000
77
33.000000 34.000000
-84.000000 -44.000000
85
-57.000000 79.000000
73.000000 97.000000
108
-71.000000 24.000000
-70.000000 63.000000
147
8.000000 61.000000
75.000000 92.000000
169
-50.000000 -42.000000
-89.000000 -32.000000
78
-38.000000 -67.000000
98.000000 -25.000000
218
78.000000 45.000000
-54.000000 83.000000
179
33.000000 15.000000
84.000000 95.000000
192
68.000000 -65.000000
84.000000 -19.000000
96
46.000000 -89.000000
86.000000 54.000000
53
-28.000000 72.000000
-85.000000 69.000000
225
50.000000 59.000000
-72.000000 -43.000000
194
-3.000000 91.000000
-87.000000 79.000000
168
68.000000 -5.000000
-90.000000 98.000000
146
1.000000 70.000000
98.000000 -2.000000
153
56.000000 11.000000
63.000000 69.000000
180
-19.000000 -77.000000
63.000000 -48.000000
145
-46.000000 39.000000
87.000000 -26.000000
137
-91.000000 80.000000
92.000000 -16.000000
136
96.000000 -42.000000
-92.000000 -14.000000
245
9.000000 37.000000
-82.000000 -13.000000
189
14.000000 19.000000
99.000000 92.000000
72
16.000000 66.000000
-52.000000 -36.000000
213
96.000000 -93.000000
99.000000 68.000000
182
55.000000 12.000000
66.000000 -44.000000
109
-87.000000 54.000000
-95.000000 -18.000000
76
65.000000 -23.000000
-85.000000 85.000000
66
-20.000000 -31.000000
-70.000000 89.000000
62
-77.000000 -37.000000
-88.000000 -36.000000
225
64.000000 0.000000
93.000000 61.000000
243
-20.000000 -39.000000
77.000000 -34.000000
237
80.000000 33.000000
-77.000000 92.000000
208
-1.000000 -70.000000
-62.000000 -17.000000
103
-3.000000 20.000000
83.000000 95.000000
106
40.000000 -83.000000
-52.000000 -37.000000
89
32.000000 94.000000
-55.000000 -40.000000
97
10.000000 -47.000000
53.000000 -9.000000
160
-63.000000 43.000000
-92.000000 75.000000
209
22.000000 -39.000000
60.000000 96.000000
74
34.000000 75.000000
-85.000000 -45.000000
199
57.000000 2.000000
79.000000 -45.000000
226
-23.000000 74.000000
-58.000000 -9.000000
171
-21.000000 -72.000000
-83.000000 -41.000000
186
-45.000000 40.000000
-99.000000 -26.000000
214
-23.000000 98.000000
98.000000 -6.000000
169
90.000000 23.000000
-68.000000 62.000000
83
68.000000 1.000000
83.000000 -15.000000
117
-58.000000 -93.000000
-80.000000 -26.000000
123
-55.000000 -58.000000
-69.000000 -23.000000
110
71.000000 -91.000000
-95.000000 95.000000
203
-29.000000 38.000000
-64.000000 -37.000000
181
84.000000 -45.000000
76.000000 -37.000000
64
-38.000000 23.000000
57.000000 -45.000000
128
63.000000 -25.000000
59.000000 69.000000
199
-20.000000 16.000000
85.000000 85.000000
139
-84.000000 23.000000
-77.000000 59.000000
53
-37.000000 11.000000
-55.000000 79.000000
87
64.000000 41.000000
63.000000 87.000000
92
0.000000 39.000000
64.000000 97.000000
245
90.000000 14.000000
57.000000 77.000000
125
-84.000000 -76.000000
-79.000000 -34.000000
144
82.000000 36.000000
-82.000000 63.000000
155
-42.000000 18.000000
54.000000 74.000000
87
57.000000 0.000000
-62.000000 -20.000000
51
-10.000000 -69.000000
-98.000000 65.000000
247
93.000000 -56.000000
58.000000 -3.000000
181
-28.000000 66.000000
-62.000000 67.000000
114
-13.000000 -95.000000
59.000000 79.000000
157
-4.000000 46.000000
-88.000000 -47.000000
82
-43.000000 -45.000000
59.000000 -7.000000
78
-23.000000 93.000000
-70.000000 -40.000000
214
60.000000 63.000000
79.000000 -34.000000
160
-27.000000 14.000000
-92.000000 50.000000
249
49.000000 3.000000
57.000000 -19.000000
123
32.000000 42.000000
69.000000 -23.000000
69
31.000000 -26.000000
67.000000 95.000000
84
65.000000 71.000000
71.000000 -10.000000
88
80.000000 -86.000000
92.000000 76.000000
222
-74.000000 -47.000000
-50.000000 -17.000000
200
97.000000 86.000000
-89.000000 -39.000000
75
49.000000 94.000000
-64.000000 -7.000000
109
-43.000000 -9.000000
57.000000 -3.000000
134
58.000000 62.000000
-61.000000 55.000000
60
43.000000 -47.000000
72.000000 65.000000
197
2.000000 55.000000
59.000000 -23.000000
150
-66.000000 -60.000000
55.000000 -19.000000
240
-69.000000 -1.000000
-57.000000 56.000000
56
6.000000 -11.000000
64.000000 58.000000
202
14.000000 -65.000000
-84.000000 94.000000
117
-15.000000 19.000000
-83.000000 -3.000000
83
-14.000000 73.000000
-89.000000 -17.000000
125
99.000000 -64.000000
84.000000 -26.000000
177
18.000000 -18.000000
53.000000 50.000000
113
74.000000 -78.000000
78.000000 72.000000
231
-24.000000 -96.000000
-73.000000 -41.000000
210
-2.000000 56.000000
51.000000 -16.000000
234
96.000000 17.000000
57.000000 -44.000000
169
-75.000000 -3.000000
61.000000 -3.000000
232
-12.000000 -97.000000
61.000000 53.000000
164
-87.000000 -45.000000
-77.000000 -44.000000
71
-94.000000 24.000000
69.000000 -1.000000
142
62.000000 92.000000
88.000000 99.000000
163
-2.000000 -18.000000
-72.000000 -36.000000
100
37.000000 37.000000
54.000000 -6.000000
134
-23.000000 -97.000000
-54.000000 -47.000000
222
-30.000000 16.000000
-81.000000 -14.000000
64
-57.000000 -75.000000
-62.000000 80.000000
76
-66.000000 -97.000000
56.000000 -5.000000
182
-10.000000 79.000000
83.000000 58.000000
66
-36.000000 -33.000000
-56.000000 -2.000000
110
-51.000000 -38.000000
83.000000 84.000000
193
-82.000000 13.000000
-57.000000 56.000000
185
75.000000 -37.000000
-92.000000 80.000000
247
-20.000000 -21.000000
-84.000000 78.000000
194
64.000000 35.000000
-62.000000 -7.000000
147
8.000000 37.000000
99.000000 -12.000000
237
68.000000 49.000000
-69.000000 57.000000
136
-31.000000 -29.000000
-90.000000 -38.000000
207
48.000000 -83.000000
92.000000 94.000000
188
-80.000000 -98.000000
-56.000000 69.000000
76
17.000000 64.000000
-85.000000 65.000000
109
-52.000000 -48.000000
55.000000 -34.000000
154
22.000000 56.000000
77.000000 90.000000
113
-80.000000 95.000000
90.000000 -48.000000
84
25.000000 -35.000000
-98.000000 89.000000
176
-26.000000 7.000000
-86.000000 -42.000000
111
-41.000000 30.000000
-77.000000 -25.000000
231
-37.000000 -94.000000
58.000000 76.000000
218
-63.000000 69.000000
-76.000000 -22.000000
126
79.000000 -45.000000
50.000000 -43.000000
188
-37.000000 79.000000
-98.000000 -22.000000
153
-26.000000 77.000000
62.000000 89.000000
76
-18.000000 79.000000
86.000000 -39.000000
105
59.000000 47.000000
73.000000 -1.000000
172
83.000000 -50.000000
-82.000000 -10.000000
242
-81.000000 -30.000000
75.000000 -22.000000
109
-29.000000 70.000000
87.000000 -30.000000
150
63.000000 -30.000000
88.000000 84.000000
116
5.000000 91.000000
-67.000000 52.000000
184
-20.000000 64.000000
54.000000 -41.000000
115
75.000000 -55.000000
73.000000 56.000000
242
-34.000000 99.000000
72.000000 92.000000
111
22.000000 -78.000000
-87.000000 -37.000000
72
-58.000000 -82.000000
-74.000000 51.000000
142
-4.000000 82.000000
61.000000 -17.000000
51
-81.000000 70.000000
57.000000 56.000000
141
32.000000 -20.000000
51.000000 93.000000
229
-40.000000 37.000000
87.000000 55.000000
109
-63.000000 -94.000000
78.000000 -33.000000
95
17.000000 6.000000
-82.000000 -20.000000
224
-21.000000 60.000000
81.000000 -37.000000
150
34.000000 -7.000000
-81.000000 80.000000
249
-52.000000 70.000000
87.000000 62.000000
94
69.000000 -68.000000
-65.000000 -43.000000
60
-6.000000 9.000000
94.000000 90.000000
70
-47.000000 78.000000
83.000000 -38.000000
68
82.000000 -47.000000
-63.000000 -13.000000
191
-92.000000 -61.000000
-80.000000 58.000000
114
25.000000 -70.000000
-91.000000 -9.000000
129
-11.000000 97.000000
51.000000 54.000000
119
1.000000 -83.000000
68.000000 76.000000
58
-25.000000 42.000000
86.000000 -50.000000
184
7.000000 -3.000000
-98.000000 86.000000
170
70.000000 -30.000000
53.000000 -10.000000
112
-62.000000 53.000000
-90.000000 78.000000
94
90.000000 -81.000000
-77.000000 -20.000000
116
-69.000000 -93.000000
-85.000000 95.000000
68
-34.000000 21.000000
99.000000 57.000000
51
-42.000000 -41.000000
79.000000 94.000000
202
67.000000 8.000000
-96.000000 85.000000
130
-27.000000 74.000000
79.000000 57.000000
187
-60.000000 -2.000000
-97.000000 -16.000000
217
82.000000 69.000000
-91.000000 63.000000
161
12.000000 -26.000000
-85.000000 -40.000000
156
-51.000000 65.000000
-65.000000 86.000000
81
-54.000000 -88.000000
89.000000 -40.000000
74
-13.000000 65.000000
89.000000 -48.000000
61
-68.000000 -38.000000
98.000000 61.000000
89
-80.000000 -44.000000
82.000000 -25.000000
182
-14.000000 43.000000
82.000000 89.000000
142
52.000000 83.000000
-64.000000 96.000000
159
79.000000 -67.000000
-88.000000 90.000000
239
73.000000 -62.000000
-60.000000 -6.000000
237
-55.000000 51.000000
98.000000 -19.000000
112
-7.000000 46.000000
-86.000000 -39.000000
145
-12.000000 2.000000
66.000000 72.000000
60
-24.000000 64.000000
-58.000000 81.000000
53
83.000000 -24.000000
97.000000 75.000000
189
-11.000000 2.000000
-64.000000 -28.000000
247
15.000000 -78.000000
64.000000 -3.000000
125
4.000000 -38.000000
-75.000000 -11.000000
106
-90.000000 3.000000
58.000000 79.000000
134
1.000000 83.000000
-95.000000 72.000000
234
-36.000000 -40.000000
71.000000 -32.000000
140
67.000000 -52.000000
52.000000 93.000000
73
1.000000 12.000000
-99.000000 83.000000
166
31.000000 84.000000
56.000000 -48.000000
131
93.000000 -8.000000
66.000000 96.000000
177
-67.000000 -60.000000
86.000000 -25.000000
200
-15.000000 -82.000000
-82.000000 -43.000000
230
0.000000 45.000000
71.000000 -6.000000
237
-96.000000 6.000000
-51.000000 -28.000000
184
-58.000000 70.000000
-88.000000 78.000000
91
71.000000 16.000000
96.000000 -39.000000
101
-43.000000 -87.000000
-75.000000 69.000000
178
86.000000 34.000000
-79.000000 78.000000
62
44.000000 63.000000
75.000000 56.000000
71
-63.000000 32.000000
79.000000 -13.000000
98
-53.000000 -85.000000
51.000000 -23.000000
190
41.000000 -83.000000
92.000000 -10.000000
187
-91.000000 54.000000
91.000000 -44.000000
229
47.000000 -20.000000
-74.000000 -46.000000
218
-66.000000 -37.000000
71.000000 -44.000000
185
32.000000 54.000000
85.000000 52.000000
162
52.000000 -77.000000
-55.000000 -9.000000
229
-49.000000 -46.000000
83.000000 73.000000
228
35.000000 -29.000000
96.000000 -20.000000
88
-20.000000 -52.000000
69.000000 -12.000000
136
99.000000 45.000000
-75.000000 -46.000000
110
14.000000 -47.000000
63.000000 84.000000
222
96.000000 -48.000000
58.000000 -1.000000
198
-48.000000 3.000000
-91.000000 83.000000
209
80.000000 -28.000000
54.000000 -18.000000
121
72.000000 -46.000000
66.000000 -24.000000
120
37.000000 -26.000000
72.000000 -22.000000
208
67.000000 -79.000000
-72.000000 89.000000
87
-1.000000 -10.000000
53.000000 -16.000000
103
-69.000000 -74.000000
-84.000000 97.000000
125
-47.000000 -11.000000
88.000000 78.000000
151
82.000000 -43.000000
83.000000 -49.000000
53
-8.000000 12.000000
-87.000000 -34.000000
78
3.000000 -83.000000
-59.000000 58.000000
131
99.000000 21.000000
-56.000000 65.000000
145
-80.000000 26.000000
89.000000 93.000000
188
52.000000 -20.000000
-53.000000 -15.000000
60
-41.000000 -56.000000
-88.000000 -22.000000
78
27.000000 -81.000000
-58.000000 85.000000
103
-15.000000 30.000000
-73.000000 -23.000000
152
49.000000 -24.000000
78.000000 89.000000
235
38.000000 41.000000
99.000000 -3.000000
85
52.000000 9.000000
80.000000 65.000000
87
-65.000000 -99.000000
52.000000 87.000000
89
67.000000 9.000000
-84.000000 -5.000000
183
59.000000 -83.000000
-70.000000 -22.000000
108
96.000000 -81.000000
-83.000000 -26.000000
197
21.000000 -83.000000
91.000000 -12.000000
220
40.000000 77.000000
71.000000 -46.000000
189
-82.000000 -14.000000
71.000000 -24.000000
133
60.000000 33.000000
53.000000 63.000000
230
15.000000 -28.000000
90.000000 -42.000000
241
-64.000000 -1.000000
-75.000000 -42.000000
137
81.000000 83.000000
-79.000000 -11.000000
227
-17.000000 19.000000
-66.000000 54.000000
111
-33.000000 -4.000000
61.000000 -49.000000
185
-20.000000 -22.000000
-93.000000 54.000000
168
-41.000000 6.000000
52.000000 73.000000
72
29.000000 -3.000000
97.000000 -5.000000
80
-74.000000 76.000000
81.000000 -24.000000
150
73.000000 -10.000000
-73.000000 -15.000000
50
22.000000 -91.000000
97.000000 -22.000000
210
53.000000 26.000000
80.000000 -30.000000
133
19.000000 -76.000000
-51.000000 77.000000
186
57.000000 -78.000000
52.000000 74.000000
113
7.000000 68.000000
-83.000000 -34.000000
74
58.000000 -42.000000
-97.000000 -15.000000
153
62.000000 48.000000
95.000000 -8.000000
222
66.000000 -27.000000
-50.000000 93.000000
175
-2.000000 -3.000000
-87.000000 -1.000000
95
8.000000 -61.000000
-78.000000 -25.000000
217
40.000000 74.000000
64.000000 -13.000000
108
83.000000 73.000000
-50.000000 85.000000
142
71.000000 61.000000
-69.000000 65.000000
175
-38.000000 44.000000
53.000000 88.000000
184
14.000000 68.000000
-62.000000 75.000000
183
50.000000 -4.000000
-72.000000 -11.000000
222
56.000000 20.000000
86.000000 62.000000
156
-44.000000 -33.000000
85.000000 52.000000
172
47.000000 33.000000
-69.000000 -49.000000
166
65.000000 -26.000000
54.000000 94.000000
248
26.000000 24.000000
76.000000 63.000000
60
-92.000000 -73.000000
-96.000000 -48.000000
188
-39.000000 23.000000
57.000000 -32.000000
209
-3.000000 -43.000000
68.000000 -1.000000
99
33.000000 26.000000
80.000000 -17.000000
107
-30.000000 -17.000000
99.000000 52.000000
90
-59.000000 -64.000000
-78.000000 96.000000
183
65.000000 -13.000000
-98.000000 85.000000
209
42.000000 3.000000
-93.000000 -25.000000
225
71.000000 15.000000
-67.000000 98.000000
170
10.000000 -51.000000
-52.000000 -34.000000
57
-82.000000 -78.000000
83.000000 84.000000
214
49.000000 -6.000000
-55.000000 -41.000000
231
56.000000 30.000000
-64.000000 -15.000000
125
-56.000000 -84.000000
-73.000000 -49.000000
223
22.000000 12.000000
-77.000000 -15.000000
122
-39.000000 10.000000
-51.000000 -42.000000
108
-80.000000 -60.000000
96.000000 -39.000000
155
-0.000000 85.000000
81.000000 94.000000
213
-34.000000 -46.000000
60.000000 -41.000000
223
86.000000 -36.000000
76.000000 67.000000
79
-34.000000 82.000000
-89.000000 88.000000
108
-32.000000 17.000000
-67.000000 -22.000000
242
96.000000 82.000000
94.000000 -50.000000
220
76.000000 -10.000000
74.000000 -43.000000
69
18.000000 -90.000000
-82.000000 54.000000
130
-30.000000 -15.000000
-55.000000 87.000000
144
92.000000 58.000000
56.000000 -50.000000
226
22.000000 87.000000
76.000000 -42.000000
216
-53.000000 78.000000
91.000000 57.000000
248
-43.000000 -35.000000
-75.000000 -19.000000
136
-76.000000 95.000000
96.000000 -43.000000
53
-14.000000 57.000000
77.000000 73.000000
116
-82.000000 -37.000000
-81.000000 60.000000
137
49.000000 66.000000
-81.000000 -35.000000
226
-44.000000 -26.000000
95.000000 -8.000000
162
94.000000 -4.000000
54.000000 -18.000000
81
26.000000 -10.000000
99.000000 71.000000
164
53.000000 -18.000000
91.000000 83.000000
234
2.000000 80.000000
88.000000 -34.000000
132
54.000000 59.000000
-68.000000 -45.000000
180
4.000000 18.000000
87.000000 -26.000000
198
63.000000 -79.000000
-66.000000 -7.000000
93
31.000000 -16.000000
52.000000 -16.000000
80
-87.000000 61.000000
-98.000000 -35.000000
167
90.000000 -63.000000
75.000000 -34.000000
247
-32.000000 -52.000000
-78.000000 67.000000
144
21.000000 -53.000000
-75.000000 -18.000000
82
82.000000 -19.000000
-76.000000 -11.000000
189
-22.000000 80.000000
-61.000000 -18.000000
142
7.000000 -71.000000
87.000000 62.000000
112
-37.000000 6.000000
-75.000000 -5.000000
54
-55.000000 46.000000
-61.000000 -10.000000
217
96.000000 86.000000
87.000000 -48.000000
217
-68.000000 -67.000000
69.000000 63.000000
189
70.000000 -84.000000
-95.000000 77.000000
72
-41.000000 80.000000
-95.000000 65.000000
176
-96.000000 -50.000000
85.000000 -50.000000
218
23.000000 -29.000000
-91.000000 85.000000
134
51.000000 23.000000
-89.000000 -46.000000
96
-90.000000 65.000000
-89.000000 -50.000000
73
-5.000000 -44.000000
-88.000000 86.000000
93
20.000000 94.000000
-79.000000 73.000000
198
-3.000000 -11.000000
97.000000 -22.000000
155
75.000000 -22.000000
-53.000000 60.000000
220
-27.000000 -62.000000
76.000000 -43.000000
53
-24.000000 -70.000000
74.000000 -22.000000
170
-42.000000 -80.000000
62.000000 -42.000000
67
-92.000000 -94.000000
-96.000000 -27.000000
215
-53.000000 -76.000000
55.000000 77.000000
249
-37.000000 -45.000000
59.000000 55.000000
232
40.000000 -18.000000
80.000000 51.000000
127
-58.000000 -36.000000
56.000000 -7.000000
145
-95.000000 -28.000000
-66.000000 74.000000
127
-70.000000 91.000000
-64.000000 -29.000000
128
-47.000000 -68.000000
54.000000 77.000000
207
81.000000 21.000000
64.000000 69.000000
87
30.000000 -86.000000
-84.000000 -42.000000
56
-17.000000 -61.000000
-88.000000 65.000000
138
-20.000000 -54.000000
-96.000000 -12.000000
180
28.000000 -57.000000
-76.000000 -43.000000
55
-37.000000 -11.000000
88.000000 70.000000
50
-63.000000 47.000000
57.000000 57.000000
68
75.000000 -18.000000
79.000000 78.000000
206
27.000000 76.000000
-71.000000 -34.000000
157
-69.000000 5.000000
72.000000 75.000000
131
-55.000000 -2.000000
50.000000 90.000000
52
-76.000000 -49.000000
84.000000 -50.000000
247
-36.000000 -73.000000
52.000000 62.000000
89
-3.000000 28.000000
65.000000 -1.000000
67
59.000000 91.000000
72.000000 -25.000000
133
69.000000 -5.000000
-89.000000 92.000000
238
-60.000000 53.000000
98.000000 -42.000000
206
80.000000 -75.000000
52.000000 78.000000
132
64.000000 -87.000000
-91.000000 -48.000000
178
-5.000000 17.000000
68.000000 -47.000000
144
-64.000000 -75.000000
-63.000000 -26.000000
231
-6.000000 -19.000000
68.000000 -40.000000
59
-16.000000 -53.000000
-89.000000 90.000000
220
70.000000 -24.000000
-86.000000 -8.000000
146
-65.000000 89.000000
-79.000000 60.000000
148
-80.000000 -86.000000
64.000000 -13.000000
145
94.000000 -30.000000
75.000000 88.000000
154
32.000000 -94.000000
-57.000000 88.000000
134
-0.000000 97.000000
77.000000 -22.000000
70
-93.000000 32.000000
-74.000000 72.000000
242
3.000000 86.000000
-76.000000 96.000000
140
-4.000000 53.000000
-89.000000 96.000000
177
-3.000000 -23.000000
-86.000000 -45.000000
215
-92.000000 -93.000000
-88.000000 99.000000
141
-82.000000 40.000000
85.000000 75.000000
126
72.000000 33.000000
63.000000 -19.000000
200
89.000000 -58.000000
-66.000000 58.000000
51
47.000000 11.000000
-84.000000 -26.000000
198
-14.000000 16.000000
67.000000 80.000000
203
80.000000 12.000000
54.000000 -34.000000
153
48.000000 -6.000000
57.000000 72.000000
159
18.000000 30.000000
-94.000000 -22.000000
195
87.000000 67.000000
-52.000000 -46.000000
212
54.000000 -99.000000
-51.000000 -21.000000
237
13.000000 85.000000
63.000000 -20.000000
104
-77.000000 -80.000000
64.000000 74.000000
124
45.000000 -10.000000
-80.000000 98.000000
100
-91.000000 46.000000
99.000000 91.000000
124
35.000000 -74.000000
58.000000 83.000000
214
12.000000 80.000000
50.000000 -16.000000
64
17.000000 -20.000000
66.000000 -13.000000
216
56.000000 -58.000000
67.000000 -4.000000
92
-2.000000 59.000000
-88.000000 -34.000000
211
-72.000000 -1.000000
84.000000 -5.000000
102
24.000000 11.000000
86.000000 94.000000
192
20.000000 46.000000
-93.000000 -41.000000
175
-48.000000 -70.000000
57.000000 -22.000000
121
41.000000 72.000000
99.000000 -6.000000
173
-53.000000 45.000000
-61.000000 -42.000000
163
50.000000 68.000000
-94.000000 -36.000000
107
-3.000000 -70.000000
86.000000 77.000000
134
60.000000 -15.000000
-95.000000 50.000000
181
80.000000 99.000000
-64.000000 73.000000
88
35.000000 -41.000000
54.000000 87.000000
120
24.000000 44.000000
-90.000000 -15.000000
181
-74.000000 -62.000000
75.000000 72.000000
153
-24.000000 49.000000
-75.000000 93.000000
179
-12.000000 -67.000000
-63.000000 93.000000
70
-45.000000 -44.000000
-51.000000 78.000000
240
-26.000000 -30.000000
58.000000 50.000000
221
-65.000000 -50.000000
95.000000 82.000000
110
35.000000 -80.000000
-95.000000 -16.000000
231
56.000000 -16.000000
85.000000 -7.000000
210
-50.000000 13.000000
50.000000 -12.000000
101
25.000000 -66.000000
-66.000000 -3.000000
99
60.000000 -69.000000
-58.000000 -39.000000
218
97.000000 68.000000
-80.000000 -32.000000
226
48.000000 -97.000000
76.000000 -27.000000
113
10.000000 91.000000
-52.000000 -11.000000
218
88.000000 -78.000000
-95.000000 69.000000
212
-17.000000 -83.000000
-59.000000 80.000000
148
-52.000000 -74.000000
52.000000 52.000000
211
4.000000 59.000000
-68.000000 -24.000000
77
-28.000000 64.000000
98.000000 55.000000
142
-73.000000 -23.000000
-77.000000 52.000000
136
80.000000 -49.000000
-66.000000 -45.000000
205
30.000000 -23.000000
81.000000 -31.000000
160
-79.000000 -43.000000
-61.000000 74.000000
210
4.000000 45.000000
-62.000000 -25.000000
56
-93.000000 -91.000000
-77.000000 80.000000
222
-22.000000 82.000000
74.000000 -39.000000
197
-46.000000 -82.000000
-99.000000 55.000000
249
-38.000000 -2.000000
54.000000 -7.000000
78
-63.000000 -55.000000
-51.000000 -46.000000
144
42.000000 -23.000000
69.000000 55.000000
161
-98.000000 -91.000000
-79.000000 -46.000000
194
-86.000000 -77.000000
-70.000000 76.000000
162
-11.000000 -53.000000
91.000000 82.000000
141
44.000000 -97.000000
58.000000 -33.000000
51
68.000000 -60.000000
-93.000000 66.000000
168
-26.000000 -1.000000
-76.000000 -2.000000
217
-73.000000 -62.000000
-97.000000 -10.000000
166
26.000000 -45.000000
67.000000 -33.000000
84
-59.000000 -9.000000
-55.000000 -32.000000
105
-5.000000 -40.000000
85.000000 73.000000
138
37.000000 34.000000
-80.000000 -27.000000
214
-88.000000 97.000000
-91.000000 -1.000000
125
-8.000000 48.000000
58.000000 -23.000000
142
-21.000000 -56.000000
-84.000000 -41.000000
124
47.000000 -31.000000
88.000000 91.000000
139
-70.000000 -96.000000
-82.000000 -37.000000
238
26.000000 -1.000000
-69.000000 86.000000
109
23.000000 -18.000000
-91.000000 53.000000
157
-32.000000 -31.000000
-95.000000 -13.000000
213
30.000000 -4.000000
69.000000 -6.000000
95
30.000000 -21.000000
-55.000000 79.000000
55
-8.000000 -74.000000
-65.000000 -50.000000
89
50.000000 -65.000000
60.000000 -23.000000
187
-80.000000 -19.000000
97.000000 -38.000000
223
48.000000 49.000000
-64.000000 -26.000000
220
-45.000000 -14.000000
55.000000 90.000000
94
-16.000000 48.000000
67.000000 -1.000000
69
15.000000 59.000000
82.000000 -33.000000
191
1.000000 0.000000
-67.000000 52.000000
114
34.000000 36.000000
98.000000 62.000000
211
30.000000 -7.000000
93.000000 78.000000
213
87.000000 -9.000000
-53.000000 97.000000
180
-40.000000 29.000000
79.000000 72.000000
67
-67.000000 93.000000
-87.000000 59.000000
215
27.000000 -35.000000
88.000000 92.000000
171
90.000000 16.000000
-90.000000 -19.000000
149
4.000000 47.000000
-85.000000 54.000000
218
57.000000 21.000000
-66.000000 85.000000
182
79.000000 -40.000000
54.000000 -9.000000
162
-41.000000 31.000000
-87.000000 81.000000
106
-17.000000 95.000000
71.000000 -44.000000
154
39.000000 61.000000
-75.000000 -47.000000
208
50.000000 -6.000000
62.000000 -45.000000
116
16.000000 -14.000000
89.000000 70.000000
104
99.000000 -58.000000
53.000000 -30.000000
166
-85.000000 -18.000000
79.000000 -3.000000
114
-4.000000 64.000000
99.000000 -4.000000
103
39.000000 -99.000000
-55.000000 67.000000
221
-37.000000 18.000000
70.000000 -45.000000
176
-46.000000 -31.000000
-51.000000 80.000000
222
40.000000 34.000000
-77.000000 -35.000000
166
-99.000000 78.000000
88.000000 97.000000
141
75.000000 67.000000
-92.000000 88.000000
220
-85.000000 -71.000000
-88.000000 -27.000000
167
40.000000 -87.000000
55.000000 -29.000000
218
2.000000 91.000000
57.000000 80.000000
248
36.000000 48.000000
-58.000000 -7.000000
150
64.000000 -59.000000
71.000000 -34.000000
178
50.000000 90.000000
62.000000 71.000000
240
-68.000000 -72.000000
61.000000 -37.000000
134
25.000000 88.000000
56.000000 53.000000
169
-43.000000 -63.000000
-91.000000 -5.000000
245
1.000000 -4.000000
65.000000 91.000000
230
66.000000 -6.000000
66.000000 67.000000
163
-99.000000 70.000000
-85.000000 80.000000
101
-58.000000 -8.000000
-58.000000 -31.000000
219
-87.000000 77.000000
-75.000000 -14.000000
84
96.000000 -35.000000
-52.000000 -33.000000
95
66.000000 6.000000
68.000000 -44.000000
202
-18.000000 46.000000
54.000000 99.000000
87
66.000000 -23.000000
-56.000000 -30.000000
232
43.000000 -69.000000
-83.000000 -17.000000
246
-10.000000 18.000000
-91.000000 60.000000
182
92.000000 -91.000000
-96.000000 59.000000
100
25.000000 -61.000000
-87.000000 97.000000
236
-81.000000 77.000000
85.000000 -33.000000
205
-84.000000 -67.000000
-94.000000 74.000000
229
0.000000 -72.000000
-50.000000 -35.000000
174
88.000000 0.000000
70.000000 75.000000
205
-45.000000 -65.000000
59.000000 55.000000
105
10.000000 81.000000
-62.000000 -26.000000
180
89.000000 -88.000000
52.000000 51.000000
165
16.000000 41.000000
94.000000 -21.000000
108
-65.000000 22.000000
89.000000 -3.000000
92
-43.000000 55.000000
-77.000000 62.000000
95
37.000000 -15.000000
-98.000000 -28.000000
81
85.000000 -2.000000
-75.000000 -11.000000
249
-61.000000 45.000000
-82.000000 -37.000000
200
-77.000000 26.000000
-63.000000 93.000000
135
-6.000000 14.000000
83.000000 -22.000000
160
-29.000000 84.000000
96.000000 63.000000
203
4.000000 84.000000
-61.000000 64.000000
77
55.000000 23.000000
64.000000 -33.000000
211
1.000000 -87.000000
-79.000000 -16.000000
184
-36.000000 19.000000
79.000000 52.000000
88
-80.000000 -64.000000
-98.000000 72.000000
101
66.000000 -31.000000
-94.000000 -15.000000
151
71.000000 65.000000
-88.000000 -12.000000
145
-31.000000 65.000000
85.000000 58.000000
106
-39.000000 18.000000
89.000000 -16.000000
76
13.000000 55.000000
79.000000 -10.000000
171
-36.000000 72.000000
-50.000000 -3.000000
91
-45.000000 32.000000
80.000000 58.000000
132
-60.000000 -21.000000
-60.000000 -24.000000
73
-65.000000 44.000000
52.000000 -13.000000
245
50.000000 -35.000000
76.000000 91.000000
147
79.000000 -74.000000
68.000000 86.000000
175
10.000000 53.000000
95.000000 90.000000
213
20.000000 45.000000
-90.000000 -1.000000
120
-3.000000 -30.000000
-58.000000 79.000000
208
92.000000 7.000000
94.000000 -35.000000
183
41.000000 -20.000000
56.000000 -14.000000
202
-82.000000 35.000000
60.000000 -49.000000
69
-60.000000 -80.000000
83.000000 98.000000
236
82.000000 26.000000
51.000000 -50.000000
212
-40.000000 57.000000
-93.000000 -19.000000
114
46.000000 -81.000000
-62.000000 -18.000000
185
-19.000000 35.000000
-55.000000 -15.000000
102
38.000000 82.000000
-87.000000 -45.000000
216
5.000000 98.000000
-60.000000 -5.000000
239
-12.000000 48.000000
57.000000 97.000000
105
0.000000 -56.000000
99.000000 -41.000000
156
75.000000 -36.000000
-60.000000 91.000000
235
83.000000 -17.000000
-70.000000 -35.000000
92
12.000000 40.000000
-98.000000 -32.000000
50
56.000000 99.000000
83.000000 -34.000000
190
-49.000000 73.000000
-94.000000 -3.000000
134
-37.000000 -91.000000
99.000000 -32.000000
68
99.000000 90.000000
97.000000 -36.000000
145
-65.000000 -96.000000
88.000000 83.000000
145
53.000000 57.000000
81.000000 81.000000
198
-64.000000 -81.000000
-50.000000 -45.000000
95
67.000000 29.000000
91.000000 93.000000
209
-55.000000 89.000000
90.000000 -22.000000
76
-44.000000 -70.000000
-85.000000 -14.000000
218
-16.000000 -16.000000
78.000000 70.000000
203
37.000000 7.000000
74.000000 79.000000
190
62.000000 19.000000
94.000000 -19.000000
156
95.000000 -6.000000
-92.000000 -44.000000
57
56.000000 53.000000
-98.000000 57.000000
127
46.000000 -8.000000
-60.000000 71.000000
239
-93.000000 -29.000000
85.000000 -27.000000
143
-10.000000 22.000000
87.000000 97.000000
167
-93.000000 83.000000
61.000000 64.000000
165
-38.000000 67.000000
-54.000000 55.000000
229
29.000000 91.000000
-97.000000 52.000000
221
-79.000000 -7.000000
-72.000000 -44.000000
149
63.000000 16.000000
-74.000000 -50.000000
195
88.000000 -30.000000
-91.000000 57.000000
220
-3.000000 65.000000
-66.000000 50.000000
231
-52.000000 -52.000000
-67.000000 -31.000000
83
-44.000000 4.000000
89.000000 -40.000000
68
-12.000000 7.000000
83.000000 81.000000
54
33.000000 -7.000000
93.000000 91.000000
206
-59.000000 -76.000000
-55.000000 -34.000000
52
-24.000000 -66.000000
51.000000 66.000000
172
42.000000 -57.000000
-97.000000 -12.000000
70
65.000000 84.000000
-51.000000 52.000000
194
-14.000000 93.000000
-71.000000 -12.000000
189
35.000000 62.000000
78.000000 86.000000
55
34.000000 -10.000000
-99.000000 81.000000
212
25.000000 -28.000000
-88.000000 -32.000000
233
-11.000000 11.000000
90.000000 -50.000000
127
77.000000 -7.000000
-98.000000 -23.000000
110
84.000000 -58.000000
-97.000000 -13.000000
81
-46.000000 94.000000
90.000000 63.000000
135
-21.000000 -84.000000
91.000000 66.000000
215
25.000000 20.000000
66.000000 88.000000
73
34.000000 -79.000000
58.000000 55.000000
152
18.000000 -93.000000
51.000000 -39.000000
145
-25.000000 -92.000000
84.000000 -13.000000
145
-57.000000 70.000000
80.000000 68.000000
223
8.000000 -68.000000
91.000000 -18.000000
248
22.000000 -70.000000
-91.000000 57.000000
79
1.000000 -49.000000
-54.000000 74.000000
160
92.000000 -74.000000
58.000000 -28.000000
165
-77.000000 -95.000000
67.000000 -44.000000
102
-71.000000 -57.000000
-90.000000 -36.000000
151
22.000000 -82.000000
-85.000000 93.000000
148
42.000000 -68.000000
-63.000000 96.000000
234
-6.000000 -8.000000
-86.000000 -34.000000
240
53.000000 13.000000
-89.000000 82.000000
115
-61.000000 65.000000
57.000000 82.000000
161
-2.000000 37.000000
-81.000000 -8.000000
180
-37.000000 55.000000
98.000000 -41.000000
170
-47.000000 -72.000000
-50.000000 -20.000000
193
12.000000 63.000000
-78.000000 94.000000
238
48.000000 -90.000000
-57.000000 56.000000
103
-77.000000 -95.000000
64.000000 73.000000
174
21.000000 -25.000000
82.000000 78.000000
174
-93.000000 78.000000
65.000000 74.000000
200
3.000000 59.000000
92.000000 51.000000
127
-42.000000 36.000000
-86.000000 -41.000000
237
43.000000 66.000000
-86.000000 -8.000000
152
-96.000000 30.000000
86.000000 89.000000
153
21.000000 91.000000
-64.000000 -16.000000
64
96.000000 71.000000
-55.000000 52.000000
152
-14.000000 -33.000000
83.000000 61.000000
132
-36.000000 -36.000000
63.000000 74.000000
170
-18.000000 -18.000000
-81.000000 82.000000
206
-1.000000 91.000000
57.000000 83.000000
96
90.000000 52.000000
-72.000000 -6.000000
197
44.000000 58.000000
98.000000 -33.000000
87
-82.000000 -54.000000
-64.000000 -24.000000
218
-91.000000 -99.000000
-87.000000 -17.000000
93
28.000000 -11.000000
-54.000000 -49.000000
146
-50.000000 57.000000
-79.000000 -18.000000
113
-86.000000 14.000000
74.000000 -39.000000
102
21.000000 -23.000000
-94.000000 58.000000
167
-97.000000 -73.000000
71.000000 -17.000000
209
-5.000000 -8.000000
-60.000000 -24.000000
230
38.000000 -79.000000
53.000000 -40.000000
194
-63.000000 70.000000
-86.000000 96.000000
221
-1.000000 -13.000000
-82.000000 -49.000000
141
-52.000000 -1.000000
71.000000 -34.000000
99
77.000000 58.000000
-67.000000 -24.000000
197
-17.000000 6.000000
81.000000 67.000000
209
-36.000000 96.000000
91.000000 -23.000000
140
-40.000000 -30.000000
60.000000 92.000000
172
-88.000000 11.000000
-76.000000 72.000000
111
-6.000000 34.000000
-82.000000 78.000000
162
-24.000000 5.000000
-88.000000 88.000000
204
-50.000000 -84.000000
95.000000 95.000000
238
90.000000 89.000000
-60.000000 68.000000
53
-18.000000 -45.000000
83.000000 -47.000000
167
-41.000000 45.000000
50.000000 75.000000
69
-25.000000 -18.000000
99.000000 -30.000000
77
41.000000 -23.000000
-97.000000 80.000000
243
-94.000000 26.000000
-86.000000 70.000000
113
95.000000 -13.000000
-60.000000 92.000000
248
-73.000000 69.000000
90.000000 75.000000
90
29.000000 -78.000000
68.000000 -21.000000
177
99.000000 -56.000000
67.000000 76.000000
214
15.000000 46.000000
-67.000000 -6.000000
145
-49.000000 -77.000000
-98.000000 63.000000
131
-5.000000 -54.000000
84.000000 64.000000
246
-11.000000 -57.000000
89.000000 -1.000000
179
-24.000000 -8.000000
52.000000 -9.000000
123
-12.000000 -4.000000
93.000000 63.000000
86
22.000000 -13.000000
-73.000000 -10.000000
125
19.000000 60.000000
66.000000 63.000000
73
-84.000000 -76.000000
-63.000000 -23.000000
106
-2.000000 35.000000
-93.000000 -27.000000
175
91.000000 69.000000
-65.000000 -27.000000
58
-27.000000 -47.000000
59.000000 59.000000
175
42.000000 50.000000
-60.000000 61.000000
178
-15.000000 98.000000
-64.000000 97.000000
103
20.000000 60.000000
-97.000000 -44.000000
113
-73.000000 45.000000
67.000000 -8.000000
111
96.000000 20.000000
65.000000 58.000000
72
15.000000 95.000000
-70.000000 62.000000
182
-63.000000 74.000000
-62.000000 -22.000000
147
-99.000000 64.000000
73.000000 -8.000000
120
-6.000000 97.000000
87.000000 55.000000
69
-54.000000 63.000000
-58.000000 54.000000
214
19.000000 15.000000
-63.000000 70.000000
234
77.000000 24.000000
-50.000000 -31.000000
142
0.000000 9.000000
84.000000 -5.000000
85
-79.000000 18.000000
-54.000000 -35.000000
205
-54.000000 46.000000
-60.000000 66.000000
97
-40.000000 -97.000000
92.000000 74.000000
117
9.000000 75.000000
91.000000 -41.000000
74
-55.000000 26.000000
89.000000 -3.000000
166
-81.000000 65.000000
53.000000 87.000000
123
-79.000000 78.000000
57.000000 97.000000
129
-25.000000 -68.000000
-50.000000 -20.000000
174
54.000000 -50.000000
-99.000000 70.000000
81
12.000000 -97.000000
50.000000 69.000000
134
-44.000000 -70.000000
-76.000000 -6.000000
75
91.000000 -3.000000
-82.000000 91.000000
216
2.000000 79.000000
74.000000 -40.000000
112
-30.000000 61.000000
-89.000000 54.000000
152
91.000000 -86.000000
-55.000000 87.000000
226
-37.000000 -3.000000
-73.000000 80.000000
158
40.000000 -66.000000
-61.000000 -22.000000
229
-37.000000 69.000000
-64.000000 53.000000
109
26.000000 98.000000
62.000000 79.000000
58
51.000000 62.000000
-62.000000 -6.000000
249
-75.000000 89.000000
58.000000 -43.000000
196
13.000000 30.000000
-70.000000 -6.000000
218
-71.000000 -48.000000
-62.000000 -5.000000
191
-18.000000 -33.000000
60.000000 71.000000
165
95.000000 3.000000
65.000000 -16.000000
236
-57.000000 -55.000000
96.000000 97.000000
187
-4.000000 -95.000000
-57.000000 -46.000000
158
-52.000000 -66.000000
-81.000000 55.000000
141
69.000000 22.000000
-69.000000 77.000000
166
24.000000 -9.000000
52.000000 -3.000000
202
91.000000 -40.000000
-55.000000 -37.000000
100
55.000000 11.000000
-72.000000 -48.000000
205
10.000000 92.000000
85.000000 -4.000000
110
98.000000 -34.000000
-80.000000 91.000000
209
-8.000000 25.000000
82.000000 60.000000
141
8.000000 9.000000
-78.000000 79.000000
240
85.000000 42.000000
-53.000000 61.000000
77
20.000000 -49.000000
-69.000000 -46.000000
179
93.000000 -7.000000
-56.000000 75.000000
61
-0.000000 1.000000
78.000000 -34.000000
138
-87.000000 -14.000000
-64.000000 -28.000000
125
57.000000 33.000000
57.000000 59.000000
147
43.000000 37.000000
-51.000000 -31.000000
183
1.000000 -28.000000
-57.000000 -44.000000
99
32.000000 -76.000000
61.000000 98.000000
94
-2.000000 33.000000
76.000000 59.000000
90
53.000000 -93.000000
-79.000000 89.000000
52
4.000000 6.000000
-88.000000 -3.000000
170
-34.000000 73.000000
71.000000 95.000000
118
-28.000000 93.000000
-88.000000 -1.000000
180
-91.000000 -85.000000
-95.000000 -35.000000
206
-57.000000 67.000000
75.000000 -13.000000
217
97.000000 -82.000000
80.000000 72.000000
105
-83.000000 71.000000
-94.000000 85.000000
157
81.000000 3.000000
69.000000 -9.000000
84
90.000000 41.000000
57.000000 -8.000000
143
-3.000000 11.000000
52.000000 97.000000
239
-18.000000 44.000000
-86.000000 -49.000000
136
-69.000000 -83.000000
57.000000 -24.000000
221
15.000000 -28.000000
77.000000 -45.000000
92
-44.000000 81.000000
-91.000000 74.000000
141
-5.000000 36.000000
-94.000000 99.000000
166
52.000000 73.000000
-61.000000 -45.000000
52
78.000000 4.000000
-90.000000 88.000000
232
-12.000000 32.000000
82.000000 91.000000
177
46.000000 72.000000
-94.000000 -17.000000
130
61.000000 42.000000
77.000000 -6.000000
157
70.000000 35.000000
-80.000000 -34.000000
66
-84.000000 8.000000
-86.000000 98.000000
79
-10.000000 -59.000000
52.000000 79.000000
196
-88.000000 -71.000000
51.000000 90.000000
138
79.000000 76.000000
78.000000 -50.000000
54
-97.000000 24.000000
65.000000 87.000000
216
-94.000000 17.000000
53.000000 -47.000000
241
-52.000000 75.000000
-95.000000 66.000000
95
35.000000 -2.000000
-55.000000 -32.000000
248
28.000000 -90.000000
52.000000 60.000000
65
52.000000 -51.000000
98.000000 57.000000
158
71.000000 -93.000000
75.000000 -28.000000
233
8.000000 36.000000
64.000000 -22.000000
114
-42.000000 76.000000
-97.000000 -9.000000
230
53.000000 89.000000
-71.000000 79.000000
244
-75.000000 36.000000
80.000000 -20.000000
191
-27.000000 33.000000
-89.000000 -40.000000
108
-43.000000 -63.000000
96.000000 -6.000000
158
-27.000000 21.000000
92.000000 -46.000000
201
69.000000 5.000000
-77.000000 -11.000000
163
21.000000 92.000000
-96.000000 95.000000
70
67.000000 -77.000000
63.000000 -42.000000
189
15.000000 85.000000
58.000000 -24.000000
63
-4.000000 11.000000
-98.000000 96.000000
182
73.000000 -74.000000
63.000000 74.000000
71
47.000000 48.000000
-57.000000 -37.000000
143
70.000000 -31.000000
50.000000 73.000000
72
23.000000 86.000000
93.000000 74.000000
245
-9.000000 6.000000
76.000000 -16.000000
52
-4.000000 45.000000
-63.000000 -35.000000
140
-42.000000 -37.000000
83.000000 51.000000
170
91.000000 -5.000000
62.000000 -27.000000
213
40.000000 99.000000
-58.000000 74.000000
241
2.000000 25.000000
62.000000 -33.000000
168
-42.000000 -7.000000
-70.000000 71.000000
233
-36.000000 -49.000000
-53.000000 87.000000
140
57.000000 -29.000000
74.000000 -24.000000
108
-87.000000 -43.000000
-56.000000 68.000000
73
-49.000000 66.000000
87.000000 69.000000
73
16.000000 -52.000000
54.000000 -32.000000
246
92.000000 93.000000
-91.000000 -41.000000
223
-23.000000 -45.000000
68.000000 -3.000000
162
47.000000 6.000000
96.000000 90.000000
153
43.000000 66.000000
56.000000 84.000000
69
-94.000000 -62.000000
-62.000000 -26.000000
172
73.000000 -5.000000
67.000000 -28.000000
103
39.000000 3.000000
54.000000 68.000000
68
-6.000000 -64.000000
80.000000 -47.000000
211
59.000000 -55.000000
53.000000 62.000000
98
-52.000000 -16.000000
-60.000000 -45.000000
225
58.000000 -42.000000
-68.000000 -17.000000
52
-44.000000 -55.000000
78.000000 -40.000000
114
-96.000000 -54.000000
57.000000 61.000000
153
18.000000 -62.000000
98.000000 87.000000
71
-94.000000 99.000000
-97.000000 -26.000000
210
-52.000000 -51.000000
63.000000 77.000000
61
44.000000 61.000000
87.000000 -46.000000
126
76.000000 75.000000
93.000000 -7.000000
123
68.000000 92.000000
55.000000 -1.000000
70
5.000000 -5.000000
-62.000000 -9.000000
101
96.000000 1.000000
56.000000 71.000000
138
36.000000 -53.000000
96.000000 57.000000
133
47.000000 -89.000000
65.000000 -26.000000
218
-77.000000 -12.000000
61.000000 56.000000
147
17.000000 -4.000000
-80.000000 50.000000
242
4.000000 -67.000000
-50.000000 -35.000000
197
-89.000000 29.000000
-76.000000 58.000000
203
39.000000 -52.000000
-67.000000 91.000000
137
16.000000 -52.000000
-98.000000 -16.000000
110
87.000000 -73.000000
-61.000000 -32.000000
193
-65.000000 -58.000000
52.000000 96.000000
193
28.000000 -87.000000
-92.000000 -31.000000
84
21.000000 -85.000000
85.000000 88.000000
130
47.000000 71.000000
-81.000000 82.000000
88
86.000000 -33.000000
56.000000 84.000000
223
89.000000 54.000000
61.000000 90.000000
95
-5.000000 -23.000000
-52.000000 -8.000000
113
-6.000000 42.000000
69.000000 74.000000
190
-3.000000 -25.000000
-92.000000 -37.000000
247
-33.000000 48.000000
99.000000 -11.000000
101
10.000000 30.000000
-52.000000 -10.000000
127
-77.000000 -8.000000
-54.000000 72.000000
199
-52.000000 -11.000000
-94.000000 64.000000
57
-53.000000 1.000000
-67.000000 -9.000000
94
-19.000000 -68.000000
-75.000000 50.000000
189
-14.000000 -61.000000
-65.000000 66.000000
148
-7.000000 84.000000
99.000000 75.000000
109
48.000000 50.000000
68.000000 -32.000000
89
-90.000000 -84.000000
-90.000000 -44.000000
214
91.000000 -24.000000
79.000000 -29.000000
91
73.000000 -49.000000
58.000000 -32.000000
192
-60.000000 98.000000
78.000000 -31.000000
61
-33.000000 25.000000
85.000000 62.000000
193
-59.000000 50.000000
67.000000 -35.000000
195
11.000000 38.000000
92.000000 84.000000
67
-13.000000 97.000000
-94.000000 77.000000
116
-51.000000 64.000000
68.000000 -44.000000
134
60.000000 -95.000000
54.000000 -43.000000
181
-55.000000 52.000000
-84.000000 -18.000000
187
-8.000000 -38.000000
58.000000 53.000000
72
-24.000000 77.000000
72.000000 -24.000000
51
43.000000 71.000000
-60.000000 -24.000000
163
58.000000 17.000000
-66.000000 -28.000000
50
-62.000000 -82.000000
81.000000 -34.000000
121
91.000000 25.000000
-73.000000 73.000000
90
90.000000 -2.000000
-74.000000 57.000000
146
28.000000 72.000000
-87.000000 -36.000000
86
-14.000000 -82.000000
96.000000 80.000000
239
-18.000000 -12.000000
-95.000000 85.000000
165
-30.000000 69.000000
95.000000 52.000000
227
-98.000000 -65.000000
67.000000 -1.000000
83
43.000000 -33.000000
92.000000 63.000000
214
-17.000000 -50.000000
98.000000 -16.000000
51
-30.000000 -60.000000
-90.000000 -36.000000
97
-1.000000 93.000000
-74.000000 67.000000
70
-88.000000 1.000000
84.000000 86.000000
190
-42.000000 84.000000
67.000000 64.000000
56
72.000000 65.000000
65.000000 91.000000
124
17.000000 -22.000000
-82.000000 -2.000000
142
-48.000000 -38.000000
-73.000000 87.000000
166
70.000000 15.000000
-96.000000 59.000000
110
30.000000 -2.000000
-98.000000 -35.000000
127
-44.000000 -51.000000
-93.000000 78.000000
233
58.000000 95.000000
84.000000 -50.000000
214
-40.000000 3.000000
-95.000000 -26.000000
50
57.000000 -73.000000
97.000000 54.000000
128
87.000000 -45.000000
-89.000000 91.000000
222
96.000000 -44.000000
-52.000000 92.000000
192
-47.000000 -37.000000
96.000000 76.000000
159
-11.000000 -47.000000
-65.000000 70.000000
199
-54.000000 39.000000
59.000000 86.000000
86
-94.000000 -29.000000
73.000000 -12.000000
123
51.000000 25.000000
-95.000000 -29.000000
201
-2.000000 54.000000
60.000000 53.000000
232
81.000000 -4.000000
-86.000000 58.000000
170
98.000000 83.000000
60.000000 -20.000000
148
47.000000 89.000000
-95.000000 -34.000000
68
86.000000 -91.000000
57.000000 -13.000000
123
-57.000000 39.000000
60.000000 -46.000000
193
-10.000000 85.000000
83.000000 63.000000
90
-13.000000 -48.000000
53.000000 -6.000000
86
68.000000 -71.000000
51.000000 -34.000000
143
7.000000 65.000000
70.000000 75.000000
243
49.000000 -44.000000
-50.000000 94.000000
97
-67.000000 99.000000
56.000000 -11.000000
111
39.000000 -95.000000
-97.000000 -46.000000
54
-17.000000 -77.000000
72.000000 82.000000
158
71.000000 77.000000
-91.000000 69.000000
229
15.000000 -86.000000
87.000000 -42.000000
209
-26.000000 -67.000000
90.000000 79.000000
96
-64.000000 53.000000
-85.000000 -47.000000
106
63.000000 -25.000000
-72.000000 57.000000
86
86.000000 -77.000000
-65.000000 64.000000
117
-69.000000 79.000000
91.000000 -17.000000
201
-30.000000 -78.000000
-98.000000 -40.000000
109
-16.000000 -77.000000
52.000000 -32.000000
175
-13.000000 -40.000000
-78.000000 -46.000000
176
72.000000 -75.000000
59.000000 53.000000
66
-33.000000 -62.000000
-90.000000 66.000000
194
-3.000000 -51.000000
92.000000 73.000000
135
-66.000000 35.000000
85.000000 -14.000000
245
35.000000 -93.000000
-95.000000 90.000000
192
24.000000 -22.000000
73.000000 -43.000000
181
-63.000000 54.000000
55.000000 67.000000
62
78.000000 -99.000000
-81.000000 61.000000
98
63.000000 60.000000
-78.000000 -8.000000
176
-64.000000 36.000000
-84.000000 90.000000
113
95.000000 -10.000000
55.000000 86.000000
125
-48.000000 -63.000000
74.000000 -25.000000
61
-24.000000 43.000000
-85.000000 -4.000000
153
35.000000 81.000000
-91.000000 64.000000
110
-94.000000 56.000000
82.000000 -43.000000
87
19.000000 1.000000
-91.000000 -10.000000
178
-95.000000 -4.000000
-94.000000 -20.000000
164
53.000000 18.000000
72.000000 -24.000000
206
-26.000000 34.000000
-94.000000 93.000000
164
-76.000000 73.000000
99.000000 -46.000000
105
84.000000 98.000000
-67.000000 -23.000000
131
41.000000 66.000000
-98.000000 -34.000000
176
-36.000000 -23.000000
65.000000 58.000000
91
7.000000 -40.000000
82.000000 -41.000000
244
-4.000000 -37.000000
62.000000 56.000000
100
41.000000 -98.000000
-62.000000 54.000000
134
96.000000 -51.000000
-51.000000 -49.000000
119
-41.000000 18.000000
69.000000 75.000000
140
-73.000000 -55.000000
-98.000000 59.000000
60
53.000000 76.000000
-59.000000 51.000000
66
-69.000000 66.000000
-78.000000 -32.000000
81
-77.000000 63.000000
78.000000 61.000000
199
87.000000 34.000000
-50.000000 -6.000000
88
35.000000 64.000000
52.000000 -18.000000
103
89.000000 9.000000
-70.000000 -37.000000
155
25.000000 -10.000000
99.000000 86.000000
240
97.000000 36.000000
-63.000000 -1.000000
198
-70.000000 -48.000000
-92.000000 97.000000
236
-57.000000 -36.000000
70.000000 70.000000
144
-27.000000 -14.000000
-54.000000 -31.000000
210
44.000000 20.000000
-90.000000 -42.000000
78
68.000000 10.000000
-55.000000 -8.000000
99
33.000000 -64.000000
-85.000000 74.000000
137
-84.000000 -47.000000
-51.000000 57.000000
54
-68.000000 -85.000000
83.000000 82.000000
118
55.000000 63.000000
98.000000 52.000000
138
69.000000 14.000000
88.000000 -1.000000
218
-48.000000 85.000000
61.000000 -3.000000
151
-34.000000 35.000000
-60.000000 61.000000
76
-90.000000 -75.000000
85.000000 90.000000
91
50.000000 46.000000
-62.000000 71.000000
209
-21.000000 32.000000
-71.000000 -38.000000
82
-60.000000 43.000000
62.000000 -43.000000
227
23.000000 -4.000000
96.000000 55.000000
231
-96.000000 58.000000
90.000000 -32.000000
87
56.000000 -12.000000
56.000000 71.000000
245
-68.000000 42.000000
-93.000000 -37.000000
135
7.000000 -3.000000
83.000000 -33.000000
210
-66.000000 6.000000
-51.000000 -10.000000
66
-11.000000 -38.000000
-53.000000 -13.000000
234
45.000000 83.000000
-77.000000 57.000000
171
57.000000 18.000000
-96.000000 84.000000
176
65.000000 -92.000000
69.000000 -31.000000
148
-7.000000 41.000000
-71.000000 -3.000000
168
-62.000000 25.000000
-56.000000 64.000000
75
-54.000000 -92.000000
84.000000 -13.000000
156
15.000000 -97.000000
55.000000 -40.000000
124
-91.000000 -67.000000
-51.000000 -14.000000
203
-50.000000 42.000000
-73.000000 86.000000
235
-35.000000 61.000000
-84.000000 -9.000000
165
-3.000000 -11.000000
-78.000000 64.000000
53
-90.000000 -15.000000
71.000000 97.000000
173
-82.000000 -19.000000
94.000000 54.000000
70
-9.000000 49.000000
-70.000000 72.000000
172
76.000000 87.000000
82.000000 -45.000000
178
94.000000 19.000000
78.000000 -29.000000
92
-66.000000 -7.000000
-88.000000 74.000000
200
-62.000000 47.000000
-95.000000 99.000000
207
86.000000 -26.000000
50.000000 96.000000
107
38.000000 -86.000000
-96.000000 -22.000000
139
-81.000000 -74.000000
89.000000 -8.000000
194
85.000000 -93.000000
88.000000 86.000000
209
1.000000 -74.000000
-74.000000 79.000000
52
59.000000 -89.000000
61.000000 -17.000000
199
63.000000 -56.000000
-87.000000 -6.000000
59
-1.000000 -0.000000
62.000000 62.000000
75
-36.000000 37.000000
-99.000000 -37.000000
79
-89.000000 -56.000000
69.000000 -37.000000
187
-84.000000 -92.000000
56.000000 57.000000
84
32.000000 -53.000000
-67.000000 70.000000
219
-12.000000 12.000000
83.000000 -34.000000
185
-3.000000 -76.000000
50.000000 87.000000
216
86.000000 22.000000
90.000000 -49.000000
239
-51.000000 -44.000000
-79.000000 -37.000000
82
6.000000 1.000000
-91.000000 -36.000000
238
-80.000000 -99.000000
-54.000000 51.000000
184
-16.000000 -75.000000
68.000000 -5.000000
80
-37.000000 31.000000
-71.000000 -9.000000
243
73.000000 22.000000
-92.000000 71.000000
156
-17.000000 -73.000000
-75.000000 -28.000000
114
25.000000 -92.000000
64.000000 -9.000000
60
-41.000000 91.000000
-60.000000 -50.000000
234
27.000000 -64.000000
-90.000000 78.000000
147
-36.000000 57.000000
-98.000000 56.000000
137
-93.000000 -17.000000
-68.000000 -12.000000
74
89.000000 -31.000000
95.000000 50.000000
175
-12.000000 70.000000
-55.000000 -27.000000
183
66.000000 -99.000000
82.000000 -37.000000
106
-81.000000 -5.000000
70.000000 -6.000000
71
95.000000 67.000000
-56.000000 82.000000
83
-30.000000 83.000000
85.000000 58.000000
93
-35.000000 51.000000
-90.000000 86.000000
243
57.000000 61.000000
-80.000000 -43.000000
101
-4.000000 -40.000000
58.000000 -9.000000
71
-19.000000 -86.000000
-66.000000 50.000000
84
3.000000 65.000000
65.000000 -35.000000
200
53.000000 37.000000
-95.000000 -30.000000
54
-16.000000 -58.000000
50.000000 -7.000000
116
75.000000 -0.000000
90.000000 -44.000000
195
95.000000 -33.000000
-89.000000 -32.000000
97
44.000000 50.000000
-72.000000 66.000000
147
22.000000 -86.000000
79.000000 -50.000000
71
85.000000 61.000000
53.000000 62.000000
139
-50.000000 -28.000000
71.000000 90.000000
222
-71.000000 -25.000000
-97.000000 57.000000
72
-11.000000 12.000000
-68.000000 -45.000000
151
-1.000000 38.000000
-79.000000 -6.000000
181
-29.000000 -37.000000
-82.000000 70.000000
59
-72.000000 5.000000
-90.000000 -44.000000
172
-36.000000 -80.000000
-85.000000 98.000000
147
-70.000000 -26.000000
88.000000 -6.000000
188
83.000000 89.000000
-73.000000 97.000000
134
76.000000 -90.000000
-50.000000 -1.000000
83
13.000000 3.000000
-72.000000 98.000000
66
24.000000 -38.000000
-61.000000 -12.000000
64
91.000000 89.000000
52.000000 -46.000000
112
-99.000000 -39.000000
88.000000 -26.000000
119
28.000000 60.000000
55.000000 86.000000
166
5.000000 22.000000
-80.000000 -33.000000
125
-94.000000 -43.000000
57.000000 -11.000000
141
17.000000 28.000000
78.000000 -36.000000
206
-70.000000 -56.000000
80.000000 69.000000
166
-61.000000 52.000000
73.000000 -17.000000
102
-16.000000 -90.000000
50.000000 76.000000
182
26.000000 68.000000
96.000000 63.000000
245
-5.000000 47.000000
76.000000 -28.000000
178
-19.000000 -89.000000
-59.000000 66.000000
244
-20.000000 79.000000
90.000000 -32.000000
192
-80.000000 16.000000
69.000000 89.000000
175
-77.000000 -16.000000
66.000000 74.000000
168
-68.000000 -34.000000
51.000000 59.000000
186
32.000000 78.000000
52.000000 82.000000
218
72.000000 -5.000000
59.000000 -15.000000
130
0.000000 61.000000
50.000000 -15.000000
236
11.000000 -20.000000
90.000000 -2.000000
158
6.000000 -18.000000
61.000000 -20.000000
210
93.000000 -68.000000
50.000000 -16.000000
178
44.000000 78.000000
77.000000 88.000000
212
-82.000000 5.000000
-71.000000 -41.000000
235
49.000000 48.000000
-51.000000 77.000000
107
-25.000000 95.000000
70.000000 58.000000
136
35.000000 34.000000
80.000000 -39.000000
84
-32.000000 -38.000000
-75.000000 97.000000
119
47.000000 -97.000000
-80.000000 -44.000000
87
13.000000 -26.000000
-97.000000 -11.000000
180
-56.000000 23.000000
-91.000000 -42.000000
156
-64.000000 82.000000
50.000000 -42.000000
183
66.000000 79.000000
-80.000000 70.000000
61
99.000000 51.000000
-90.000000 -43.000000
227
12.000000 48.000000
70.000000 -6.000000
181
95.000000 45.000000
97.000000 80.000000
160
97.000000 69.000000
81.000000 82.000000
191
-60.000000 52.000000
-92.000000 -46.000000
165
13.000000 -67.000000
-93.000000 79.000000
96
46.000000 33.000000
95.000000 -21.000000
109
-75.000000 -77.000000
-81.000000 -2.000000
86
97.000000 -4.000000
87.000000 88.000000
59
-21.000000 3.000000
-98.000000 -33.000000
109
73.000000 -25.000000
-61.000000 88.000000
166
96.000000 -44.000000
-79.000000 -3.000000
108
-96.000000 -62.000000
94.000000 62.000000
148
-63.000000 74.000000
-60.000000 87.000000
113
-74.000000 28.000000
-91.000000 -18.000000
119
40.000000 10.000000
65.000000 -42.000000
112
-76.000000 45.000000
-57.000000 52.000000
175
0.000000 -81.000000
-73.000000 78.000000
122
-87.000000 92.000000
-54.000000 78.000000
244
-28.000000 3.000000
-91.000000 -39.000000
209
1.000000 79.000000
58.000000 97.000000
182
-57.000000 -98.000000
-60.000000 -37.000000
106
-5.000000 -46.000000
69.000000 -16.000000
132
89.000000 -76.000000
-91.000000 -27.000000
53
99.000000 93.000000
-85.000000 90.000000
231
-58.000000 63.000000
-78.000000 -30.000000
226
-28.000000 -99.000000
-75.000000 -39.000000
248
-80.000000 30.000000
84.000000 88.000000
112
74.000000 -2.000000
-94.000000 66.000000
70
34.000000 -88.000000
96.000000 -34.000000
230
84.000000 -69.000000
-50.000000 59.000000
68
34.000000 -22.000000
60.000000 82.000000
54
-42.000000 10.000000
65.000000 -48.000000
178
30.000000 34.000000
50.000000 -14.000000
68
-63.000000 31.000000
84.000000 -24.000000
175
45.000000 -22.000000
72.000000 -15.000000
64
84.000000 -84.000000
92.000000 -31.000000
237
-91.000000 1.000000
-83.000000 -29.000000
75
-87.000000 -76.000000
-98.000000 81.000000
98
-66.000000 57.000000
56.000000 68.000000
221
59.000000 7.000000
87.000000 75.000000
221
-94.000000 -36.000000
50.000000 -43.000000
84
-46.000000 13.000000
-81.000000 70.000000
148
-30.000000 -33.000000
68.000000 60.000000
181
77.000000 -70.000000
88.000000 -19.000000
118
31.000000 -42.000000
-72.000000 -42.000000
63
59.000000 4.000000
-82.000000 90.000000
71
-27.000000 -88.000000
97.000000 -10.000000
104
99.000000 8.000000
-61.000000 64.000000
204
77.000000 -55.000000
79.000000 -30.000000
125
-76.000000 -40.000000
-90.000000 97.000000
236
20.000000 15.000000
73.000000 76.000000
209
-52.000000 17.000000
-50.000000 -27.000000
89
-66.000000 -35.000000
89.000000 -35.000000
74
-43.000000 85.000000
93.000000 -12.000000
237
-92.000000 -38.000000
-99.000000 52.000000
233
26.000000 -68.000000
-76.000000 -38.000000
118
-96.000000 -51.000000
69.000000 -48.000000
107
67.000000 -30.000000
62.000000 61.000000
104
-81.000000 -22.000000
83.000000 80.000000
72
-0.000000 37.000000
52.000000 -29.000000
121
49.000000 -23.000000
99.000000 -50.000000
184
-95.000000 53.000000
-88.000000 56.000000
88
80.000000 48.000000
-70.000000 83.000000
121
-70.000000 -87.000000
60.000000 -32.000000
141
61.000000 -83.000000
-63.000000 -48.000000
53
66.000000 -21.000000
-90.000000 -1.000000
198
37.000000 41.000000
84.000000 81.000000
200
-0.000000 -26.000000
81.000000 -14.000000
153
16.000000 -28.000000
-98.000000 -9.000000
168
42.000000 -63.000000
-51.000000 88.000000
115
10.000000 -86.000000
-89.000000 -35.000000
249
6.000000 90.000000
62.000000 -6.000000
220
23.000000 -32.000000
94.000000 -8.000000
209
62.000000 28.000000
56.000000 94.000000
217
52.000000 -71.000000
78.000000 64.000000
115
93.000000 6.000000
-52.000000 58.000000
65
21.000000 -73.000000
97.000000 -12.000000
225
10.000000 99.000000
-73.000000 -35.000000
249
11.000000 91.000000
52.000000 72.000000
146
-9.000000 74.000000
61.000000 -23.000000
155
41.000000 -92.000000
80.000000 -42.000000
150
-37.000000 -63.000000
-76.000000 -7.000000
177
-80.000000 -64.000000
-72.000000 80.000000
112
72.000000 89.000000
-87.000000 -23.000000
139
67.000000 -72.000000
-62.000000 -8.000000
64
-15.000000 65.000000
-75.000000 -2.000000
51
-72.000000 9.000000
95.000000 -25.000000
184
-33.000000 -28.000000
89.000000 82.000000
104
62.000000 10.000000
-91.000000 86.000000
96
-58.000000 62.000000
-90.000000 69.000000
69
-41.000000 47.000000
66.000000 -31.000000
235
43.000000 -28.000000
-96.000000 89.000000
52
-85.000000 -92.000000
-99.000000 -31.000000
64
7.000000 -45.000000
-58.000000 76.000000
219
59.000000 -61.000000
-91.000000 -41.000000
130
-46.000000 57.000000
-96.000000 -16.000000
224
61.000000 93.000000
65.000000 71.000000
168
29.000000 15.000000
-94.000000 59.000000
217
-63.000000 35.000000
-63.000000 -42.000000
137
-15.000000 68.000000
-56.000000 -39.000000
115
-3.000000 -49.000000
-97.000000 -46.000000
210
-67.000000 -7.000000
-90.000000 -28.000000
227
47.000000 -45.000000
99.000000 -25.000000
130
52.000000 -43.000000
-63.000000 -24.000000
195
36.000000 66.000000
-95.000000 -48.000000
195
87.000000 -64.000000
91.000000 68.000000
219
92.000000 10.000000
-94.000000 -3.000000
197
-42.000000 85.000000
67.000000 -12.000000
141
22.000000 -91.000000
-75.000000 -23.000000
63
-67.000000 69.000000
-83.000000 -30.000000
120
-79.000000 -54.000000
95.000000 -7.000000
239
-5.000000 -34.000000
-99.000000 88.000000
146
-67.000000 94.000000
-77.000000 72.000000
100
-15.000000 0.000000
-50.000000 -46.000000
118
-44.000000 2.000000
51.000000 -11.000000
80
-57.000000 71.000000
87.000000 -38.000000
133
-50.000000 -67.000000
85.000000 51.000000
154
61.000000 -60.000000
74.000000 79.000000
59
-25.000000 -67.000000
56.000000 -3.000000
58
-82.000000 -18.000000
54.000000 -28.000000
134
-9.000000 -56.000000
-74.000000 91.000000
215
-89.000000 -92.000000
79.000000 -36.000000
162
28.000000 24.000000
66.000000 90.000000
208
2.000000 1.000000
-99.000000 -42.000000
226
97.000000 35.000000
91.000000 88.000000
109
73.000000 -56.000000
99.000000 -1.000000
238
-36.000000 85.000000
96.000000 54.000000
198
70.000000 -29.000000
55.000000 80.000000
208
-0.000000 -50.000000
84.000000 -18.000000
125
-9.000000 -31.000000
57.000000 -12.000000
217
11.000000 47.000000
-68.000000 59.000000
186
70.000000 -36.000000
97.000000 75.000000
228
-82.000000 24.000000
-58.000000 51.000000
124
-56.000000 22.000000
53.000000 78.000000
96
65.000000 11.000000
70.000000 82.000000
215
51.000000 -16.000000
-79.000000 -48.000000
125
-98.000000 65.000000
-98.000000 84.000000
156
84.000000 84.000000
98.000000 92.000000
162
43.000000 88.000000
-57.000000 83.000000
224
28.000000 81.000000
-54.000000 75.000000
76
-3.000000 -34.000000
77.000000 51.000000
78
22.000000 58.000000
65.000000 74.000000
221
3.000000 38.000000
-92.000000 -29.000000
91
58.000000 -34.000000
66.000000 -31.000000
178
12.000000 2.000000
56.000000 98.000000
223
55.000000 46.000000
71.000000 -26.000000
218
-97.000000 -36.000000
87.000000 67.000000
52
-16.000000 14.000000
57.000000 52.000000
156
-79.000000 56.000000
86.000000 -10.000000
191
81.000000 -84.000000
-50.000000 70.000000
232
14.000000 -34.000000
55.000000 99.000000
166
52.000000 13.000000
-51.000000 60.000000
236
-47.000000 -68.000000
92.000000 63.000000
200
-98.000000 57.000000
-55.000000 -48.000000
184
-79.000000 19.000000
-87.000000 -39.000000
93
-84.000000 83.000000
-68.000000 -46.000000
177
-93.000000 49.000000
97.000000 -31.000000
65
-6.000000 -82.000000
-50.000000 84.000000
66
49.000000 83.000000
62.000000 91.000000
92
12.000000 -75.000000
-97.000000 82.000000
143
53.000000 -60.000000
84.000000 63.000000
156
-77.000000 89.000000
-54.000000 -31.000000
78
-42.000000 -92.000000
-99.000000 -15.000000
207
89.000000 -23.000000
-71.000000 51.000000
135
-70.000000 43.000000
78.000000 55.000000
176
-23.000000 13.000000
85.000000 -39.000000
68
59.000000 -61.000000
59.000000 72.000000
52
-83.000000 -81.000000
-89.000000 -46.000000
154
-66.000000 -47.000000
-97.000000 -2.000000
194
44.000000 32.000000
61.000000 -9.000000
115
7.000000 -62.000000
99.000000 55.000000
174
-31.000000 -51.000000
72.000000 62.000000
116
-9.000000 -57.000000
-95.000000 -33.000000
233
-45.000000 88.000000
64.000000 94.000000
175
51.000000 34.000000
91.000000 63.000000
79
-17.000000 9.000000
86.000000 99.000000
173
94.000000 -75.000000
55.000000 89.000000
171
-83.000000 26.000000
55.000000 -6.000000
60
31.000000 -21.000000
-71.000000 -44.000000
127
29.000000 -77.000000
-94.000000 -3.000000
170
67.000000 -21.000000
77.000000 -9.000000
172
-76.000000 -75.000000
-66.000000 73.000000
130
-64.000000 -42.000000
-50.000000 -22.000000
132
40.000000 -31.000000
69.000000 -50.000000
98
42.000000 96.000000
99.000000 99.000000
69
-48.000000 -23.000000
71.000000 -5.000000
130
-11.000000 7.000000
81.000000 98.000000
189
35.000000 -38.000000
79.000000 -31.000000
108
45.000000 -25.000000
-94.000000 64.000000
195
61.000000 -94.000000
-87.000000 -50.000000
179
81.000000 -25.000000
54.000000 61.000000
226
18.000000 -13.000000
71.000000 -44.000000
77
98.000000 69.000000
77.000000 -8.000000
93
35.000000 -8.000000
-71.000000 83.000000
121
21.000000 -28.000000
-74.000000 71.000000
158
12.000000 37.000000
-62.000000 -13.000000
53
-24.000000 56.000000
84.000000 -8.000000
214
16.000000 94.000000
89.000000 -16.000000
242
89.000000 92.000000
-63.000000 -47.000000
96
-51.000000 -74.000000
-53.000000 -13.000000
230
-62.000000 -35.000000
65.000000 68.000000
204
-44.000000 -39.000000
71.000000 69.000000
215
-82.000000 -80.000000
78.000000 61.000000
203
92.000000 66.000000
60.000000 83.000000
88
-24.000000 29.000000
80.000000 -11.000000
121
93.000000 -92.000000
-92.000000 74.000000
91
83.000000 -58.000000
-58.000000 -1.000000
64
49.000000 26.000000
90.000000 -11.000000
238
-60.000000 42.000000
-58.000000 99.000000
182
-85.000000 -38.000000
64.000000 60.000000
120
69.000000 98.000000
-63.000000 -41.000000
220
47.000000 12.000000
-65.000000 -42.000000
102
-11.000000 -71.000000
90.000000 -29.000000
123
99.000000 60.000000
-52.000000 -34.000000
144
20.000000 33.000000
-51.000000 61.000000
196
-71.000000 54.000000
72.000000 51.000000
77
31.000000 37.000000
-61.000000 -43.000000
68
-51.000000 -95.000000
-61.000000 -23.000000
210
-76.000000 99.000000
-70.000000 90.000000
58
-14.000000 26.000000
86.000000 -39.000000
218
57.000000 -38.000000
61.000000 -16.000000
80
-61.000000 -60.000000
99.000000 -9.000000
237
-39.000000 -5.000000
-80.000000 -13.000000
126
-2.000000 -41.000000
-68.000000 69.000000
78
-56.000000 21.000000
64.000000 99.000000
89
-29.000000 -11.000000
88.000000 78.000000
80
-25.000000 3.000000
86.000000 65.000000
176
55.000000 80.000000
-67.000000 66.000000
95
19.000000 15.000000
87.000000 97.000000
172
68.000000 80.000000
-87.000000 91.000000
111
-37.000000 -95.000000
-79.000000 91.000000
50
19.000000 73.000000
-89.000000 -15.000000
153
-1.000000 -83.000000
-76.000000 63.000000
183
8.000000 20.000000
-71.000000 -41.000000
112
-64.000000 55.000000
-77.000000 87.000000
70
-15.000000 82.000000
89.000000 83.000000
111
38.000000 29.000000
-73.000000 89.000000
116
-51.000000 44.000000
-73.000000 -48.000000
102
-61.000000 57.000000
95.000000 -31.000000
94
-34.000000 -95.000000
-97.000000 -26.000000
194
67.000000 54.000000
-71.000000 -40.000000
65
25.000000 36.000000
-99.000000 -48.000000
78
85.000000 60.000000
-90.000000 76.000000
107
-0.000000 93.000000
56.000000 86.000000
74
-94.000000 -70.000000
-62.000000 67.000000
90
24.000000 24.000000
91.000000 68.000000
230
-65.000000 -74.000000
83.000000 60.000000
238
-47.000000 97.000000
69.000000 78.000000
96
51.000000 58.000000
-72.000000 56.000000
130
-55.000000 79.000000
-79.000000 80.000000
184
-34.000000 79.000000
-66.000000 -5.000000
223
-41.000000 95.000000
-94.000000 98.000000
132
-45.000000 -6.000000
94.000000 52.000000
182
98.000000 -18.000000
-89.000000 76.000000
94
-67.000000 82.000000
99.000000 -39.000000
108
-9.000000 25.000000
55.000000 57.000000
137
-3.000000 59.000000
93.000000 58.000000
226
23.000000 -40.000000
-53.000000 -15.000000
248
52.000000 12.000000
79.000000 -31.000000
162
-8.000000 -14.000000
54.000000 94.000000
60
22.000000 -4.000000
-55.000000 73.000000
61
-4.000000 93.000000
-98.000000 77.000000
119
-48.000000 -3.000000
75.000000 -5.000000
80
-20.000000 77.000000
61.000000 -42.000000
181
-42.000000 -87.000000
57.000000 -8.000000
234
-85.000000 6.000000
75.000000 87.000000
63
-61.000000 -11.000000
-63.000000 -44.000000
227
-69.000000 68.000000
-92.000000 -4.000000
159
-97.000000 51.000000
72.000000 -38.000000
170
26.000000 -91.000000
-70.000000 -22.000000
215
-10.000000 87.000000
84.000000 -45.000000
117
-16.000000 3.000000
60.000000 51.000000
237
77.000000 -44.000000
93.000000 56.000000
125
96.000000 50.000000
-78.000000 -28.000000
188
96.000000 -47.000000
82.000000 -21.000000
50
91.000000 55.000000
-71.000000 50.000000
214
26.000000 17.000000
89.000000 -36.000000
85
24.000000 -72.000000
-60.000000 -40.000000
80
74.000000 -59.000000
55.000000 -34.000000
233
-2.000000 -61.000000
-55.000000 51.000000
83
-17.000000 18.000000
79.000000 58.000000
141
-20.000000 -81.000000
86.000000 -6.000000
100
10.000000 -19.000000
-57.000000 74.000000
245
40.000000 -73.000000
-76.000000 -25.000000
83
-6.000000 56.000000
-69.000000 -7.000000
85
-94.000000 -51.000000
63.000000 -36.000000
232
85.000000 -57.000000
-95.000000 99.000000
72
-5.000000 -20.000000
-61.000000 -8.000000
213
72.000000 -52.000000
-84.000000 -36.000000
183
-1.000000 41.000000
63.000000 -10.000000
76
-35.000000 -57.000000
-86.000000 -37.000000
165
-56.000000 54.000000
-91.000000 -13.000000
183
-50.000000 -8.000000
94.000000 -44.000000
75
-71.000000 -21.000000
87.000000 -46.000000
128
-99.000000 60.000000
-81.000000 76.000000
219
98.000000 1.000000
-89.000000 -2.000000
67
-1.000000 72.000000
-70.000000 59.000000
151
39.000000 35.000000
-65.000000 -42.000000
140
87.000000 97.000000
66.000000 69.000000
126
-68.000000 -77.000000
98.000000 69.000000
215
24.000000 95.000000
87.000000 76.000000
230
65.000000 -0.000000
-78.000000 57.000000
153
11.000000 56.000000
52.000000 71.000000
227
47.000000 -58.000000
50.000000 62.000000
214
-8.000000 -23.000000
71.000000 -49.000000
126
2.000000 55.000000
70.000000 80.000000
217
86.000000 -78.000000
-53.000000 -23.000000
117
-29.000000 41.000000
67.000000 77.000000
81
-75.000000 -35.000000
-65.000000 -40.000000
129
-94.000000 -61.000000
-67.000000 -31.000000
140
-44.000000 -20.000000
68.000000 76.000000
225
-59.000000 -50.000000
59.000000 -12.000000
127
48.000000 -58.000000
84.000000 -21.000000
59
-36.000000 -97.000000
83.000000 -1.000000
198
34.000000 81.000000
-68.000000 -42.000000
226
78.000000 85.000000
-61.000000 -41.000000
176
-88.000000 -0.000000
-50.000000 -20.000000
68
-58.000000 -21.000000
-53.000000 86.000000
74
-16.000000 -41.000000
97.000000 98.000000
225
-24.000000 -44.000000
-61.000000 -24.000000
185
-57.000000 -81.000000
62.000000 61.000000
246
-91.000000 28.000000
73.000000 77.000000
56
-69.000000 -41.000000
95.000000 89.000000
122
60.000000 51.000000
95.000000 -41.000000
62
93.000000 57.000000
97.000000 -45.000000
160
8.000000 -56.000000
-83.000000 -20.000000
244
59.000000 -78.000000
62.000000 -2.000000
198
12.000000 64.000000
-71.000000 -7.000000
244
58.000000 -2.000000
-70.000000 -45.000000
227
29.000000 -25.000000
-81.000000 83.000000
176
16.000000 70.000000
80.000000 64.000000
96
-47.000000 69.000000
-73.000000 68.000000
203
75.000000 -72.000000
-81.000000 83.000000
113
-48.000000 9.000000
53.000000 56.000000
214
57.000000 6.000000
-51.000000 -22.000000
193
-28.000000 -2.000000
-82.000000 91.000000
67
-72.000000 62.000000
78.000000 83.000000
216
-92.000000 26.000000
50.000000 82.000000
176
72.000000 -23.000000
-97.000000 -9.000000
184
28.000000 -33.000000
-76.000000 98.000000
240
10.000000 -36.000000
-94.000000 84.000000
118
-6.000000 -94.000000
95.000000 52.000000
189
90.000000 -88.000000
54.000000 52.000000
174
-49.000000 59.000000
61.000000 -32.000000
89
68.000000 50.000000
77.000000 -39.000000
147
19.000000 -25.000000
-59.000000 -27.000000
193
-0.000000 35.000000
58.000000 65.000000
151
21.000000 -65.000000
74.000000 77.000000
103
39.000000 -21.000000
90.000000 52.000000
247
46.000000 -31.000000
-76.000000 64.000000
67
33.000000 9.000000
85.000000 -49.000000
192
42.000000 75.000000
67.000000 -44.000000
71
92.000000 93.000000
89.000000 -49.000000
188
-61.000000 91.000000
-94.000000 -33.000000
197
57.000000 -7.000000
-92.000000 -10.000000
249
-26.000000 12.000000
79.000000 84.000000
148
-28.000000 -3.000000
54.000000 57.000000
104
-33.000000 52.000000
58.000000 70.000000
93
-14.000000 51.000000
79.000000 78.000000
238
-15.000000 -27.000000
-53.000000 50.000000
239
57.000000 90.000000
-79.000000 50.000000
140
-62.000000 -30.000000
-87.000000 64.000000
109
77.000000 91.000000
-97.000000 76.000000
225
-18.000000 -29.000000
-76.000000 51.000000
120
23.000000 48.000000
-52.000000 56.000000
103
72.000000 83.000000
71.000000 -40.000000
151
54.000000 -95.000000
-93.000000 -28.000000
116
11.000000 61.000000
-57.000000 70.000000
144
-76.000000 -96.000000
73.000000 98.000000
154
-48.000000 -46.000000
-54.000000 -37.000000
66
59.000000 19.000000
51.000000 -6.000000
102
63.000000 -39.000000
62.000000 85.000000
227
-21.000000 6.000000
63.000000 -44.000000
102
-89.000000 55.000000
-82.000000 83.000000
118
96.000000 -14.000000
81.000000 -36.000000
121
7.000000 59.000000
60.000000 -29.000000
176
-34.000000 -99.000000
-94.000000 54.000000
131
53.000000 68.000000
84.000000 78.000000
192
-45.000000 -20.000000
-50.000000 -12.000000
82
18.000000 -20.000000
-82.000000 88.000000
74
-4.000000 -80.000000
66.000000 58.000000
144
-92.000000 -44.000000
84.000000 -49.000000
59
88.000000 93.000000
96.000000 -34.000000
67
-60.000000 64.000000
93.000000 78.000000
58
-4.000000 11.000000
99.000000 -45.000000
184
-78.000000 72.000000
-70.000000 -29.000000
141
-56.000000 99.000000
-77.000000 62.000000
235
-79.000000 29.000000
94.000000 -41.000000
94
40.000000 -27.000000
-94.000000 91.000000
192
-93.000000 -69.000000
-69.000000 -4.000000
204
59.000000 -77.000000
93.000000 74.000000
117
-38.000000 85.000000
-72.000000 -13.000000
99
74.000000 90.000000
78.000000 -33.000000
169
-35.000000 -19.000000
-85.000000 79.000000
204
18.000000 -43.000000
-52.000000 74.000000
68
-21.000000 -10.000000
85.000000 -32.000000
89
-21.000000 58.000000
-64.000000 -48.000000
56
-49.000000 44.000000
69.000000 59.000000
114
72.000000 50.000000
-93.000000 -14.000000
219
74.000000 15.000000
77.000000 94.000000
108
86.000000 52.000000
60.000000 87.000000
212
-36.000000 -2.000000
-91.000000 57.000000
101
50.000000 -92.000000
88.000000 -12.000000
231
-57.000000 -44.000000
91.000000 76.000000
237
-75.000000 43.000000
95.000000 51.000000
242
-71.000000 -60.000000
-63.000000 55.000000
82
78.000000 -0.000000
-93.000000 52.000000
76
14.000000 93.000000
-57.000000 -7.000000
164
36.000000 92.000000
-57.000000 -44.000000
104
26.000000 -4.000000
-67.000000 -13.000000
87
-44.000000 -19.000000
-61.000000 58.000000
238
89.000000 74.000000
76.000000 -8.000000
196
67.000000 25.000000
58.000000 92.000000
140
-11.000000 -43.000000
-77.000000 70.000000
89
30.000000 -22.000000
51.000000 53.000000
225
53.000000 38.000000
54.000000 -2.000000
135
20.000000 6.000000
62.000000 -15.000000
144
-11.000000 40.000000
61.000000 68.000000
98
-44.000000 -94.000000
74.000000 71.000000
164
-96.000000 18.000000
-77.000000 72.000000
74
-92.000000 -49.000000
-58.000000 75.000000
56
-36.000000 51.000000
-95.000000 -36.000000
143
1.000000 11.000000
-74.000000 -18.000000
89
-10.000000 -15.000000
-83.000000 -32.000000
223
80.000000 -22.000000
-69.000000 74.000000
117
-54.000000 90.000000
86.000000 84.000000
50
-40.000000 53.000000
55.000000 -45.000000
77
90.000000 1.000000
58.000000 -46.000000
138
-15.000000 -58.000000
-82.000000 96.000000
74
-88.000000 0.000000
93.000000 69.000000
86
-32.000000 52.000000
-71.000000 73.000000
216
53.000000 -84.000000
-90.000000 67.000000
156
36.000000 -30.000000
94.000000 81.000000
75
90.000000 -24.000000
95.000000 81.000000
185
86.000000 -9.000000
81.000000 -32.000000
212
59.000000 41.000000
86.000000 64.000000
120
-4.000000 42.000000
-59.000000 91.000000
65
78.000000 71.000000
92.000000 -42.000000
131
74.000000 -87.000000
61.000000 60.000000
75
97.000000 2.000000
80.000000 90.000000
205
10.000000 -64.000000
-62.000000 -9.000000
119
-7.000000 23.000000
-83.000000 81.000000
88
51.000000 -93.000000
-68.000000 -49.000000
192
-0.000000 -84.000000
99.000000 -26.000000
212
-12.000000 60.000000
88.000000 93.000000
189
-27.000000 -66.000000
-58.000000 79.000000
177
-54.000000 -59.000000
53.000000 -47.000000
187
-45.000000 25.000000
51.000000 -44.000000
211
-11.000000 9.000000
78.000000 -5.000000
78
-77.000000 4.000000
-89.000000 -29.000000
102
97.000000 2.000000
-87.000000 -47.000000
151
89.000000 53.000000
-77.000000 56.000000
215
69.000000 -26.000000
84.000000 -9.000000
202
-77.000000 -31.000000
-82.000000 67.000000
109
-54.000000 -27.000000
68.000000 -48.000000
207
-66.000000 -88.000000
74.000000 -28.000000
94
68.000000 7.000000
-89.000000 -7.000000
102
-12.000000 -97.000000
63.000000 -9.000000
113
-31.000000 64.000000
87.000000 81.000000
50
27.000000 -90.000000
54.000000 -30.000000
85
16.000000 39.000000
56.000000 -29.000000
172
44.000000 17.000000
65.000000 -40.000000
168
56.000000 -43.000000
73.000000 -36.000000
192
-26.000000 -64.000000
65.000000 96.000000
74
-4.000000 97.000000
-66.000000 65.000000
63
-47.000000 1.000000
75.000000 58.000000
186
-87.000000 -97.000000
-67.000000 91.000000
142
85.000000 70.000000
-50.000000 -41.000000
197
96.000000 -3.000000
-63.000000 -50.000000
119
73.000000 83.000000
59.000000 95.000000
145
-38.000000 7.000000
86.000000 -24.000000
58
-91.000000 18.000000
-63.000000 73.000000
240
-61.000000 74.000000
70.000000 90.000000
57
94.000000 -72.000000
-58.000000 80.000000
226
48.000000 7.000000
-61.000000 90.000000
194
85.000000 50.000000
54.000000 97.000000
84
-46.000000 -14.000000
-67.000000 -13.000000
