6.6743e-11 1000 1000
225
71 1
62 76
123
86 32
83 86
101
76 32
84 51
136
55 5
70 73
83
66 25
73 56
241
69 55
99 79
218
1 6
84 89
213
16 64
51 51
52
83 52
54 78
69
59 16
89 74
179
16 59
66 98
191
71 39
71 60
121
29 30
69 72
64
34 87
88 80
87
41 32
62 70
145
78 39
65 56
219
24 88
86 85
90
27 26
88 62
148
18 35
57 78
90
46 42
74 76
84
9 63
85 75
121
26 22
81 50
141
21 19
57 67
207
83 8
72 84
174
7 35
65 92
116
9 34
60 62
83
75 98
76 94
112
0 66
66 90
231
87 83
51 52
194
11 11
98 80
233
35 4
98 92
100
33 60
74 59
95
22 44
89 73
98
5 35
78 99
223
11 82
87 62
112
0 57
87 73
198
41 8
52 83
189
14 85
94 74
88
41 70
95 61
130
82 61
62 87
60
97 62
74 72
184
83 36
62 84
170
22 35
70 63
175
56 5
79 89
150
51 30
91 93
148
4 73
62 81
217
24 91
65 66
201
2 2
86 84
66
23 7
72 88
144
77 15
57 52
109
37 54
98 62
230
21 61
94 84
134
85 3
69 60
153
21 11
98 57
60
5 73
61 85
79
79 79
83 57
236
88 18
82 73
186
45 3
89 57
89
43 93
56 77
64
17 80
87 86
65
62 98
83 72
123
15 2
61 54
98
31 90
63 88
65
68 24
84 61
58
27 0
77 53
83
9 17
55 53
248
55 70
95 60
89
49 86
90 56
112
81 6
95 93
96
19 60
71 67
203
74 75
80 83
53
47 18
71 63
103
44 11
72 58
89
58 99
57 88
98
16 50
95 81
161
55 80
97 82
79
74 88
71 53
154
39 6
71 51
63
35 56
67 57
209
68 48
86 67
76
38 17
51 92
235
31 5
87 90
128
27 69
74 52
98
83 8
59 90
204
68 5
64 91
235
62 0
69 55
100
87 31
75 88
140
82 73
65 71
72
87 51
55 99
161
63 50
92 96
224
99 53
94 92
163
95 79
85 77
114
68 77
67 53
96
42 93
66 78
57
17 2
52 96
74
54 10
56 89
146
9 14
58 95
154
88 60
87 51
175
16 15
69 95
183
64 91
72 75
181
74 34
83 50
228
43 25
64 84
101
30 80
77 61
189
39 17
68 77
176
35 4
99 92
56
41 27
54 71
115
41 54
54 91
124
31 22
56 69
146
39 20
83 76
116
50 17
96 58
220
0 36
81 58
100
58 64
87 93
63
41 60
51 56
98
73 80
99 79
230
21 27
56 71
205
23 89
97 57
170
84 80
88 70
165
54 22
67 73
92
77 38
94 85
231
76 35
65 56
127
94 86
57 51
50
99 6
65 74
96
95 44
66 80
83
91 97
73 88
58
61 82
69 88
208
5 19
75 86
70
64 16
67 66
223
25 67
93 72
90
87 19
51 86
205
99 69
59 96
172
43 55
95 85
63
64 45
84 68
139
0 90
56 55
217
75 79
53 92
168
22 84
70 57
126
42 13
61 75
153
18 49
86 97
213
82 60
78 77
216
20 69
74 68
126
5 85
79 54
59
13 22
80 83
136
45 59
86 78
106
35 31
78 75
222
90 38
68 56
118
39 24
92 90
63
27 69
73 71
58
95 80
63 73
77
75 59
89 72
211
71 29
56 99
151
46 73
79 92
214
3 12
53 53
195
74 69
92 74
197
72 84
57 94
237
69 22
96 64
58
75 76
77 81
233
50 33
75 80
231
37 46
52 84
192
23 81
57 66
65
93 15
60 89
52
84 78
93 71
180
21 32
63 58
148
96 41
73 98
223
70 81
65 63
74
98 57
74 97
57
89 14
55 50
101
83 2
76 85
178
58 66
74 99
223
65 99
99 72
91
80 95
60 63
147
68 87
86 95
192
52 54
54 83
207
9 35
70 92
185
88 21
72 95
62
22 18
92 80
71
88 71
84 54
148
73 51
99 68
209
53 60
96 61
210
83 68
60 71
103
33 56
53 94
206
23 6
88 80
166
11 3
57 56
95
61 6
75 70
210
37 29
92 65
83
12 77
98 66
175
6 22
66 58
109
74 66
96 85
213
0 51
57 76
59
65 72
94 70
140
24 30
98 78
218
25 13
82 81
126
56 58
66 82
74
35 42
79 98
81
80 13
90 83
89
64 93
63 54
108
46 47
77 84
96
92 3
86 71
224
94 47
82 80
112
76 54
55 97
155
70 81
64 85
160
9 76
82 76
223
79 37
71 71
208
26 17
90 51
212
40 77
58 58
72
14 71
68 50
221
49 55
92 92
216
68 4
83 75
50
20 48
71 82
193
40 42
93 70
183
71 84
93 73
81
16 47
97 97
234
4 21
63 86
246
19 52
77 64
152
28 16
50 72
249
43 66
88 92
138
72 25
50 61
167
49 94
94 83
148
65 70
58 52
178
60 98
64 99
89
30 2
74 67
133
42 19
61 78
80
88 66
80 55
188
24 72
58 87
218
80 37
89 85
238
37 65
65 98
201
67 87
57 83
141
78 16
94 84
239
13 16
71 79
193
96 67
56 67
104
43 88
73 84
84
39 74
72 71
154
61 74
59 73
70
76 14
50 98
172
17 39
68 87
190
87 30
50 86
143
90 42
78 88
213
2 22
95 54
126
19 10
83 90
181
0 10
59 57
102
0 81
69 71
219
51 62
98 56
51
93 2
92 91
171
17 7
63 74
212
24 52
92 84
59
5 65
74 59
216
5 14
85 66
176
97 87
94 78
198
98 31
73 91
242
82 14
90 59
145
43 24
58 71
187
75 33
94 92
249
8 8
75 56
94
62 35
63 93
208
44 41
84 58
169
1 53
62 51
141
86 49
70 86
246
53 24
66 71
98
27 22
81 58
152
66 52
96 66
81
39 27
85 75
224
88 47
98 75
53
49 18
55 91
172
81 90
63 77
149
36 27
86 76
169
88 80
97 85
236
24 16
93 76
161
90 52
79 52
141
97 55
98 90
104
38 14
92 85
154
69 35
61 92
155
94 11
96 96
241
64 32
58 67
57
10 30
82 50
191
89 93
85 89
240
0 93
81 78
92
68 32
74 63
231
87 21
67 75
185
99 66
85 99
60
16 59
61 72
248
54 14
55 90
189
50 30
60 91
81
95 85
99 51
221
70 33
58 59
139
75 94
96 88
62
5 50
75 78
216
89 79
69 72
196
1 63
55 96
161
92 80
81 58
91
64 30
91 63
123
35 52
93 50
231
95 12
91 88
120
20 56
78 59
141
44 57
54 92
201
34 55
64 93
67
96 85
50 82
187
5 7
57 74
248
19 6
96 93
62
5 64
75 84
135
33 27
71 79
89
27 80
74 75
243
61 42
76 89
163
83 26
50 68
92
8 16
62 64
107
26 26
63 62
103
90 47
79 88
112
9 77
54 91
235
49 86
75 98
175
53 12
80 61
105
47 3
67 64
59
96 73
85 87
161
34 92
81 53
213
60 67
58 75
217
94 62
61 66
71
73 41
54 74
53
58 30
96 52
77
19 63
50 75
56
95 86
90 92
128
7 8
83 88
118
95 57
73 64
106
67 36
62 81
71
44 85
89 81
92
3 11
88 61
55
25 19
62 50
167
72 78
69 76
155
26 96
61 52
50
99 61
92 69
111
79 40
74 58
69
35 0
64 72
123
33 27
80 50
247
58 19
98 69
77
44 26
81 56
57
92 6
77 56
184
69 20
78 66
243
30 85
59 80
194
38 6
58 80
168
28 27
99 77
178
27 56
62 72
108
20 32
88 50
247
10 37
55 67
90
40 12
93 71
101
51 15
95 89
109
25 60
87 89
76
45 67
92 53
110
24 64
66 80
64
3 30
99 75
108
61 17
88 50
156
56 53
93 57
51
55 69
58 78
242
76 4
60 89
170
74 49
82 94
90
64 58
85 96
63
53 6
59 76
143
62 85
94 99
107
63 3
83 62
122
90 56
96 50
50
47 20
66 76
79
26 18
66 93
112
25 58
85 67
84
22 12
64 98
166
69 6
70 82
152
79 56
56 92
175
28 44
72 74
246
41 54
99 72
209
58 36
55 84
245
68 18
67 67
232
25 85
67 51
97
73 5
98 76
131
94 3
78 59
67
82 5
80 60
83
16 69
54 91
222
24 86
55 92
93
41 26
79 70
108
34 68
96 82
134
50 65
75 79
128
32 96
58 62
214
27 45
89 81
83
75 5
99 60
233
75 5
76 74
106
46 82
66 90
242
32 27
58 92
109
54 72
86 93
214
34 8
91 91
173
98 77
89 50
197
44 33
57 74
120
92 82
74 68
60
51 13
55 94
59
80 53
99 65
166
9 79
73 50
200
0 25
76 50
89
9 47
73 83
117
55 6
76 61
229
39 21
66 83
97
21 92
60 79
220
39 95
98 81
112
75 81
81 64
201
80 5
91 63
55
99 32
93 60
75
16 92
75 65
182
19 64
93 56
129
90 28
60 69
190
93 33
98 66
125
53 67
80 57
144
12 13
75 93
157
69 71
88 74
94
52 8
66 64
145
95 95
64 85
157
0 78
94 50
198
13 27
87 53
196
0 0
95 60
127
16 18
94 97
54
54 43
59 56
71
55 3
91 68
71
19 75
77 71
163
7 21
77 78
144
27 24
85 96
74
5 23
72 91
201
66 97
56 55
75
9 26
94 80
152
21 54
75 71
199
49 86
65 56
226
41 50
98 55
178
71 31
74 83
244
22 84
92 62
130
68 37
70 91
113
24 44
67 86
101
4 85
91 52
71
43 28
85 62
141
19 91
76 65
193
13 61
73 65
105
62 97
89 73
134
83 38
75 58
102
12 12
64 56
56
45 29
92 99
182
83 93
60 51
61
21 95
62 74
96
10 79
55 60
51
45 45
55 86
70
69 88
97 83
84
26 39
90 81
68
85 63
67 53
195
14 65
91 68
76
73 64
77 88
78
22 41
77 73
229
66 46
81 99
113
22 83
66 89
112
81 60
65 50
198
30 45
64 62
174
80 41
81 97
159
23 77
50 81
150
48 63
62 68
229
47 33
73 51
163
35 16
66 94
150
61 95
59 83
127
2 7
56 60
134
33 19
53 59
85
66 11
80 84
80
63 63
67 77
188
33 90
86 75
99
31 26
59 62
91
68 92
52 93
126
73 79
90 59
78
2 96
80 96
234
96 76
53 97
215
95 38
63 98
182
41 99
61 65
152
53 56
52 70
157
83 98
57 83
224
4 13
60 78
186
88 12
61 84
244
49 49
97 91
215
46 73
89 56
210
97 61
83 63
151
82 73
56 87
239
19 11
89 95
181
3 34
68 70
164
20 66
57 66
169
81 81
89 66
72
0 78
93 71
234
16 73
62 68
224
73 59
55 94
214
91 25
97 67
211
63 81
97 81
173
30 1
69 54
72
97 78
51 74
142
26 58
76 59
138
36 83
79 61
143
7 77
94 86
54
78 97
79 70
77
32 43
99 58
101
29 32
56 50
180
17 92
53 57
143
89 45
59 81
168
36 26
64 75
131
12 82
52 61
93
45 38
98 75
146
80 78
80 75
137
74 55
62 54
78
10 49
83 67
119
61 87
63 55
126
95 38
99 90
247
40 83
60 94
138
40 42
67 71
220
74 60
64 96
89
65 76
95 99
150
33 18
73 64
196
62 90
82 91
113
65 90
86 53
177
78 92
65 67
147
25 89
85 73
239
14 62
61 56
109
29 59
73 92
203
15 38
81 67
147
73 30
86 64
211
78 41
60 91
193
49 88
62 68
236
26 9
67 50
188
26 12
54 67
101
95 72
91 66
76
74 15
79 52
210
70 13
55 88
80
45 33
53 81
59
14 18
70 86
131
82 26
93 60
189
18 11
80 84
211
45 60
64 85
125
78 95
85 97
185
18 80
61 82
173
81 94
82 87
54
8 71
81 86
103
94 25
61 73
226
72 85
70 72
86
16 49
98 66
151
78 53
86 72
140
80 95
85 73
112
8 27
66 72
189
43 75
99 85
105
84 14
86 79
154
37 67
84 72
85
39 26
98 66
75
45 8
81 57
180
11 71
93 88
127
21 29
67 70
70
81 27
56 56
119
74 12
85 58
210
11 45
61 99
211
19 77
84 56
53
58 89
79 64
201
61 43
63 72
178
43 44
52 61
99
65 82
90 75
152
85 35
87 63
99
64 26
82 68
100
73 23
87 58
203
32 12
86 64
246
33 94
57 91
135
89 40
66 50
79
3 52
67 66
92
43 15
86 58
78
59 9
69 51
199
33 6
72 81
220
66 29
70 53
75
13 40
91 64
231
95 95
62 86
115
29 79
87 60
115
98 88
92 77
118
48 78
61 51
71
93 23
78 89
63
19 65
81 78
60
79 59
96 57
243
75 22
85 72
214
23 40
69 63
167
47 31
84 68
160
60 39
80 53
88
47 17
95 57
229
7 19
79 58
53
3 51
75 80
88
65 94
57 64
84
40 31
99 83
127
40 44
97 87
221
16 75
85 70
114
4 49
59 71
183
10 26
58 89
186
2 27
91 53
162
25 40
73 54
124
69 81
70 67
67
98 90
60 85
233
62 49
72 89
71
98 25
64 84
156
41 72
75 61
185
65 25
79 60
241
63 86
53 60
183
95 29
65 83
158
64 66
56 70
139
83 91
75 89
247
47 98
59 90
75
36 25
87 92
115
24 33
96 80
179
75 66
99 75
240
16 33
55 57
124
46 48
87 57
124
85 6
98 73
246
74 98
91 82
61
26 50
80 87
122
96 17
94 50
96
79 42
51 64
84
49 88
97 82
187
55 6
80 74
153
30 71
55 77
221
5 41
80 50
238
97 22
72 86
93
65 82
96 74
216
36 8
93 68
235
99 5
81 90
81
54 44
73 62
60
66 85
85 67
197
58 55
92 96
182
26 40
66 99
125
75 16
86 63
118
93 49
89 69
174
85 51
65 79
161
50 41
58 77
236
16 24
73 94
210
65 76
78 88
181
46 13
77 58
132
78 78
98 75
69
1 99
80 55
216
71 16
93 66
182
70 2
98 50
145
27 60
50 60
55
64 91
52 51
143
80 33
60 73
80
59 42
97 81
92
15 49
66 65
159
20 97
99 81
169
61 26
88 96
62
81 3
54 78
133
39 21
96 66
149
38 46
80 60
136
79 52
70 51
247
67 62
95 68
119
23 89
87 80
111
90 42
70 93
146
43 78
94 85
189
41 86
96 78
73
1 16
69 52
221
32 0
70 90
79
59 59
90 53
196
32 66
61 86
205
40 84
69 98
136
5 90
68 79
103
36 2
55 54
155
57 25
68 89
177
27 19
74 86
119
90 84
72 52
102
56 9
57 94
125
49 30
60 82
67
64 85
92 55
119
17 11
52 78
187
71 5
93 65
197
27 86
88 90
249
49 42
88 55
59
20 82
64 58
232
52 28
83 97
94
96 68
97 63
199
52 51
68 72
246
54 20
60 75
245
4 75
80 94
192
65 53
62 64
181
40 97
96 83
175
64 27
91 72
161
44 71
93 66
62
63 64
89 66
175
14 13
58 79
147
63 23
88 62
125
87 93
79 67
133
56 93
65 97
99
38 11
77 93
231
91 57
76 97
232
89 22
54 97
249
27 46
60 63
215
53 90
58 54
132
3 87
85 91
120
98 92
88 58
227
95 41
88 70
173
13 2
99 63
67
97 12
77 96
107
18 62
68 63
78
6 97
88 81
243
33 1
61 91
121
54 68
88 68
195
90 42
55 58
192
19 27
73 89
97
37 49
62 67
106
9 45
76 62
200
29 55
98 85
192
66 6
74 96
56
18 41
51 96
175
78 90
82 95
152
31 44
61 91
145
58 47
61 54
236
68 6
91 67
116
99 9
57 84
126
99 90
89 94
100
29 20
67 81
161
13 35
76 94
176
26 89
96 84
237
4 70
89 58
196
98 74
61 97
205
1 25
70 56
190
92 9
90 72
211
77 33
80 74
53
69 0
86 81
65
58 21
79 70
97
55 18
67 97
116
93 4
61 68
115
72 60
82 57
64
68 18
94 91
98
96 46
78 67
82
49 85
57 92
228
27 89
88 83
144
42 52
70 87
55
32 4
61 77
165
31 43
84 85
177
81 83
52 73
159
37 7
99 58
96
90 88
71 73
178
25 20
59 71
195
64 28
58 80
227
1 97
82 61
186
67 88
62 69
169
19 78
88 59
171
76 55
81 61
199
1 40
63 75
110
91 72
54 76
99
51 54
65 51
85
3 39
58 52
217
38 22
83 89
128
90 60
73 54
221
63 55
82 74
228
7 37
63 72
111
67 71
74 65
84
65 0
53 88
223
77 57
96 63
110
8 41
97 52
182
3 74
98 97
187
87 78
50 96
151
71 58
75 70
248
75 55
95 63
80
2 89
52 59
201
46 19
72 61
243
48 95
93 98
148
21 38
84 86
223
44 39
59 94
169
14 94
60 97
209
99 77
87 64
53
8 65
76 99
132
72 95
95 82
217
33 81
69 90
118
58 13
59 62
67
4 84
81 82
216
60 43
57 65
147
22 20
70 58
101
17 92
75 75
62
56 42
84 98
177
99 66
80 85
58
66 2
86 64
147
82 30
97 58
189
68 7
67 64
240
10 17
92 57
235
86 71
69 93
170
87 20
57 71
120
11 79
96 86
248
78 86
96 80
176
55 71
85 94
123
2 36
95 83
196
66 20
63 82
238
85 4
75 77
192
7 97
86 53
53
72 3
85 83
218
59 59
55 75
94
41 48
83 99
186
3 45
80 55
118
34 95
72 55
112
20 99
55 69
108
8 24
57 80
146
69 50
75 55
224
26 51
52 68
59
48 56
61 65
180
58 33
91 66
131
90 78
99 53
145
75 11
93 56
183
95 52
59 54
222
62 80
98 98
115
5 60
75 65
118
10 95
61 77
51
42 8
63 92
91
24 39
95 67
119
99 2
58 64
108
88 36
87 73
187
47 38
55 94
222
2 14
91 82
115
1 36
78 57
116
19 1
70 90
65
72 59
75 64
82
64 25
98 70
101
88 9
53 98
245
18 22
54 97
161
40 62
72 65
70
23 31
74 90
143
85 7
71 67
111
98 49
69 75
98
79 76
76 86
84
48 83
80 54
54
95 68
83 97
167
16 69
61 90
240
68 85
52 78
192
51 89
66 90
222
94 89
77 51
122
61 38
92 70
243
10 24
71 90
145
91 57
99 64
102
34 54
84 73
186
75 15
55 89
191
96 12
65 87
224
53 59
79 87
98
56 32
73 58
79
30 6
70 72
82
76 25
50 66
61
65 55
94 86
222
6 80
69 69
172
79 95
84 75
60
66 23
84 66
189
92 96
68 72
212
45 6
72 90
197
79 53
92 62
224
72 85
56 82
193
1 54
82 72
237
57 33
51 53
193
99 45
69 85
70
25 49
90 67
99
45 65
77 79
87
14 55
87 61
222
94 5
77 75
126
12 12
66 85
166
63 29
66 65
132
18 35
55 59
108
70 8
87 55
249
44 93
54 66
182
11 38
64 76
141
76 54
89 53
144
20 19
87 57
87
74 91
50 55
129
59 65
72 51
98
65 1
67 93
122
5 77
53 83
219
57 74
80 98
98
1 92
50 71
138
41 10
67 65
142
34 46
98 53
56
1 3
96 74
218
25 96
81 75
78
58 47
95 87
90
37 38
59 91
189
69 82
99 81
236
95 25
80 72
93
83 78
52 94
82
50 64
90 57
84
37 38
75 92
184
65 32
75 71
74
59 11
94 95
58
21 83
55 54
103
34 99
94 88
138
60 20
80 89
152
68 73
67 89
145
1 25
97 61
176
60 37
85 86
106
18 46
50 79
176
50 82
70 62
196
43 0
91 56
175
16 9
50 93
135
78 40
53 86
225
43 65
53 87
228
49 95
76 98
50
10 26
88 52
82
91 48
56 75
84
67 0
95 53
70
86 88
75 98
241
40 25
64 84
193
59 64
63 92
85
39 44
96 97
80
46 29
57 73
155
57 7
60 72
205
99 44
92 93
176
67 84
71 66
181
35 61
55 92
150
50 29
76 92
198
56 22
97 97
63
54 4
78 72
67
73 29
72 68
165
59 94
62 85
180
25 18
63 65
180
42 66
60 82
171
32 33
82 79
129
36 94
68 85
214
98 54
74 89
122
20 57
94 81
234
62 13
79 59
225
97 92
76 70
57
9 43
74 91
143
18 22
59 79
188
66 46
87 88
190
44 61
94 61
238
58 45
57 53
139
99 30
52 88
125
95 97
88 87
121
62 30
62 91
123
58 80
68 89
147
81 32
93 92
176
90 82
85 86
99
16 25
65 98
170
12 76
63 68
102
43 39
81 64
57
13 39
79 65
231
11 63
57 65
106
39 93
79 98
227
6 48
98 95
71
24 65
83 83
87
73 37
51 83
56
90 40
58 69
171
73 52
67 82
232
60 40
89 73
91
87 50
95 99
85
13 20
55 62
96
42 1
86 71
95
27 77
96 88
187
49 9
94 62
218
86 96
69 81
175
20 74
74 64
117
46 52
66 82
154
17 31
52 96
154
32 44
84 83
230
45 72
86 81
241
82 2
83 78
201
57 55
72 73
233
76 91
75 80
242
6 34
82 59
211
76 65
98 95
62
72 25
59 58
208
61 49
77 90
194
35 92
65 53
57
58 37
67 83
184
53 27
88 92
235
54 53
98 64
104
76 26
86 77
185
86 37
78 96
215
22 92
97 50
87
34 7
92 98
203
69 34
76 56
160
32 44
58 64
80
36 70
99 58
123
87 93
91 59
167
85 24
77 89
133
36 28
76 69
229
62 75
81 50
239
77 10
76 73
185
97 3
64 74
148
7 97
58 85
51
84 54
93 86
111
22 21
93 98
100
18 29
79 63
201
92 54
77 79
220
82 16
90 69
146
37 18
55 56
195
10 57
95 80
153
69 91
91 77
62
70 28
93 80
102
99 81
62 96
128
79 66
86 62
69
56 61
67 57
61
26 54
84 71
223
28 77
54 92
71
34 6
88 92
229
70 96
92 78
234
10 8
71 63
198
82 83
92 54
101
98 16
89 77
185
66 2
97 63
123
3 84
78 57
142
76 87
67 64
70
26 98
64 81
97
49 79
86 79
243
4 32
59 91
243
11 26
91 60
158
26 33
92 64
156
79 56
72 83
199
20 3
86 75
84
18 74
55 85
204
87 28
70 60
146
46 3
65 59
138
0 20
86 66
243
92 24
57 74
