6.6743e-11 360 1000
147
-50.000000 -56.000000
88.000000 86.000000
247
-39.000000 -38.000000
-64.000000 -9.000000
177
47.000000 43.000000
99.000000 -6.000000
162
15.000000 38.000000
88.000000 -42.000000
71
-53.000000 92.000000
-81.000000 -26.000000
160
37.000000 50.000000
-77.000000 -5.000000
231
-42.000000 -2.000000
-80.000000 61.000000
53
-99.000000 15.000000
90.000000 -20.000000
211
-96.000000 -59.000000
-60.000000 55.000000
193
-15.000000 -98.000000
73.000000 67.000000
149
-49.000000 -18.000000
-72.000000 -18.000000
119
43.000000 59.000000
-68.000000 71.000000
206
43.000000 -69.000000
-79.000000 55.000000
78
-62.000000 17.000000
-68.000000 -20.000000
162
33.000000 -59.000000
74.000000 -14.000000
67
14.000000 -74.000000
78.000000 -2.000000
229
68.000000 38.000000
79.000000 59.000000
113
16.000000 60.000000
58.000000 59.000000
232
91.000000 3.000000
-86.000000 90.000000
220
-32.000000 -60.000000
57.000000 91.000000
136
18.000000 -37.000000
71.000000 -49.000000
228
-68.000000 67.000000
90.000000 87.000000
177
54.000000 12.000000
-67.000000 -42.000000
200
-60.000000 93.000000
50.000000 -6.000000
153
-79.000000 -71.000000
70.000000 -14.000000
52
-64.000000 8.000000
-91.000000 -9.000000
223
-21.000000 0.000000
-61.000000 -8.000000
173
72.000000 -15.000000
99.000000 -4.000000
228
64.000000 14.000000
85.000000 78.000000
87
-15.000000 -50.000000
-96.000000 -40.000000
103
-79.000000 76.000000
-71.000000 89.000000
203
-53.000000 13.000000
-59.000000 -24.000000
203
-71.000000 53.000000
-56.000000 -18.000000
241
-2.000000 69.000000
-52.000000 82.000000
68
-29.000000 -8.000000
-66.000000 68.000000
66
-63.000000 41.000000
68.000000 -25.000000
231
39.000000 49.000000
-92.000000 -6.000000
229
-12.000000 -23.000000
-72.000000 -19.000000
237
-0.000000 -64.000000
96.000000 55.000000
248
-66.000000 96.000000
68.000000 -28.000000
235
4.000000 -65.000000
-61.000000 -20.000000
156
53.000000 -30.000000
-70.000000 -40.000000
124
-76.000000 -95.000000
-61.000000 89.000000
120
-85.000000 -52.000000
-93.000000 53.000000
172
-95.000000 70.000000
-82.000000 93.000000
104
-99.000000 -1.000000
-53.000000 -22.000000
232
1.000000 -52.000000
-61.000000 -9.000000
144
-95.000000 53.000000
74.000000 99.000000
53
-66.000000 17.000000
-75.000000 -36.000000
130
5.000000 -68.000000
-54.000000 97.000000
134
-15.000000 -45.000000
84.000000 -10.000000
192
-22.000000 44.000000
-65.000000 -41.000000
51
-92.000000 65.000000
52.000000 -20.000000
236
-60.000000 45.000000
98.000000 -15.000000
137
5.000000 -91.000000
-60.000000 55.000000
209
96.000000 97.000000
95.000000 87.000000
186
-71.000000 -82.000000
-83.000000 -14.000000
147
-71.000000 -30.000000
77.000000 58.000000
240
47.000000 -77.000000
-85.000000 -44.000000
55
41.000000 93.000000
-53.000000 86.000000
118
-37.000000 66.000000
87.000000 74.000000
165
-61.000000 -71.000000
60.000000 50.000000
227
-84.000000 -30.000000
-80.000000 69.000000
176
-36.000000 13.000000
71.000000 72.000000
205
1.000000 -77.000000
54.000000 98.000000
74
-14.000000 74.000000
-87.000000 58.000000
109
10.000000 77.000000
90.000000 91.000000
138
-26.000000 -70.000000
-76.000000 -23.000000
154
70.000000 -0.000000
-91.000000 50.000000
207
4.000000 -33.000000
54.000000 72.000000
175
52.000000 20.000000
87.000000 -9.000000
78
0.000000 -42.000000
68.000000 -3.000000
127
33.000000 -17.000000
78.000000 52.000000
50
29.000000 63.000000
90.000000 -28.000000
90
9.000000 -94.000000
76.000000 66.000000
53
-79.000000 -52.000000
66.000000 52.000000
104
-50.000000 94.000000
76.000000 69.000000
124
9.000000 25.000000
-75.000000 96.000000
148
65.000000 -31.000000
-66.000000 53.000000
102
-30.000000 -68.000000
-75.000000 98.000000
208
18.000000 -78.000000
65.000000 50.000000
167
90.000000 -48.000000
-63.000000 -22.000000
95
-82.000000 -63.000000
97.000000 -49.000000
85
32.000000 84.000000
62.000000 -20.000000
162
-80.000000 82.000000
91.000000 50.000000
156
71.000000 83.000000
-62.000000 79.000000
56
-32.000000 47.000000
67.000000 80.000000
116
-53.000000 77.000000
71.000000 -31.000000
55
55.000000 1.000000
-79.000000 -3.000000
201
48.000000 -86.000000
-76.000000 88.000000
75
-49.000000 -13.000000
-84.000000 70.000000
107
79.000000 89.000000
54.000000 -14.000000
92
69.000000 -75.000000
-76.000000 61.000000
201
74.000000 21.000000
97.000000 -3.000000
239
50.000000 -85.000000
-76.000000 -46.000000
223
69.000000 -69.000000
-83.000000 80.000000
108
-63.000000 -44.000000
71.000000 -44.000000
246
27.000000 39.000000
81.000000 89.000000
96
-97.000000 20.000000
-64.000000 81.000000
137
46.000000 -58.000000
82.000000 -25.000000
92
46.000000 -81.000000
-57.000000 84.000000
142
-80.000000 99.000000
-95.000000 68.000000
75
21.000000 -49.000000
84.000000 87.000000
77
99.000000 18.000000
-58.000000 73.000000
79
-46.000000 61.000000
-85.000000 63.000000
164
79.000000 79.000000
75.000000 57.000000
193
1.000000 27.000000
55.000000 -50.000000
117
-72.000000 -50.000000
-77.000000 -14.000000
50
-63.000000 23.000000
-68.000000 -43.000000
231
-77.000000 -74.000000
-73.000000 -34.000000
110
-24.000000 66.000000
-58.000000 -22.000000
185
-76.000000 45.000000
61.000000 63.000000
65
-77.000000 34.000000
92.000000 98.000000
184
7.000000 -4.000000
-90.000000 61.000000
164
-26.000000 -40.000000
-54.000000 50.000000
180
34.000000 10.000000
55.000000 -5.000000
207
-77.000000 -23.000000
-65.000000 59.000000
184
-81.000000 -51.000000
-95.000000 57.000000
138
35.000000 -62.000000
-80.000000 99.000000
145
-5.000000 89.000000
-76.000000 55.000000
73
-50.000000 1.000000
66.000000 83.000000
227
12.000000 54.000000
79.000000 -38.000000
151
28.000000 77.000000
-80.000000 -20.000000
118
83.000000 -94.000000
-68.000000 -42.000000
148
51.000000 -38.000000
-80.000000 -33.000000
163
-23.000000 -80.000000
-61.000000 -32.000000
195
-26.000000 -24.000000
-78.000000 69.000000
144
92.000000 44.000000
93.000000 -2.000000
175
-86.000000 -96.000000
84.000000 -21.000000
248
-43.000000 -48.000000
-70.000000 52.000000
237
27.000000 -56.000000
96.000000 -31.000000
187
-56.000000 -52.000000
-65.000000 -46.000000
184
-98.000000 45.000000
-88.000000 -50.000000
127
-24.000000 -8.000000
76.000000 73.000000
221
-85.000000 65.000000
-59.000000 -22.000000
51
18.000000 -14.000000
-98.000000 70.000000
220
-66.000000 -25.000000
79.000000 -35.000000
159
-87.000000 -83.000000
-92.000000 -44.000000
190
97.000000 37.000000
59.000000 86.000000
94
61.000000 29.000000
-70.000000 62.000000
133
46.000000 55.000000
-51.000000 -18.000000
143
-55.000000 -15.000000
-56.000000 -29.000000
164
-52.000000 79.000000
87.000000 -48.000000
153
-20.000000 5.000000
87.000000 81.000000
102
-91.000000 -74.000000
-76.000000 -36.000000
94
7.000000 54.000000
70.000000 59.000000
180
36.000000 -61.000000
86.000000 81.000000
193
-39.000000 -57.000000
53.000000 -17.000000
103
27.000000 -28.000000
-79.000000 -15.000000
216
-2.000000 -59.000000
-77.000000 91.000000
157
-79.000000 89.000000
74.000000 53.000000
173
-79.000000 -63.000000
-96.000000 95.000000
97
-4.000000 -53.000000
73.000000 60.000000
123
80.000000 -49.000000
87.000000 73.000000
79
44.000000 77.000000
-80.000000 -2.000000
161
30.000000 -42.000000
-96.000000 -30.000000
146
-0.000000 80.000000
88.000000 -34.000000
106
64.000000 14.000000
90.000000 -9.000000
95
14.000000 3.000000
97.000000 -30.000000
151
94.000000 -82.000000
-80.000000 93.000000
174
1.000000 -64.000000
-85.000000 -47.000000
108
-4.000000 -82.000000
-93.000000 95.000000
53
-17.000000 24.000000
-71.000000 93.000000
74
23.000000 79.000000
59.000000 68.000000
165
15.000000 -26.000000
91.000000 57.000000
151
63.000000 -23.000000
96.000000 -43.000000
68
42.000000 -78.000000
-77.000000 87.000000
216
-56.000000 41.000000
74.000000 80.000000
91
30.000000 -30.000000
-95.000000 -15.000000
219
-55.000000 -20.000000
83.000000 -10.000000
200
-47.000000 81.000000
55.000000 -37.000000
135
-53.000000 39.000000
-61.000000 -21.000000
198
-63.000000 74.000000
-51.000000 -22.000000
167
61.000000 64.000000
65.000000 -17.000000
101
-23.000000 18.000000
56.000000 77.000000
53
-66.000000 -71.000000
-85.000000 98.000000
204
-24.000000 10.000000
90.000000 62.000000
212
-96.000000 -28.000000
54.000000 63.000000
114
-26.000000 -78.000000
97.000000 98.000000
98
43.000000 -23.000000
54.000000 67.000000
54
33.000000 32.000000
-93.000000 66.000000
192
-60.000000 29.000000
72.000000 -20.000000
136
8.000000 -72.000000
-67.000000 -13.000000
182
30.000000 -9.000000
99.000000 53.000000
137
-84.000000 -77.000000
84.000000 76.000000
169
-83.000000 23.000000
69.000000 70.000000
135
2.000000 -34.000000
-98.000000 -29.000000
179
31.000000 69.000000
-92.000000 63.000000
204
78.000000 -81.000000
83.000000 94.000000
144
-38.000000 -81.000000
69.000000 62.000000
221
58.000000 -95.000000
57.000000 50.000000
205
-42.000000 87.000000
-72.000000 -15.000000
110
-16.000000 98.000000
-83.000000 -48.000000
55
88.000000 33.000000
-64.000000 -15.000000
221
31.000000 6.000000
-58.000000 -43.000000
71
58.000000 -74.000000
50.000000 -27.000000
83
-54.000000 43.000000
89.000000 87.000000
84
-95.000000 8.000000
-62.000000 67.000000
125
28.000000 -97.000000
-81.000000 -35.000000
231
-49.000000 -12.000000
53.000000 -3.000000
93
-37.000000 -51.000000
81.000000 -3.000000
214
97.000000 49.000000
57.000000 -9.000000
56
-56.000000 -62.000000
95.000000 -41.000000
204
-54.000000 -50.000000
82.000000 -36.000000
242
72.000000 -80.000000
94.000000 82.000000
156
-20.000000 -85.000000
-99.000000 -20.000000
128
-86.000000 59.000000
70.000000 -27.000000
113
15.000000 -63.000000
-78.000000 81.000000
80
-41.000000 -95.000000
75.000000 60.000000
92
68.000000 -92.000000
58.000000 64.000000
65
34.000000 9.000000
-88.000000 -35.000000
218
-97.000000 36.000000
62.000000 -49.000000
135
-41.000000 -24.000000
-87.000000 -27.000000
113
-95.000000 -77.000000
79.000000 -36.000000
165
90.000000 66.000000
83.000000 65.000000
147
53.000000 56.000000
-87.000000 74.000000
57
54.000000 36.000000
-97.000000 -42.000000
123
62.000000 47.000000
54.000000 50.000000
105
91.000000 -3.000000
56.000000 -24.000000
118
59.000000 -40.000000
54.000000 96.000000
148
-51.000000 -64.000000
51.000000 -6.000000
87
-21.000000 -42.000000
91.000000 68.000000
166
38.000000 84.000000
-62.000000 69.000000
196
44.000000 -2.000000
-55.000000 -9.000000
236
-44.000000 90.000000
50.000000 -26.000000
127
-0.000000 -40.000000
99.000000 51.000000
99
-70.000000 99.000000
89.000000 72.000000
139
-70.000000 -31.000000
61.000000 -29.000000
131
57.000000 73.000000
-52.000000 94.000000
126
82.000000 -31.000000
53.000000 52.000000
226
52.000000 -1.000000
-65.000000 -30.000000
54
-56.000000 -20.000000
63.000000 76.000000
202
-58.000000 -37.000000
97.000000 -36.000000
117
-17.000000 -51.000000
-79.000000 -46.000000
129
19.000000 62.000000
-74.000000 86.000000
200
-30.000000 34.000000
-97.000000 -8.000000
229
-78.000000 -60.000000
95.000000 -42.000000
136
-35.000000 -54.000000
54.000000 -20.000000
85
26.000000 -80.000000
63.000000 -43.000000
223
30.000000 -26.000000
-86.000000 -45.000000
146
-32.000000 67.000000
-90.000000 -14.000000
179
78.000000 89.000000
-53.000000 -42.000000
112
-11.000000 84.000000
89.000000 82.000000
164
-99.000000 27.000000
-59.000000 -4.000000
219
90.000000 58.000000
70.000000 83.000000
177
-68.000000 -75.000000
98.000000 51.000000
104
-97.000000 -57.000000
-72.000000 -24.000000
171
25.000000 55.000000
-66.000000 -29.000000
52
16.000000 -35.000000
-82.000000 -42.000000
84
44.000000 56.000000
59.000000 55.000000
72
26.000000 35.000000
-83.000000 55.000000
159
-22.000000 -2.000000
73.000000 -16.000000
165
-63.000000 7.000000
-88.000000 -12.000000
118
96.000000 84.000000
84.000000 97.000000
153
36.000000 -21.000000
-55.000000 -6.000000
120
18.000000 62.000000
-95.000000 -15.000000
189
40.000000 -8.000000
-72.000000 -49.000000
102
-60.000000 70.000000
-61.000000 67.000000
248
3.000000 96.000000
-87.000000 -27.000000
217
-46.000000 38.000000
70.000000 -42.000000
166
-27.000000 23.000000
-88.000000 -22.000000
90
44.000000 42.000000
-93.000000 64.000000
125
-28.000000 24.000000
-87.000000 58.000000
138
22.000000 -52.000000
98.000000 80.000000
110
65.000000 71.000000
58.000000 -12.000000
148
31.000000 -60.000000
-66.000000 -49.000000
211
-98.000000 47.000000
-60.000000 87.000000
86
-94.000000 -42.000000
-68.000000 79.000000
82
12.000000 -52.000000
-81.000000 -37.000000
141
-34.000000 34.000000
93.000000 67.000000
205
13.000000 99.000000
84.000000 59.000000
149
-92.000000 79.000000
76.000000 -14.000000
61
12.000000 -15.000000
92.000000 53.000000
101
8.000000 11.000000
-81.000000 97.000000
85
-51.000000 54.000000
98.000000 51.000000
170
59.000000 95.000000
69.000000 54.000000
134
-84.000000 -53.000000
63.000000 66.000000
130
-65.000000 39.000000
-78.000000 -28.000000
138
-3.000000 -14.000000
-96.000000 -29.000000
97
60.000000 76.000000
-97.000000 -46.000000
83
-19.000000 79.000000
77.000000 -35.000000
163
-43.000000 -14.000000
58.000000 89.000000
91
-71.000000 51.000000
-61.000000 -49.000000
75
-36.000000 76.000000
-82.000000 90.000000
230
-74.000000 74.000000
80.000000 -5.000000
89
17.000000 1.000000
65.000000 63.000000
197
60.000000 -89.000000
53.000000 -49.000000
115
-66.000000 -67.000000
76.000000 -29.000000
92
94.000000 -25.000000
86.000000 94.000000
219
-34.000000 32.000000
-89.000000 -5.000000
63
-77.000000 14.000000
-98.000000 86.000000
199
-60.000000 -95.000000
-83.000000 -11.000000
249
39.000000 -39.000000
94.000000 -23.000000
242
-54.000000 56.000000
98.000000 64.000000
108
46.000000 25.000000
86.000000 -9.000000
200
10.000000 -39.000000
80.000000 -44.000000
135
93.000000 -75.000000
76.000000 -31.000000
58
-54.000000 48.000000
55.000000 63.000000
243
-25.000000 64.000000
77.000000 68.000000
148
-16.000000 84.000000
65.000000 -34.000000
200
40.000000 8.000000
-72.000000 -38.000000
92
-34.000000 24.000000
96.000000 -5.000000
81
39.000000 -38.000000
-57.000000 75.000000
246
-34.000000 38.000000
-79.000000 70.000000
212
-86.000000 -58.000000
-87.000000 88.000000
109
-23.000000 0.000000
-73.000000 94.000000
140
-37.000000 5.000000
-87.000000 -20.000000
219
-8.000000 -37.000000
87.000000 59.000000
162
-71.000000 4.000000
89.000000 -46.000000
124
-59.000000 -3.000000
-80.000000 -32.000000
83
-55.000000 29.000000
59.000000 97.000000
165
-30.000000 33.000000
-71.000000 92.000000
140
28.000000 50.000000
-87.000000 -50.000000
61
82.000000 40.000000
81.000000 57.000000
141
42.000000 87.000000
-86.000000 53.000000
72
-29.000000 20.000000
-91.000000 76.000000
228
73.000000 85.000000
-83.000000 -17.000000
109
-17.000000 75.000000
-61.000000 -21.000000
241
-44.000000 43.000000
-96.000000 94.000000
96
99.000000 -26.000000
80.000000 88.000000
75
36.000000 -81.000000
60.000000 97.000000
157
92.000000 -97.000000
-86.000000 74.000000
159
-66.000000 -6.000000
52.000000 -34.000000
155
-44.000000 96.000000
59.000000 -14.000000
212
30.000000 37.000000
87.000000 -10.000000
185
76.000000 -3.000000
81.000000 75.000000
132
4.000000 -50.000000
-52.000000 -21.000000
197
77.000000 17.000000
60.000000 52.000000
210
-94.000000 -22.000000
-86.000000 -9.000000
141
21.000000 2.000000
-92.000000 89.000000
86
93.000000 -53.000000
78.000000 -32.000000
61
60.000000 -48.000000
56.000000 -17.000000
188
-96.000000 20.000000
84.000000 80.000000
173
-70.000000 -41.000000
-74.000000 -34.000000
140
-38.000000 -81.000000
-53.000000 -5.000000
132
-25.000000 -2.000000
89.000000 -15.000000
86
-54.000000 -73.000000
-67.000000 -20.000000
84
-51.000000 -41.000000
-73.000000 66.000000
195
-4.000000 23.000000
84.000000 -33.000000
205
55.000000 -88.000000
-80.000000 72.000000
172
85.000000 -48.000000
-85.000000 82.000000
87
48.000000 35.000000
-86.000000 -37.000000
182
44.000000 -5.000000
-68.000000 -3.000000
117
-39.000000 12.000000
72.000000 52.000000
164
81.000000 -43.000000
80.000000 -44.000000
87
-62.000000 45.000000
71.000000 -21.000000
119
44.000000 66.000000
-77.000000 74.000000
54
-40.000000 59.000000
-56.000000 -21.000000
171
9.000000 -79.000000
80.000000 -11.000000
217
-61.000000 52.000000
67.000000 -42.000000
199
63.000000 -68.000000
-65.000000 -20.000000
180
43.000000 -78.000000
-61.000000 95.000000
177
96.000000 47.000000
-77.000000 50.000000
96
-41.000000 2.000000
-66.000000 62.000000
245
-2.000000 15.000000
92.000000 82.000000
63
26.000000 81.000000
-58.000000 95.000000
72
-47.000000 46.000000
-86.000000 94.000000
54
-91.000000 50.000000
-50.000000 -19.000000
180
-64.000000 -68.000000
-59.000000 56.000000
157
72.000000 -34.000000
-56.000000 74.000000
