6.6743e-11 1560 1000
139
-36.000000 80.000000
-71.000000 69.000000
173
-74.000000 -77.000000
51.000000 52.000000
130
94.000000 19.000000
-88.000000 -27.000000
229
-84.000000 8.000000
85.000000 -10.000000
116
57.000000 -39.000000
88.000000 -43.000000
113
-77.000000 25.000000
-99.000000 81.000000
165
32.000000 -71.000000
-86.000000 -17.000000
187
-95.000000 81.000000
57.000000 -40.000000
134
-42.000000 -70.000000
-62.000000 90.000000
139
-77.000000 -54.000000
54.000000 70.000000
186
21.000000 1.000000
-86.000000 -8.000000
151
-78.000000 63.000000
-91.000000 -32.000000
87
-84.000000 50.000000
66.000000 -28.000000
103
-25.000000 69.000000
-78.000000 51.000000
78
-19.000000 -69.000000
-51.000000 92.000000
240
-46.000000 -96.000000
69.000000 85.000000
138
34.000000 -53.000000
-84.000000 62.000000
185
27.000000 -20.000000
-69.000000 68.000000
199
92.000000 39.000000
-78.000000 -8.000000
162
39.000000 -44.000000
69.000000 50.000000
196
-67.000000 53.000000
68.000000 62.000000
236
-30.000000 76.000000
-70.000000 71.000000
69
48.000000 -47.000000
53.000000 -25.000000
97
-58.000000 -37.000000
-50.000000 84.000000
165
77.000000 -16.000000
-84.000000 -26.000000
83
36.000000 -11.000000
-80.000000 71.000000
97
-59.000000 26.000000
83.000000 75.000000
177
-4.000000 36.000000
78.000000 78.000000
78
-31.000000 -40.000000
61.000000 -22.000000
176
-63.000000 81.000000
90.000000 -32.000000
78
88.000000 -83.000000
66.000000 67.000000
178
60.000000 -68.000000
80.000000 -9.000000
207
-67.000000 -85.000000
76.000000 59.000000
80
-78.000000 29.000000
-97.000000 65.000000
179
-52.000000 47.000000
-85.000000 -36.000000
144
10.000000 -65.000000
-92.000000 -20.000000
196
86.000000 -2.000000
-63.000000 -50.000000
88
16.000000 73.000000
56.000000 55.000000
226
-41.000000 -9.000000
-65.000000 84.000000
66
-9.000000 -53.000000
-88.000000 55.000000
230
-89.000000 9.000000
65.000000 -21.000000
102
84.000000 27.000000
-95.000000 52.000000
90
99.000000 -32.000000
-60.000000 78.000000
157
-47.000000 -42.000000
64.000000 -24.000000
183
67.000000 -12.000000
-53.000000 -31.000000
163
-23.000000 9.000000
-51.000000 54.000000
76
-5.000000 -53.000000
60.000000 -41.000000
151
27.000000 -13.000000
-65.000000 -37.000000
240
15.000000 77.000000
-63.000000 -3.000000
194
-99.000000 63.000000
97.000000 57.000000
177
-62.000000 22.000000
53.000000 -4.000000
226
59.000000 24.000000
-81.000000 89.000000
143
44.000000 -70.000000
65.000000 60.000000
56
-76.000000 -33.000000
73.000000 -27.000000
57
1.000000 -36.000000
-73.000000 -25.000000
156
-38.000000 71.000000
-61.000000 -5.000000
97
49.000000 -10.000000
-92.000000 62.000000
127
76.000000 51.000000
62.000000 -12.000000
205
46.000000 77.000000
74.000000 -49.000000
168
31.000000 61.000000
60.000000 90.000000
225
0.000000 12.000000
68.000000 -48.000000
91
46.000000 47.000000
51.000000 54.000000
227
46.000000 72.000000
-73.000000 77.000000
118
-76.000000 -84.000000
61.000000 60.000000
230
95.000000 64.000000
54.000000 -31.000000
127
-69.000000 -78.000000
-53.000000 -3.000000
112
-50.000000 81.000000
-77.000000 -2.000000
59
61.000000 -6.000000
-81.000000 -13.000000
103
25.000000 -3.000000
-52.000000 79.000000
249
90.000000 37.000000
-54.000000 72.000000
153
-14.000000 -1.000000
-74.000000 -43.000000
75
-22.000000 -8.000000
88.000000 84.000000
53
-42.000000 40.000000
81.000000 -42.000000
107
32.000000 35.000000
55.000000 -33.000000
194
-90.000000 -42.000000
92.000000 -35.000000
205
-73.000000 18.000000
-66.000000 58.000000
102
14.000000 51.000000
92.000000 65.000000
249
80.000000 -30.000000
-66.000000 -47.000000
204
32.000000 -89.000000
68.000000 85.000000
206
55.000000 12.000000
-80.000000 -23.000000
200
-56.000000 60.000000
91.000000 -38.000000
71
94.000000 -80.000000
-66.000000 -4.000000
248
56.000000 -66.000000
-81.000000 -25.000000
110
-98.000000 -16.000000
75.000000 83.000000
94
34.000000 43.000000
-60.000000 -30.000000
88
-31.000000 -75.000000
79.000000 92.000000
171
-64.000000 12.000000
-73.000000 -34.000000
172
-66.000000 -55.000000
85.000000 56.000000
177
-34.000000 27.000000
50.000000 -41.000000
153
-22.000000 -94.000000
-81.000000 78.000000
188
74.000000 68.000000
58.000000 -17.000000
193
65.000000 -67.000000
-80.000000 -2.000000
158
-40.000000 -91.000000
67.000000 -39.000000
133
-86.000000 -39.000000
-55.000000 79.000000
147
-81.000000 92.000000
-50.000000 -3.000000
249
-65.000000 -49.000000
-99.000000 66.000000
144
72.000000 55.000000
-77.000000 73.000000
113
-35.000000 41.000000
70.000000 -47.000000
64
-7.000000 -23.000000
90.000000 92.000000
202
68.000000 -74.000000
-93.000000 60.000000
226
81.000000 79.000000
77.000000 -29.000000
96
35.000000 -44.000000
-67.000000 58.000000
72
26.000000 -1.000000
74.000000 50.000000
194
47.000000 -74.000000
-83.000000 -8.000000
51
-13.000000 77.000000
-60.000000 61.000000
57
-38.000000 -38.000000
89.000000 92.000000
114
34.000000 71.000000
-65.000000 51.000000
194
81.000000 -43.000000
-57.000000 66.000000
161
-32.000000 56.000000
-55.000000 -8.000000
118
-18.000000 -19.000000
72.000000 -30.000000
96
99.000000 72.000000
-50.000000 97.000000
56
-48.000000 98.000000
-93.000000 60.000000
144
-2.000000 -17.000000
55.000000 -48.000000
169
58.000000 50.000000
98.000000 84.000000
211
-6.000000 88.000000
-95.000000 54.000000
69
-96.000000 -47.000000
-95.000000 -22.000000
80
20.000000 44.000000
-74.000000 73.000000
218
-72.000000 -38.000000
-57.000000 -42.000000
81
97.000000 17.000000
85.000000 99.000000
238
5.000000 12.000000
64.000000 -16.000000
202
24.000000 46.000000
-87.000000 -34.000000
201
-6.000000 66.000000
98.000000 96.000000
159
4.000000 -6.000000
51.000000 84.000000
178
-31.000000 -81.000000
57.000000 -7.000000
76
95.000000 -1.000000
63.000000 65.000000
220
-6.000000 -23.000000
87.000000 71.000000
64
-94.000000 -83.000000
94.000000 -48.000000
85
95.000000 -54.000000
-75.000000 96.000000
109
-73.000000 1.000000
80.000000 89.000000
60
28.000000 -10.000000
72.000000 -6.000000
202
-88.000000 64.000000
94.000000 -42.000000
82
-83.000000 88.000000
-72.000000 -33.000000
88
-13.000000 -11.000000
-99.000000 83.000000
221
29.000000 -50.000000
94.000000 -3.000000
142
82.000000 28.000000
-95.000000 82.000000
118
59.000000 96.000000
99.000000 65.000000
165
-26.000000 -76.000000
78.000000 -11.000000
159
-5.000000 13.000000
90.000000 68.000000
232
64.000000 -88.000000
67.000000 71.000000
85
73.000000 -99.000000
94.000000 87.000000
99
-45.000000 4.000000
-70.000000 78.000000
152
-33.000000 -22.000000
73.000000 66.000000
182
44.000000 43.000000
53.000000 -7.000000
193
29.000000 15.000000
-62.000000 62.000000
174
9.000000 98.000000
-85.000000 -28.000000
203
27.000000 96.000000
-74.000000 -3.000000
65
27.000000 79.000000
52.000000 -1.000000
246
73.000000 48.000000
81.000000 -22.000000
146
-27.000000 68.000000
51.000000 64.000000
129
-9.000000 22.000000
66.000000 -3.000000
91
9.000000 0.000000
73.000000 -26.000000
69
-99.000000 -47.000000
-70.000000 -2.000000
81
77.000000 2.000000
93.000000 -5.000000
195
-69.000000 -36.000000
-88.000000 -47.000000
119
65.000000 29.000000
50.000000 71.000000
194
-16.000000 -17.000000
-78.000000 93.000000
137
-72.000000 26.000000
92.000000 -41.000000
76
79.000000 -37.000000
-73.000000 -42.000000
177
95.000000 -69.000000
-82.000000 76.000000
130
59.000000 22.000000
-84.000000 84.000000
243
-33.000000 -7.000000
64.000000 86.000000
71
30.000000 -17.000000
92.000000 -12.000000
215
93.000000 78.000000
-72.000000 -39.000000
185
-42.000000 -56.000000
-86.000000 -34.000000
179
75.000000 -99.000000
-54.000000 84.000000
232
87.000000 -93.000000
51.000000 -43.000000
236
-9.000000 2.000000
-81.000000 98.000000
84
-35.000000 -24.000000
82.000000 86.000000
89
-22.000000 76.000000
50.000000 -43.000000
56
26.000000 -75.000000
-75.000000 74.000000
216
17.000000 -94.000000
-68.000000 -27.000000
93
-4.000000 -20.000000
-85.000000 90.000000
180
-48.000000 -86.000000
71.000000 -20.000000
243
59.000000 92.000000
78.000000 66.000000
179
60.000000 35.000000
84.000000 89.000000
214
-67.000000 57.000000
-85.000000 72.000000
150
47.000000 -4.000000
-57.000000 -17.000000
239
37.000000 -65.000000
-57.000000 58.000000
193
-95.000000 -31.000000
-62.000000 -20.000000
56
75.000000 34.000000
-83.000000 59.000000
151
-97.000000 54.000000
-83.000000 83.000000
81
20.000000 87.000000
77.000000 -29.000000
126
-43.000000 11.000000
-94.000000 64.000000
211
70.000000 13.000000
63.000000 91.000000
173
-4.000000 -36.000000
89.000000 -42.000000
66
35.000000 82.000000
54.000000 -17.000000
180
-31.000000 56.000000
87.000000 -39.000000
60
99.000000 -27.000000
58.000000 81.000000
231
23.000000 -3.000000
57.000000 -26.000000
180
82.000000 74.000000
-89.000000 -6.000000
90
-20.000000 57.000000
-68.000000 79.000000
197
98.000000 91.000000
-97.000000 -3.000000
161
-46.000000 95.000000
-58.000000 55.000000
133
-96.000000 -39.000000
-52.000000 -40.000000
130
-66.000000 68.000000
-65.000000 93.000000
207
29.000000 5.000000
-66.000000 -39.000000
114
78.000000 -53.000000
-84.000000 -14.000000
191
22.000000 -85.000000
-84.000000 91.000000
67
-84.000000 42.000000
80.000000 -19.000000
62
51.000000 40.000000
-82.000000 71.000000
86
6.000000 13.000000
-81.000000 -19.000000
219
-30.000000 -55.000000
-61.000000 77.000000
186
-88.000000 -64.000000
80.000000 99.000000
128
-89.000000 31.000000
75.000000 -46.000000
217
66.000000 -5.000000
56.000000 51.000000
229
8.000000 -60.000000
-88.000000 54.000000
69
-25.000000 -95.000000
64.000000 94.000000
170
-32.000000 -0.000000
85.000000 96.000000
229
-57.000000 87.000000
-77.000000 91.000000
202
-85.000000 97.000000
94.000000 -25.000000
197
63.000000 8.000000
-65.000000 -36.000000
201
24.000000 -43.000000
-81.000000 56.000000
95
87.000000 -79.000000
-71.000000 -46.000000
192
92.000000 24.000000
-85.000000 78.000000
123
56.000000 92.000000
-70.000000 -31.000000
236
13.000000 24.000000
-57.000000 57.000000
75
50.000000 -74.000000
-62.000000 89.000000
149
-60.000000 -20.000000
-54.000000 93.000000
57
-2.000000 -31.000000
81.000000 82.000000
135
79.000000 -51.000000
-81.000000 89.000000
87
1.000000 -1.000000
-62.000000 91.000000
197
-87.000000 -50.000000
61.000000 74.000000
180
-84.000000 -91.000000
-58.000000 -20.000000
186
-45.000000 6.000000
96.000000 93.000000
110
99.000000 52.000000
87.000000 63.000000
118
14.000000 85.000000
50.000000 -25.000000
174
85.000000 0.000000
82.000000 -28.000000
120
68.000000 0.000000
-59.000000 -33.000000
242
14.000000 3.000000
-88.000000 93.000000
128
84.000000 30.000000
89.000000 -38.000000
173
91.000000 68.000000
-57.000000 85.000000
227
46.000000 -38.000000
96.000000 60.000000
149
-61.000000 -49.000000
-63.000000 -47.000000
187
87.000000 14.000000
81.000000 68.000000
159
6.000000 -41.000000
-64.000000 -45.000000
126
60.000000 70.000000
83.000000 -15.000000
138
-99.000000 -58.000000
84.000000 -6.000000
169
-80.000000 -10.000000
-78.000000 -41.000000
103
-92.000000 93.000000
82.000000 66.000000
63
77.000000 -65.000000
57.000000 -19.000000
201
87.000000 -59.000000
-60.000000 75.000000
117
-45.000000 -58.000000
55.000000 -32.000000
157
-46.000000 84.000000
-77.000000 -11.000000
53
-81.000000 -84.000000
74.000000 64.000000
224
73.000000 -82.000000
97.000000 65.000000
118
-60.000000 -38.000000
-93.000000 69.000000
224
71.000000 15.000000
-51.000000 80.000000
142
37.000000 -50.000000
-99.000000 75.000000
59
-89.000000 99.000000
80.000000 60.000000
146
65.000000 -14.000000
62.000000 -32.000000
143
-12.000000 38.000000
70.000000 -8.000000
230
-58.000000 -64.000000
-64.000000 70.000000
243
53.000000 -38.000000
51.000000 88.000000
77
-67.000000 64.000000
69.000000 -19.000000
51
-71.000000 26.000000
-67.000000 50.000000
62
54.000000 -99.000000
99.000000 -19.000000
165
-96.000000 -58.000000
-54.000000 86.000000
117
-81.000000 -16.000000
91.000000 -7.000000
167
44.000000 -35.000000
-54.000000 -29.000000
219
-87.000000 -33.000000
97.000000 75.000000
144
-90.000000 33.000000
86.000000 -14.000000
100
-53.000000 -6.000000
70.000000 84.000000
245
63.000000 57.000000
-65.000000 76.000000
209
23.000000 26.000000
62.000000 -41.000000
82
90.000000 -69.000000
75.000000 -41.000000
177
-14.000000 49.000000
60.000000 62.000000
82
-59.000000 92.000000
76.000000 -18.000000
147
-11.000000 -21.000000
95.000000 86.000000
225
10.000000 -36.000000
80.000000 83.000000
126
-67.000000 36.000000
-80.000000 -14.000000
107
-11.000000 -68.000000
76.000000 88.000000
217
77.000000 -93.000000
78.000000 -20.000000
196
-28.000000 95.000000
-92.000000 64.000000
158
97.000000 17.000000
-88.000000 86.000000
154
-50.000000 -18.000000
-65.000000 72.000000
124
72.000000 -28.000000
52.000000 68.000000
166
2.000000 24.000000
81.000000 54.000000
156
-9.000000 45.000000
50.000000 89.000000
63
58.000000 -44.000000
-94.000000 -29.000000
202
46.000000 -94.000000
-64.000000 75.000000
186
17.000000 84.000000
-51.000000 -13.000000
226
-55.000000 -92.000000
-65.000000 87.000000
172
69.000000 -96.000000
-96.000000 -3.000000
146
-58.000000 81.000000
-86.000000 62.000000
138
29.000000 26.000000
-59.000000 52.000000
57
66.000000 58.000000
-51.000000 -27.000000
168
-79.000000 72.000000
79.000000 -47.000000
170
-77.000000 -79.000000
-50.000000 -13.000000
192
-51.000000 -22.000000
-97.000000 61.000000
151
26.000000 66.000000
66.000000 67.000000
53
-78.000000 -73.000000
72.000000 -50.000000
228
19.000000 12.000000
55.000000 95.000000
233
28.000000 85.000000
-65.000000 -6.000000
92
-82.000000 -15.000000
97.000000 -28.000000
105
77.000000 88.000000
87.000000 54.000000
99
-27.000000 60.000000
74.000000 -49.000000
248
-31.000000 -99.000000
-77.000000 70.000000
204
-74.000000 80.000000
65.000000 -22.000000
73
32.000000 17.000000
-93.000000 98.000000
103
-43.000000 -99.000000
-78.000000 70.000000
171
62.000000 60.000000
89.000000 -26.000000
85
-32.000000 -58.000000
65.000000 94.000000
118
-61.000000 -15.000000
-64.000000 -44.000000
105
21.000000 -15.000000
50.000000 -5.000000
88
-50.000000 -7.000000
77.000000 -41.000000
123
-85.000000 97.000000
78.000000 73.000000
201
-8.000000 -13.000000
90.000000 74.000000
89
-51.000000 55.000000
-97.000000 72.000000
161
-4.000000 74.000000
84.000000 89.000000
233
78.000000 31.000000
-92.000000 -2.000000
61
73.000000 -36.000000
79.000000 -34.000000
111
-76.000000 -84.000000
-51.000000 86.000000
59
-65.000000 13.000000
-79.000000 53.000000
150
-69.000000 -16.000000
54.000000 68.000000
196
-10.000000 -93.000000
-81.000000 63.000000
210
-97.000000 2.000000
-79.000000 -20.000000
174
-63.000000 81.000000
-52.000000 -22.000000
165
65.000000 -82.000000
-91.000000 58.000000
210
-73.000000 -65.000000
74.000000 -1.000000
121
54.000000 -98.000000
-88.000000 74.000000
196
55.000000 -35.000000
67.000000 93.000000
129
-44.000000 -61.000000
-96.000000 -16.000000
142
-7.000000 -88.000000
64.000000 85.000000
77
-84.000000 30.000000
-84.000000 87.000000
239
15.000000 57.000000
-80.000000 71.000000
116
29.000000 -74.000000
-75.000000 -19.000000
204
-16.000000 -76.000000
89.000000 87.000000
205
-96.000000 -87.000000
92.000000 60.000000
228
-73.000000 77.000000
-73.000000 54.000000
150
41.000000 92.000000
-63.000000 76.000000
187
-56.000000 -31.000000
-85.000000 -42.000000
169
67.000000 92.000000
95.000000 -43.000000
104
-27.000000 -13.000000
56.000000 -31.000000
202
33.000000 -6.000000
-54.000000 62.000000
65
52.000000 -15.000000
-53.000000 79.000000
143
96.000000 52.000000
-83.000000 -39.000000
245
-61.000000 -11.000000
98.000000 92.000000
204
6.000000 55.000000
-76.000000 -39.000000
222
73.000000 61.000000
-54.000000 -46.000000
132
-61.000000 30.000000
86.000000 -41.000000
141
31.000000 -80.000000
92.000000 -18.000000
240
-87.000000 85.000000
84.000000 -5.000000
245
8.000000 55.000000
-51.000000 -12.000000
218
-45.000000 -50.000000
74.000000 83.000000
204
-12.000000 3.000000
-82.000000 98.000000
92
-46.000000 73.000000
-79.000000 53.000000
195
-10.000000 -88.000000
-54.000000 99.000000
147
67.000000 -76.000000
96.000000 71.000000
80
91.000000 -90.000000
-80.000000 -30.000000
241
36.000000 -87.000000
96.000000 -39.000000
83
26.000000 60.000000
79.000000 -48.000000
114
-79.000000 59.000000
-83.000000 75.000000
100
-92.000000 20.000000
-50.000000 -21.000000
176
47.000000 -33.000000
96.000000 -26.000000
226
12.000000 -40.000000
85.000000 -23.000000
222
81.000000 -13.000000
-58.000000 -24.000000
54
-71.000000 -23.000000
-96.000000 -25.000000
157
43.000000 70.000000
60.000000 84.000000
87
-8.000000 9.000000
-63.000000 -11.000000
189
-79.000000 -88.000000
66.000000 86.000000
197
43.000000 1.000000
55.000000 -42.000000
221
-11.000000 -16.000000
63.000000 -22.000000
227
82.000000 -77.000000
97.000000 65.000000
134
-22.000000 -18.000000
-62.000000 -18.000000
167
76.000000 99.000000
86.000000 -36.000000
225
87.000000 -73.000000
-85.000000 60.000000
180
-42.000000 81.000000
90.000000 -4.000000
56
1.000000 49.000000
94.000000 -20.000000
116
-38.000000 91.000000
54.000000 -36.000000
136
-65.000000 -69.000000
93.000000 -18.000000
142
-58.000000 69.000000
-76.000000 91.000000
216
-71.000000 27.000000
83.000000 -1.000000
175
-92.000000 -59.000000
-62.000000 -6.000000
178
-30.000000 5.000000
55.000000 59.000000
213
72.000000 44.000000
-81.000000 92.000000
230
50.000000 -43.000000
-64.000000 -18.000000
219
66.000000 -60.000000
70.000000 -4.000000
70
-7.000000 -42.000000
77.000000 -3.000000
65
55.000000 -10.000000
-92.000000 86.000000
62
-91.000000 -68.000000
-58.000000 83.000000
128
-26.000000 -17.000000
94.000000 87.000000
79
-39.000000 18.000000
90.000000 -18.000000
71
80.000000 70.000000
73.000000 86.000000
89
15.000000 5.000000
64.000000 53.000000
198
40.000000 -44.000000
65.000000 57.000000
244
20.000000 -0.000000
52.000000 -45.000000
175
53.000000 -58.000000
-65.000000 -31.000000
92
-85.000000 -25.000000
66.000000 68.000000
131
-75.000000 -80.000000
97.000000 62.000000
66
4.000000 38.000000
-69.000000 -1.000000
86
-95.000000 59.000000
-86.000000 -9.000000
185
-31.000000 -10.000000
69.000000 67.000000
156
-94.000000 29.000000
51.000000 -18.000000
136
-85.000000 19.000000
53.000000 -23.000000
144
-13.000000 -20.000000
-88.000000 81.000000
218
-12.000000 82.000000
-87.000000 75.000000
241
41.000000 72.000000
-95.000000 -7.000000
238
-21.000000 48.000000
-56.000000 78.000000
71
-98.000000 -59.000000
91.000000 59.000000
170
-95.000000 0.000000
-82.000000 -36.000000
65
18.000000 94.000000
55.000000 69.000000
204
-39.000000 95.000000
65.000000 79.000000
177
30.000000 62.000000
-79.000000 98.000000
236
-11.000000 -48.000000
83.000000 69.000000
51
-65.000000 -9.000000
54.000000 -43.000000
167
23.000000 -72.000000
-82.000000 -45.000000
173
16.000000 54.000000
54.000000 69.000000
63
-19.000000 36.000000
-54.000000 -23.000000
240
68.000000 -91.000000
84.000000 -30.000000
219
-58.000000 9.000000
51.000000 -42.000000
198
-82.000000 95.000000
-80.000000 94.000000
182
-25.000000 -13.000000
-73.000000 83.000000
146
68.000000 -37.000000
66.000000 89.000000
184
-87.000000 -45.000000
78.000000 -29.000000
238
73.000000 82.000000
-91.000000 -20.000000
50
43.000000 -68.000000
85.000000 -50.000000
162
86.000000 59.000000
-81.000000 -28.000000
86
20.000000 -76.000000
92.000000 -22.000000
117
-4.000000 7.000000
52.000000 -44.000000
69
-27.000000 -77.000000
-77.000000 69.000000
176
-93.000000 93.000000
-50.000000 -28.000000
169
15.000000 -87.000000
-60.000000 -10.000000
109
-32.000000 -80.000000
79.000000 -17.000000
160
-73.000000 83.000000
52.000000 -3.000000
96
35.000000 43.000000
-80.000000 65.000000
110
-61.000000 33.000000
-77.000000 64.000000
51
-76.000000 18.000000
54.000000 75.000000
79
57.000000 -28.000000
-61.000000 82.000000
103
-77.000000 -79.000000
-52.000000 -36.000000
175
90.000000 20.000000
98.000000 -41.000000
112
-99.000000 80.000000
66.000000 74.000000
74
73.000000 -54.000000
-85.000000 90.000000
167
-78.000000 -48.000000
65.000000 -42.000000
128
-68.000000 50.000000
-64.000000 62.000000
191
91.000000 -54.000000
52.000000 -6.000000
143
-27.000000 -56.000000
54.000000 89.000000
172
-2.000000 -73.000000
-71.000000 80.000000
96
69.000000 -87.000000
-72.000000 -35.000000
105
59.000000 -75.000000
-99.000000 54.000000
191
55.000000 -64.000000
-91.000000 58.000000
118
13.000000 77.000000
95.000000 68.000000
139
-83.000000 4.000000
72.000000 97.000000
188
-18.000000 -74.000000
74.000000 -15.000000
112
-73.000000 -11.000000
95.000000 94.000000
72
-72.000000 19.000000
94.000000 -28.000000
142
-62.000000 76.000000
85.000000 83.000000
119
45.000000 -90.000000
-76.000000 90.000000
159
31.000000 82.000000
-78.000000 -16.000000
122
8.000000 -23.000000
78.000000 65.000000
101
4.000000 -62.000000
79.000000 -42.000000
123
-42.000000 92.000000
84.000000 -28.000000
145
90.000000 -84.000000
66.000000 -18.000000
246
79.000000 -34.000000
-92.000000 93.000000
158
71.000000 -25.000000
92.000000 -47.000000
136
16.000000 53.000000
90.000000 -24.000000
160
60.000000 71.000000
-99.000000 -13.000000
235
64.000000 -49.000000
79.000000 -6.000000
76
84.000000 92.000000
99.000000 -8.000000
103
88.000000 -26.000000
99.000000 54.000000
77
-2.000000 -90.000000
-94.000000 -27.000000
215
9.000000 69.000000
-82.000000 56.000000
190
-82.000000 59.000000
-53.000000 -36.000000
70
-44.000000 43.000000
77.000000 94.000000
243
76.000000 49.000000
-78.000000 87.000000
146
35.000000 26.000000
52.000000 -23.000000
140
43.000000 -20.000000
88.000000 -9.000000
191
-65.000000 -8.000000
-81.000000 -6.000000
121
56.000000 -21.000000
-57.000000 69.000000
106
-50.000000 -83.000000
-68.000000 63.000000
91
7.000000 65.000000
74.000000 54.000000
249
62.000000 -9.000000
-89.000000 -37.000000
124
-13.000000 67.000000
74.000000 77.000000
222
-27.000000 72.000000
72.000000 -13.000000
230
-90.000000 26.000000
89.000000 -17.000000
96
81.000000 -44.000000
85.000000 72.000000
203
6.000000 92.000000
-93.000000 96.000000
66
-64.000000 -19.000000
-93.000000 61.000000
223
-39.000000 26.000000
-56.000000 75.000000
71
19.000000 -32.000000
-94.000000 -25.000000
89
0.000000 22.000000
54.000000 -43.000000
146
85.000000 -94.000000
-59.000000 80.000000
141
-90.000000 -6.000000
98.000000 -4.000000
150
91.000000 41.000000
-82.000000 52.000000
137
-96.000000 -69.000000
53.000000 -4.000000
231
86.000000 -69.000000
52.000000 81.000000
148
84.000000 76.000000
-70.000000 51.000000
68
-13.000000 -50.000000
85.000000 -16.000000
161
27.000000 -87.000000
59.000000 74.000000
86
-48.000000 9.000000
-93.000000 -34.000000
108
-42.000000 -57.000000
89.000000 -33.000000
196
-48.000000 4.000000
-92.000000 -17.000000
129
65.000000 96.000000
83.000000 -27.000000
124
19.000000 -40.000000
94.000000 82.000000
153
11.000000 -54.000000
50.000000 -45.000000
188
44.000000 53.000000
-99.000000 62.000000
232
14.000000 6.000000
99.000000 70.000000
224
86.000000 -35.000000
-52.000000 -27.000000
242
64.000000 -7.000000
92.000000 82.000000
243
40.000000 -50.000000
97.000000 73.000000
142
-14.000000 -89.000000
-52.000000 -7.000000
108
35.000000 -41.000000
-50.000000 95.000000
196
12.000000 -33.000000
66.000000 -15.000000
203
59.000000 -38.000000
-96.000000 58.000000
207
41.000000 -82.000000
-80.000000 69.000000
73
-66.000000 -44.000000
53.000000 -10.000000
141
11.000000 83.000000
95.000000 72.000000
88
-61.000000 -11.000000
-62.000000 -15.000000
60
67.000000 -40.000000
-84.000000 54.000000
65
-33.000000 90.000000
-94.000000 83.000000
142
49.000000 74.000000
-75.000000 78.000000
139
68.000000 -16.000000
-95.000000 53.000000
234
-79.000000 20.000000
-70.000000 -4.000000
65
-84.000000 -90.000000
-84.000000 -3.000000
183
-82.000000 38.000000
-95.000000 -45.000000
150
-24.000000 -75.000000
90.000000 51.000000
228
-7.000000 72.000000
73.000000 51.000000
129
-90.000000 76.000000
-93.000000 62.000000
233
-67.000000 40.000000
-67.000000 64.000000
99
-37.000000 47.000000
-84.000000 -12.000000
98
-86.000000 16.000000
87.000000 77.000000
222
-63.000000 15.000000
-68.000000 72.000000
66
-41.000000 66.000000
54.000000 -19.000000
147
72.000000 1.000000
-90.000000 -40.000000
100
-38.000000 1.000000
-87.000000 62.000000
245
-12.000000 -39.000000
50.000000 -3.000000
178
-87.000000 10.000000
-82.000000 -29.000000
194
-53.000000 55.000000
95.000000 67.000000
64
-27.000000 -18.000000
-75.000000 70.000000
109
-23.000000 72.000000
-90.000000 -10.000000
166
-44.000000 -73.000000
-73.000000 86.000000
179
-71.000000 -75.000000
68.000000 -39.000000
123
-3.000000 -30.000000
-64.000000 -24.000000
123
-20.000000 -59.000000
69.000000 94.000000
140
86.000000 -31.000000
-82.000000 -36.000000
140
16.000000 -35.000000
61.000000 -47.000000
193
-72.000000 44.000000
90.000000 -33.000000
238
52.000000 94.000000
72.000000 -3.000000
107
-12.000000 51.000000
-59.000000 -21.000000
90
34.000000 -77.000000
-97.000000 97.000000
159
5.000000 -90.000000
-82.000000 -49.000000
119
29.000000 25.000000
-94.000000 -37.000000
102
-91.000000 81.000000
57.000000 95.000000
192
59.000000 -51.000000
68.000000 59.000000
169
8.000000 39.000000
89.000000 50.000000
134
93.000000 -14.000000
62.000000 -38.000000
209
79.000000 -56.000000
-59.000000 95.000000
57
49.000000 -27.000000
-57.000000 67.000000
74
-8.000000 -27.000000
58.000000 -17.000000
102
-38.000000 72.000000
-62.000000 -28.000000
178
-38.000000 62.000000
69.000000 -36.000000
234
-64.000000 -93.000000
77.000000 -1.000000
218
-22.000000 -17.000000
59.000000 97.000000
213
-38.000000 90.000000
-61.000000 54.000000
188
-53.000000 26.000000
77.000000 91.000000
125
92.000000 12.000000
53.000000 -41.000000
164
42.000000 -93.000000
98.000000 81.000000
190
-65.000000 -25.000000
-68.000000 92.000000
53
14.000000 95.000000
64.000000 96.000000
165
-45.000000 -31.000000
-91.000000 79.000000
215
-20.000000 27.000000
83.000000 -37.000000
227
34.000000 -47.000000
66.000000 94.000000
116
-47.000000 -22.000000
84.000000 64.000000
109
97.000000 -68.000000
58.000000 -17.000000
200
-78.000000 -93.000000
-57.000000 -16.000000
221
38.000000 -28.000000
-93.000000 -22.000000
137
-1.000000 24.000000
84.000000 -28.000000
142
-44.000000 21.000000
-50.000000 62.000000
68
-5.000000 77.000000
-89.000000 -28.000000
137
-54.000000 10.000000
51.000000 90.000000
181
91.000000 58.000000
-96.000000 82.000000
224
-61.000000 -80.000000
56.000000 -17.000000
128
1.000000 -65.000000
61.000000 -15.000000
56
82.000000 -19.000000
-92.000000 95.000000
126
82.000000 4.000000
-91.000000 -22.000000
220
4.000000 96.000000
77.000000 -47.000000
114
-49.000000 -93.000000
-85.000000 92.000000
232
81.000000 -79.000000
-90.000000 -7.000000
108
39.000000 27.000000
-56.000000 -38.000000
79
41.000000 36.000000
53.000000 61.000000
204
99.000000 -90.000000
-57.000000 81.000000
131
-6.000000 -37.000000
86.000000 60.000000
233
-74.000000 -64.000000
-86.000000 55.000000
206
70.000000 -98.000000
-56.000000 55.000000
55
48.000000 94.000000
84.000000 -23.000000
91
4.000000 -57.000000
66.000000 -21.000000
180
91.000000 58.000000
89.000000 62.000000
61
92.000000 63.000000
-68.000000 -31.000000
112
89.000000 -49.000000
96.000000 90.000000
137
-13.000000 71.000000
-93.000000 -41.000000
189
-57.000000 99.000000
-55.000000 79.000000
103
-2.000000 -90.000000
-94.000000 -30.000000
176
-58.000000 -52.000000
52.000000 -19.000000
220
97.000000 -29.000000
77.000000 81.000000
195
97.000000 -9.000000
-66.000000 94.000000
139
52.000000 -2.000000
88.000000 -5.000000
244
-81.000000 99.000000
-69.000000 69.000000
93
37.000000 33.000000
77.000000 -24.000000
185
-84.000000 -96.000000
-87.000000 -39.000000
176
-12.000000 -50.000000
78.000000 81.000000
71
60.000000 -38.000000
-73.000000 54.000000
204
-47.000000 14.000000
-87.000000 60.000000
65
6.000000 16.000000
56.000000 -13.000000
170
-23.000000 8.000000
93.000000 50.000000
101
88.000000 22.000000
73.000000 74.000000
215
62.000000 -79.000000
54.000000 -18.000000
88
72.000000 -44.000000
-89.000000 95.000000
136
-23.000000 84.000000
-75.000000 -6.000000
59
89.000000 79.000000
59.000000 -20.000000
139
65.000000 -60.000000
-72.000000 77.000000
198
77.000000 -6.000000
67.000000 -31.000000
146
21.000000 -2.000000
-51.000000 -38.000000
151
-80.000000 8.000000
65.000000 -20.000000
192
-85.000000 15.000000
92.000000 58.000000
89
45.000000 92.000000
61.000000 72.000000
241
0.000000 82.000000
64.000000 98.000000
102
-82.000000 -79.000000
58.000000 78.000000
194
98.000000 79.000000
66.000000 82.000000
195
-81.000000 -46.000000
89.000000 -34.000000
124
-70.000000 61.000000
95.000000 -5.000000
113
-9.000000 81.000000
76.000000 57.000000
132
-5.000000 96.000000
75.000000 92.000000
156
8.000000 -98.000000
94.000000 85.000000
121
-89.000000 79.000000
-54.000000 79.000000
223
-51.000000 -4.000000
-94.000000 -19.000000
144
-76.000000 84.000000
-53.000000 -2.000000
138
-39.000000 -30.000000
91.000000 -1.000000
118
25.000000 57.000000
86.000000 57.000000
94
-19.000000 35.000000
-57.000000 -22.000000
119
-94.000000 -61.000000
90.000000 55.000000
63
59.000000 -77.000000
-73.000000 -42.000000
118
66.000000 -86.000000
51.000000 66.000000
137
-60.000000 -22.000000
88.000000 -34.000000
194
-53.000000 4.000000
78.000000 86.000000
215
8.000000 -89.000000
-76.000000 -5.000000
203
51.000000 37.000000
88.000000 -46.000000
225
93.000000 26.000000
-75.000000 94.000000
138
-74.000000 -80.000000
55.000000 -16.000000
81
-60.000000 -94.000000
51.000000 -40.000000
249
-99.000000 10.000000
-81.000000 -48.000000
237
-50.000000 83.000000
-97.000000 -18.000000
80
-24.000000 80.000000
72.000000 -20.000000
61
99.000000 -67.000000
68.000000 95.000000
80
-7.000000 -59.000000
-99.000000 98.000000
242
-22.000000 95.000000
51.000000 99.000000
139
21.000000 1.000000
64.000000 53.000000
151
83.000000 92.000000
82.000000 -49.000000
147
21.000000 42.000000
60.000000 -1.000000
140
55.000000 -69.000000
-83.000000 -18.000000
197
69.000000 -39.000000
-73.000000 -45.000000
214
67.000000 -24.000000
95.000000 -43.000000
120
-98.000000 84.000000
-82.000000 -25.000000
112
9.000000 25.000000
-93.000000 59.000000
77
-8.000000 -6.000000
-90.000000 99.000000
231
-77.000000 61.000000
81.000000 57.000000
109
47.000000 60.000000
83.000000 -7.000000
177
28.000000 -55.000000
-95.000000 -32.000000
105
30.000000 -19.000000
-80.000000 -6.000000
58
-94.000000 12.000000
-70.000000 70.000000
57
-25.000000 88.000000
97.000000 -14.000000
157
0.000000 -53.000000
-90.000000 -14.000000
77
-6.000000 -43.000000
97.000000 85.000000
136
-81.000000 -11.000000
96.000000 69.000000
96
18.000000 -85.000000
94.000000 88.000000
226
67.000000 -27.000000
62.000000 84.000000
223
-34.000000 -78.000000
98.000000 -1.000000
234
22.000000 58.000000
77.000000 -46.000000
148
-48.000000 -17.000000
-61.000000 -28.000000
224
-62.000000 -1.000000
-61.000000 -28.000000
50
72.000000 -26.000000
84.000000 -2.000000
93
-93.000000 -43.000000
92.000000 52.000000
109
-40.000000 -31.000000
-71.000000 -40.000000
55
-94.000000 23.000000
98.000000 76.000000
230
38.000000 89.000000
-77.000000 70.000000
176
-74.000000 -14.000000
65.000000 -9.000000
144
83.000000 98.000000
98.000000 95.000000
212
53.000000 32.000000
-53.000000 -43.000000
51
-17.000000 -27.000000
80.000000 83.000000
169
-70.000000 -63.000000
-95.000000 73.000000
87
-5.000000 31.000000
-98.000000 60.000000
233
-25.000000 30.000000
50.000000 57.000000
179
39.000000 27.000000
-68.000000 56.000000
141
-21.000000 60.000000
-55.000000 -7.000000
111
38.000000 -81.000000
-89.000000 69.000000
75
38.000000 -33.000000
-55.000000 84.000000
188
-8.000000 -71.000000
-86.000000 62.000000
214
55.000000 37.000000
89.000000 95.000000
66
-71.000000 -7.000000
-73.000000 85.000000
211
94.000000 -5.000000
-54.000000 -20.000000
59
69.000000 -26.000000
-97.000000 -30.000000
181
43.000000 42.000000
83.000000 69.000000
81
33.000000 -59.000000
-68.000000 85.000000
172
-68.000000 -66.000000
96.000000 -37.000000
174
-45.000000 -32.000000
-58.000000 -3.000000
178
35.000000 2.000000
67.000000 52.000000
249
-82.000000 -59.000000
53.000000 -39.000000
185
-91.000000 -7.000000
78.000000 69.000000
94
-53.000000 87.000000
52.000000 94.000000
100
28.000000 -67.000000
53.000000 -42.000000
86
-75.000000 -74.000000
-52.000000 54.000000
231
-67.000000 -1.000000
52.000000 -50.000000
103
34.000000 98.000000
79.000000 -13.000000
190
-84.000000 -54.000000
-68.000000 -15.000000
136
-21.000000 -32.000000
-82.000000 -48.000000
137
5.000000 43.000000
-80.000000 52.000000
115
23.000000 64.000000
-90.000000 90.000000
222
-71.000000 -21.000000
79.000000 85.000000
177
-28.000000 66.000000
61.000000 79.000000
85
42.000000 37.000000
80.000000 74.000000
218
54.000000 16.000000
-61.000000 -8.000000
95
-49.000000 86.000000
91.000000 98.000000
215
-93.000000 -74.000000
53.000000 54.000000
128
-61.000000 81.000000
-57.000000 -43.000000
125
75.000000 -17.000000
63.000000 -5.000000
208
-62.000000 -49.000000
62.000000 -21.000000
131
-91.000000 -16.000000
60.000000 78.000000
91
-38.000000 -91.000000
94.000000 -44.000000
96
-6.000000 53.000000
73.000000 83.000000
241
-84.000000 -2.000000
77.000000 -17.000000
158
90.000000 11.000000
-90.000000 -16.000000
188
58.000000 -42.000000
95.000000 52.000000
130
32.000000 -7.000000
-84.000000 -8.000000
233
67.000000 14.000000
-64.000000 67.000000
246
-99.000000 47.000000
96.000000 56.000000
52
16.000000 -90.000000
-57.000000 98.000000
100
-27.000000 -56.000000
-59.000000 51.000000
201
-23.000000 -19.000000
68.000000 -11.000000
195
89.000000 66.000000
-89.000000 -35.000000
81
-32.000000 97.000000
74.000000 53.000000
171
97.000000 -58.000000
-87.000000 74.000000
229
-8.000000 -26.000000
62.000000 77.000000
97
-37.000000 -93.000000
-59.000000 -14.000000
88
-83.000000 -29.000000
50.000000 68.000000
63
6.000000 -40.000000
80.000000 97.000000
97
97.000000 12.000000
-99.000000 76.000000
222
-55.000000 34.000000
-56.000000 -6.000000
235
-19.000000 -46.000000
-68.000000 91.000000
189
-59.000000 -88.000000
85.000000 -40.000000
219
24.000000 -21.000000
51.000000 -41.000000
85
-84.000000 18.000000
76.000000 -13.000000
76
-92.000000 16.000000
66.000000 -42.000000
101
-73.000000 -58.000000
54.000000 52.000000
108
40.000000 45.000000
64.000000 -30.000000
222
-20.000000 49.000000
69.000000 -27.000000
151
47.000000 -9.000000
86.000000 57.000000
233
81.000000 34.000000
-87.000000 -11.000000
106
34.000000 -20.000000
64.000000 86.000000
113
-96.000000 -7.000000
-58.000000 -8.000000
102
40.000000 -39.000000
53.000000 -23.000000
72
-44.000000 -89.000000
-81.000000 -17.000000
118
-82.000000 -21.000000
83.000000 -47.000000
160
65.000000 76.000000
-68.000000 61.000000
87
61.000000 -53.000000
-74.000000 78.000000
57
-84.000000 5.000000
59.000000 77.000000
233
-97.000000 -27.000000
-54.000000 -23.000000
83
-68.000000 64.000000
-63.000000 -19.000000
137
-12.000000 -37.000000
81.000000 93.000000
148
64.000000 11.000000
93.000000 59.000000
141
99.000000 15.000000
-68.000000 -32.000000
110
-22.000000 28.000000
-80.000000 -28.000000
204
27.000000 0.000000
65.000000 -36.000000
220
18.000000 79.000000
-73.000000 69.000000
244
-65.000000 -0.000000
-85.000000 67.000000
126
-45.000000 -46.000000
80.000000 -33.000000
163
-74.000000 -39.000000
79.000000 64.000000
247
-16.000000 55.000000
-66.000000 -38.000000
173
58.000000 70.000000
93.000000 -39.000000
94
62.000000 91.000000
80.000000 -15.000000
161
-98.000000 -8.000000
-73.000000 82.000000
172
0.000000 -29.000000
64.000000 72.000000
173
-87.000000 39.000000
-98.000000 -43.000000
120
-66.000000 97.000000
59.000000 -48.000000
177
-62.000000 -69.000000
93.000000 64.000000
138
-58.000000 56.000000
-71.000000 73.000000
131
-47.000000 -54.000000
-93.000000 -42.000000
145
57.000000 37.000000
-79.000000 -3.000000
59
-30.000000 95.000000
93.000000 94.000000
240
-51.000000 -18.000000
50.000000 53.000000
220
-88.000000 41.000000
-96.000000 63.000000
164
-7.000000 91.000000
81.000000 -45.000000
238
-16.000000 47.000000
-90.000000 -44.000000
218
-99.000000 2.000000
65.000000 -47.000000
238
-19.000000 -81.000000
-54.000000 84.000000
137
80.000000 50.000000
-56.000000 66.000000
124
-33.000000 21.000000
-92.000000 -50.000000
197
-91.000000 17.000000
-79.000000 74.000000
119
56.000000 11.000000
80.000000 -20.000000
243
0.000000 96.000000
56.000000 99.000000
149
74.000000 -99.000000
90.000000 -44.000000
191
-14.000000 -76.000000
54.000000 54.000000
174
44.000000 -81.000000
76.000000 83.000000
223
18.000000 75.000000
50.000000 -37.000000
211
25.000000 19.000000
79.000000 82.000000
76
33.000000 73.000000
-94.000000 65.000000
105
11.000000 -17.000000
60.000000 -6.000000
241
-53.000000 -15.000000
-54.000000 -6.000000
243
-23.000000 77.000000
-88.000000 -39.000000
174
67.000000 10.000000
-77.000000 -25.000000
131
4.000000 5.000000
51.000000 -5.000000
223
-80.000000 -62.000000
-79.000000 60.000000
132
-43.000000 38.000000
80.000000 -34.000000
126
-44.000000 19.000000
-57.000000 67.000000
221
-96.000000 36.000000
-92.000000 -20.000000
137
54.000000 12.000000
88.000000 57.000000
127
9.000000 89.000000
-62.000000 -26.000000
192
-57.000000 86.000000
-55.000000 -30.000000
57
-45.000000 -84.000000
78.000000 -14.000000
122
-94.000000 88.000000
79.000000 -38.000000
73
-0.000000 2.000000
-52.000000 80.000000
206
-87.000000 -80.000000
-86.000000 -19.000000
249
83.000000 -50.000000
-69.000000 73.000000
220
-0.000000 20.000000
-95.000000 72.000000
76
-17.000000 81.000000
-78.000000 54.000000
146
53.000000 41.000000
76.000000 82.000000
209
0.000000 -82.000000
54.000000 97.000000
145
62.000000 -0.000000
-95.000000 68.000000
140
84.000000 62.000000
63.000000 79.000000
248
4.000000 99.000000
63.000000 84.000000
129
22.000000 35.000000
95.000000 -6.000000
180
89.000000 -81.000000
-58.000000 -21.000000
109
33.000000 74.000000
78.000000 -47.000000
221
59.000000 -12.000000
-66.000000 -36.000000
197
-69.000000 77.000000
-99.000000 73.000000
220
-11.000000 -78.000000
-74.000000 83.000000
221
37.000000 9.000000
91.000000 52.000000
181
-26.000000 94.000000
-64.000000 92.000000
93
-93.000000 5.000000
88.000000 81.000000
88
97.000000 -6.000000
-65.000000 -42.000000
88
-86.000000 82.000000
91.000000 -21.000000
195
96.000000 -61.000000
-99.000000 -4.000000
82
4.000000 -52.000000
87.000000 -30.000000
110
-53.000000 -25.000000
51.000000 -3.000000
118
-93.000000 -54.000000
-98.000000 64.000000
82
-55.000000 97.000000
85.000000 72.000000
238
-38.000000 37.000000
52.000000 81.000000
101
12.000000 -39.000000
-53.000000 -44.000000
130
-1.000000 -89.000000
-78.000000 -48.000000
196
-62.000000 -48.000000
-77.000000 58.000000
149
-47.000000 -31.000000
97.000000 -48.000000
155
12.000000 -14.000000
-99.000000 58.000000
122
-58.000000 -23.000000
-83.000000 -40.000000
87
-46.000000 54.000000
-55.000000 -40.000000
213
-78.000000 54.000000
-75.000000 -44.000000
56
87.000000 95.000000
76.000000 -23.000000
161
10.000000 55.000000
-90.000000 88.000000
200
95.000000 51.000000
-92.000000 -46.000000
96
51.000000 -90.000000
87.000000 -12.000000
185
-83.000000 88.000000
-59.000000 -9.000000
155
1.000000 -50.000000
-98.000000 -20.000000
206
-73.000000 -87.000000
-86.000000 81.000000
109
-67.000000 -44.000000
-64.000000 57.000000
197
-85.000000 82.000000
-90.000000 70.000000
245
92.000000 -42.000000
73.000000 -42.000000
67
-48.000000 94.000000
-70.000000 -22.000000
77
86.000000 26.000000
-63.000000 58.000000
227
48.000000 79.000000
70.000000 -16.000000
179
-73.000000 -4.000000
73.000000 55.000000
184
94.000000 -93.000000
-58.000000 59.000000
230
-79.000000 64.000000
93.000000 -18.000000
107
93.000000 -64.000000
67.000000 -13.000000
112
21.000000 -25.000000
56.000000 78.000000
163
1.000000 78.000000
87.000000 -21.000000
135
46.000000 9.000000
62.000000 -20.000000
214
-76.000000 69.000000
-52.000000 -31.000000
242
94.000000 -56.000000
-73.000000 -33.000000
238
10.000000 -78.000000
64.000000 76.000000
109
-85.000000 91.000000
-85.000000 -25.000000
201
34.000000 -48.000000
87.000000 70.000000
93
21.000000 -46.000000
-96.000000 95.000000
166
10.000000 -75.000000
-69.000000 -30.000000
246
55.000000 51.000000
-86.000000 -37.000000
189
33.000000 12.000000
79.000000 90.000000
147
-13.000000 -17.000000
95.000000 98.000000
161
-90.000000 -64.000000
68.000000 -44.000000
222
79.000000 -87.000000
-61.000000 59.000000
64
-93.000000 13.000000
76.000000 63.000000
216
-2.000000 66.000000
-70.000000 -40.000000
114
-24.000000 29.000000
80.000000 -21.000000
185
-52.000000 -54.000000
64.000000 -19.000000
64
63.000000 82.000000
54.000000 -12.000000
169
-93.000000 11.000000
54.000000 -31.000000
214
72.000000 77.000000
67.000000 57.000000
175
21.000000 16.000000
95.000000 -22.000000
133
51.000000 4.000000
-67.000000 -3.000000
162
34.000000 -52.000000
-91.000000 -42.000000
144
24.000000 33.000000
81.000000 60.000000
148
-28.000000 24.000000
61.000000 92.000000
161
-86.000000 -54.000000
53.000000 -15.000000
228
3.000000 -90.000000
60.000000 -20.000000
157
99.000000 -80.000000
58.000000 -3.000000
182
50.000000 -74.000000
-74.000000 74.000000
71
77.000000 94.000000
-79.000000 89.000000
106
-48.000000 76.000000
-86.000000 -36.000000
220
29.000000 -76.000000
60.000000 80.000000
124
69.000000 96.000000
97.000000 86.000000
207
32.000000 -74.000000
81.000000 69.000000
83
-80.000000 -2.000000
-54.000000 -31.000000
67
-35.000000 -52.000000
98.000000 88.000000
216
-79.000000 -66.000000
58.000000 79.000000
140
-96.000000 -76.000000
91.000000 -1.000000
108
39.000000 79.000000
84.000000 -17.000000
69
77.000000 14.000000
61.000000 79.000000
216
28.000000 34.000000
72.000000 -13.000000
174
49.000000 62.000000
-60.000000 -27.000000
112
76.000000 -91.000000
89.000000 -27.000000
66
-20.000000 -73.000000
-69.000000 -49.000000
72
-72.000000 44.000000
70.000000 62.000000
89
63.000000 49.000000
-90.000000 87.000000
94
-50.000000 27.000000
-68.000000 -36.000000
121
-50.000000 -1.000000
97.000000 71.000000
114
-99.000000 64.000000
68.000000 -36.000000
85
-86.000000 89.000000
-87.000000 -2.000000
243
-48.000000 -6.000000
-82.000000 -34.000000
149
-43.000000 -82.000000
98.000000 57.000000
172
2.000000 -43.000000
-67.000000 72.000000
220
-66.000000 94.000000
87.000000 -46.000000
148
41.000000 15.000000
-57.000000 52.000000
89
-54.000000 -15.000000
-93.000000 -5.000000
159
68.000000 66.000000
-56.000000 88.000000
172
8.000000 -88.000000
79.000000 80.000000
81
-34.000000 -64.000000
59.000000 71.000000
231
-8.000000 96.000000
75.000000 -28.000000
193
21.000000 -91.000000
-74.000000 57.000000
68
64.000000 5.000000
72.000000 -12.000000
240
-3.000000 -58.000000
-52.000000 -48.000000
235
95.000000 -57.000000
73.000000 78.000000
223
-68.000000 -11.000000
95.000000 -24.000000
135
-31.000000 65.000000
60.000000 -3.000000
241
0.000000 21.000000
54.000000 -49.000000
116
62.000000 -70.000000
62.000000 -7.000000
59
-73.000000 59.000000
76.000000 85.000000
211
53.000000 -15.000000
-59.000000 76.000000
201
57.000000 -98.000000
-79.000000 -39.000000
82
56.000000 12.000000
97.000000 81.000000
211
56.000000 -59.000000
-76.000000 -30.000000
189
-24.000000 76.000000
-87.000000 -12.000000
131
38.000000 26.000000
64.000000 98.000000
144
72.000000 41.000000
62.000000 -21.000000
148
-79.000000 23.000000
-87.000000 -42.000000
207
64.000000 7.000000
78.000000 54.000000
51
-73.000000 -91.000000
59.000000 -28.000000
75
-29.000000 -37.000000
-66.000000 -36.000000
119
58.000000 -37.000000
61.000000 -26.000000
91
4.000000 13.000000
90.000000 -17.000000
57
87.000000 85.000000
89.000000 69.000000
143
-22.000000 50.000000
-82.000000 -39.000000
165
31.000000 19.000000
66.000000 86.000000
209
82.000000 1.000000
98.000000 80.000000
81
-39.000000 26.000000
96.000000 -18.000000
226
-33.000000 37.000000
-86.000000 57.000000
142
96.000000 62.000000
56.000000 -13.000000
173
-63.000000 18.000000
90.000000 -24.000000
80
-36.000000 5.000000
66.000000 83.000000
181
98.000000 -72.000000
-63.000000 89.000000
174
-26.000000 -6.000000
94.000000 89.000000
202
52.000000 92.000000
58.000000 87.000000
84
-74.000000 -82.000000
63.000000 -41.000000
245
8.000000 -50.000000
52.000000 97.000000
71
14.000000 28.000000
85.000000 68.000000
238
-58.000000 87.000000
-50.000000 -16.000000
107
35.000000 -3.000000
-59.000000 67.000000
225
5.000000 -41.000000
-76.000000 -23.000000
100
-42.000000 27.000000
-73.000000 -16.000000
231
83.000000 -21.000000
-63.000000 63.000000
117
64.000000 91.000000
73.000000 -37.000000
240
99.000000 54.000000
51.000000 81.000000
182
-91.000000 48.000000
-64.000000 -5.000000
216
-79.000000 64.000000
-97.000000 81.000000
215
93.000000 60.000000
-52.000000 80.000000
83
32.000000 52.000000
-77.000000 90.000000
51
28.000000 30.000000
76.000000 52.000000
249
-0.000000 -80.000000
91.000000 98.000000
56
45.000000 41.000000
58.000000 -44.000000
127
-49.000000 66.000000
-97.000000 -48.000000
239
77.000000 -15.000000
66.000000 -41.000000
115
-67.000000 -42.000000
-98.000000 92.000000
130
-73.000000 -86.000000
-64.000000 -4.000000
249
-50.000000 -1.000000
-70.000000 -18.000000
90
97.000000 -85.000000
-70.000000 62.000000
191
60.000000 -42.000000
-97.000000 -3.000000
239
57.000000 -44.000000
96.000000 79.000000
208
7.000000 76.000000
65.000000 -20.000000
139
-52.000000 14.000000
-69.000000 -4.000000
115
28.000000 60.000000
-59.000000 -35.000000
138
-60.000000 -35.000000
51.000000 -15.000000
85
-19.000000 -28.000000
71.000000 87.000000
220
-41.000000 -86.000000
81.000000 74.000000
177
-38.000000 -39.000000
-90.000000 -28.000000
183
87.000000 45.000000
-51.000000 96.000000
98
92.000000 25.000000
87.000000 73.000000
234
10.000000 1.000000
68.000000 -49.000000
121
-36.000000 66.000000
-88.000000 -33.000000
51
17.000000 -48.000000
93.000000 -20.000000
130
-7.000000 1.000000
97.000000 -33.000000
168
-50.000000 46.000000
-55.000000 -16.000000
90
42.000000 -60.000000
81.000000 -26.000000
179
-56.000000 -36.000000
-76.000000 68.000000
243
-91.000000 45.000000
-65.000000 50.000000
144
-32.000000 -88.000000
-75.000000 -13.000000
181
-4.000000 22.000000
59.000000 -29.000000
190
-95.000000 35.000000
72.000000 63.000000
52
-24.000000 -84.000000
-63.000000 -16.000000
240
92.000000 70.000000
-58.000000 64.000000
99
-39.000000 -31.000000
-69.000000 -36.000000
170
-98.000000 21.000000
-51.000000 54.000000
128
-43.000000 54.000000
-89.000000 -31.000000
199
-18.000000 -17.000000
58.000000 -38.000000
214
61.000000 -16.000000
-85.000000 -20.000000
236
-71.000000 -81.000000
54.000000 65.000000
193
16.000000 -41.000000
60.000000 -31.000000
163
99.000000 8.000000
-85.000000 62.000000
88
-48.000000 17.000000
76.000000 -33.000000
222
-85.000000 50.000000
-61.000000 73.000000
207
47.000000 -60.000000
-75.000000 85.000000
158
9.000000 -34.000000
-72.000000 -36.000000
64
42.000000 -81.000000
-93.000000 98.000000
101
-68.000000 -81.000000
-88.000000 69.000000
133
-45.000000 -34.000000
-54.000000 57.000000
106
27.000000 50.000000
-61.000000 91.000000
74
-70.000000 87.000000
-59.000000 -26.000000
246
-42.000000 -57.000000
-86.000000 -10.000000
124
7.000000 -78.000000
63.000000 -7.000000
107
6.000000 -89.000000
-86.000000 -40.000000
123
-90.000000 -13.000000
-55.000000 -30.000000
237
24.000000 -72.000000
-54.000000 77.000000
111
21.000000 71.000000
87.000000 70.000000
205
-56.000000 38.000000
53.000000 -11.000000
190
51.000000 50.000000
-66.000000 -18.000000
230
98.000000 -84.000000
-69.000000 56.000000
150
-38.000000 64.000000
-75.000000 66.000000
153
-56.000000 45.000000
88.000000 84.000000
198
79.000000 -41.000000
-74.000000 79.000000
223
-62.000000 -52.000000
95.000000 61.000000
206
-37.000000 -60.000000
-71.000000 -48.000000
57
34.000000 39.000000
-67.000000 -27.000000
210
-40.000000 -84.000000
-71.000000 -22.000000
100
-32.000000 61.000000
56.000000 -6.000000
194
35.000000 -77.000000
-70.000000 -27.000000
243
92.000000 1.000000
-54.000000 64.000000
246
-33.000000 93.000000
75.000000 -45.000000
160
22.000000 64.000000
94.000000 -41.000000
178
39.000000 63.000000
99.000000 68.000000
186
-12.000000 69.000000
50.000000 81.000000
112
-38.000000 -15.000000
99.000000 -35.000000
134
-80.000000 5.000000
75.000000 -15.000000
69
-53.000000 -99.000000
-99.000000 -38.000000
72
98.000000 -6.000000
58.000000 -2.000000
214
92.000000 -83.000000
98.000000 84.000000
50
44.000000 -47.000000
-71.000000 -4.000000
101
82.000000 -12.000000
-84.000000 -11.000000
113
41.000000 -33.000000
-92.000000 -47.000000
55
-25.000000 -7.000000
-53.000000 71.000000
168
-2.000000 -92.000000
79.000000 -25.000000
128
-87.000000 44.000000
99.000000 84.000000
163
-36.000000 20.000000
53.000000 87.000000
81
20.000000 -25.000000
50.000000 -5.000000
161
-75.000000 -87.000000
-54.000000 -35.000000
159
45.000000 14.000000
-64.000000 96.000000
215
-14.000000 24.000000
76.000000 -46.000000
215
7.000000 61.000000
99.000000 -11.000000
244
69.000000 75.000000
82.000000 -28.000000
191
-67.000000 -58.000000
-89.000000 -7.000000
199
51.000000 -59.000000
-83.000000 -12.000000
92
-46.000000 62.000000
80.000000 87.000000
231
-83.000000 76.000000
-86.000000 66.000000
96
-97.000000 -32.000000
85.000000 92.000000
214
-77.000000 -88.000000
-77.000000 66.000000
231
-5.000000 -36.000000
-52.000000 -17.000000
229
-23.000000 -55.000000
-50.000000 71.000000
198
68.000000 74.000000
-68.000000 -20.000000
187
-64.000000 -10.000000
99.000000 77.000000
57
10.000000 64.000000
67.000000 55.000000
75
-30.000000 23.000000
-91.000000 84.000000
153
16.000000 -62.000000
66.000000 -45.000000
236
34.000000 -38.000000
58.000000 -36.000000
240
51.000000 -10.000000
-68.000000 -48.000000
144
69.000000 43.000000
64.000000 82.000000
167
17.000000 -74.000000
-97.000000 -9.000000
231
91.000000 82.000000
75.000000 60.000000
122
-99.000000 -85.000000
52.000000 -38.000000
151
-86.000000 64.000000
-52.000000 -50.000000
180
20.000000 69.000000
93.000000 96.000000
132
-83.000000 61.000000
84.000000 83.000000
166
-28.000000 5.000000
-97.000000 84.000000
209
24.000000 -36.000000
-88.000000 93.000000
184
-4.000000 -8.000000
74.000000 52.000000
187
3.000000 28.000000
-76.000000 -18.000000
57
-78.000000 82.000000
67.000000 76.000000
145
-40.000000 -5.000000
94.000000 -9.000000
134
22.000000 98.000000
89.000000 88.000000
230
23.000000 13.000000
51.000000 -7.000000
189
34.000000 51.000000
-88.000000 -39.000000
210
45.000000 -18.000000
-76.000000 -5.000000
244
-28.000000 -76.000000
82.000000 -14.000000
234
-22.000000 -96.000000
73.000000 62.000000
90
-41.000000 -92.000000
-50.000000 69.000000
183
-65.000000 -57.000000
82.000000 77.000000
174
-32.000000 -23.000000
79.000000 65.000000
204
15.000000 8.000000
-91.000000 68.000000
133
6.000000 -79.000000
79.000000 -17.000000
234
-21.000000 17.000000
76.000000 91.000000
205
7.000000 18.000000
89.000000 -10.000000
154
79.000000 -5.000000
98.000000 -36.000000
90
26.000000 55.000000
-65.000000 -23.000000
136
87.000000 -55.000000
-69.000000 -35.000000
161
-53.000000 -7.000000
-92.000000 86.000000
200
-28.000000 -47.000000
-66.000000 83.000000
116
-37.000000 11.000000
-88.000000 99.000000
103
44.000000 9.000000
75.000000 -11.000000
214
-93.000000 -13.000000
94.000000 94.000000
153
82.000000 84.000000
91.000000 63.000000
75
38.000000 -77.000000
-75.000000 -36.000000
112
67.000000 2.000000
-59.000000 78.000000
58
-42.000000 -80.000000
68.000000 74.000000
159
26.000000 44.000000
60.000000 -1.000000
147
36.000000 -33.000000
65.000000 -41.000000
181
-76.000000 -29.000000
-84.000000 69.000000
242
72.000000 -30.000000
-68.000000 71.000000
192
74.000000 49.000000
-87.000000 -11.000000
240
-18.000000 40.000000
-51.000000 85.000000
79
-36.000000 -69.000000
-86.000000 -9.000000
185
78.000000 -78.000000
-96.000000 50.000000
226
65.000000 27.000000
-90.000000 80.000000
157
34.000000 50.000000
-66.000000 -24.000000
137
-68.000000 -30.000000
95.000000 56.000000
222
23.000000 -82.000000
73.000000 -44.000000
145
-0.000000 -45.000000
-87.000000 -29.000000
185
26.000000 33.000000
-90.000000 50.000000
110
-40.000000 12.000000
60.000000 -6.000000
76
-54.000000 26.000000
72.000000 -27.000000
197
50.000000 31.000000
-94.000000 51.000000
170
35.000000 -48.000000
-51.000000 80.000000
92
97.000000 -20.000000
-55.000000 -47.000000
148
-79.000000 -32.000000
82.000000 -18.000000
150
-25.000000 52.000000
-62.000000 93.000000
222
-39.000000 10.000000
-54.000000 -21.000000
122
-99.000000 29.000000
58.000000 67.000000
82
-82.000000 57.000000
82.000000 -15.000000
170
-75.000000 25.000000
87.000000 87.000000
211
40.000000 56.000000
78.000000 -23.000000
92
-90.000000 -28.000000
95.000000 -24.000000
110
72.000000 72.000000
-70.000000 95.000000
133
-27.000000 4.000000
57.000000 -10.000000
154
15.000000 34.000000
69.000000 79.000000
112
98.000000 -92.000000
76.000000 -38.000000
66
61.000000 72.000000
-85.000000 -16.000000
87
-8.000000 -13.000000
84.000000 95.000000
239
-33.000000 -20.000000
-83.000000 -13.000000
135
-93.000000 -54.000000
-84.000000 93.000000
108
-60.000000 -32.000000
-81.000000 -46.000000
170
-46.000000 92.000000
-69.000000 -22.000000
78
-21.000000 -92.000000
72.000000 53.000000
86
-89.000000 -96.000000
67.000000 95.000000
82
8.000000 42.000000
-59.000000 92.000000
246
-60.000000 0.000000
-52.000000 -12.000000
62
-39.000000 45.000000
-70.000000 88.000000
195
-13.000000 1.000000
-91.000000 -46.000000
207
85.000000 9.000000
-68.000000 -20.000000
172
-41.000000 27.000000
80.000000 -41.000000
72
-67.000000 80.000000
-93.000000 63.000000
88
7.000000 58.000000
53.000000 -46.000000
170
31.000000 84.000000
50.000000 -43.000000
158
-0.000000 -35.000000
-77.000000 -39.000000
128
-79.000000 61.000000
59.000000 92.000000
228
40.000000 -96.000000
52.000000 98.000000
229
77.000000 1.000000
-62.000000 94.000000
70
11.000000 77.000000
-89.000000 -5.000000
187
-98.000000 13.000000
-81.000000 -48.000000
211
70.000000 -3.000000
62.000000 76.000000
176
32.000000 -70.000000
53.000000 80.000000
112
57.000000 50.000000
-88.000000 -7.000000
67
-40.000000 49.000000
83.000000 -26.000000
194
82.000000 63.000000
-72.000000 -9.000000
164
4.000000 -88.000000
-61.000000 87.000000
180
17.000000 -74.000000
86.000000 -33.000000
111
70.000000 -4.000000
80.000000 76.000000
79
63.000000 66.000000
-88.000000 81.000000
141
-21.000000 -75.000000
-72.000000 73.000000
55
-85.000000 9.000000
91.000000 58.000000
125
-93.000000 31.000000
76.000000 56.000000
169
-54.000000 -30.000000
-94.000000 -46.000000
77
96.000000 -35.000000
-78.000000 92.000000
62
-70.000000 76.000000
-99.000000 -10.000000
119
60.000000 -35.000000
62.000000 -39.000000
95
-56.000000 -66.000000
91.000000 -34.000000
81
97.000000 44.000000
77.000000 -35.000000
195
-48.000000 -90.000000
71.000000 -44.000000
142
-31.000000 -62.000000
65.000000 95.000000
230
40.000000 -4.000000
85.000000 -25.000000
196
16.000000 -40.000000
88.000000 53.000000
144
11.000000 70.000000
95.000000 50.000000
233
-23.000000 -9.000000
82.000000 84.000000
232
-64.000000 -13.000000
-77.000000 -49.000000
182
46.000000 15.000000
73.000000 98.000000
87
49.000000 61.000000
-71.000000 67.000000
162
-84.000000 -75.000000
-73.000000 -44.000000
97
86.000000 2.000000
83.000000 62.000000
214
79.000000 -69.000000
55.000000 -40.000000
58
19.000000 -84.000000
83.000000 56.000000
120
-39.000000 -78.000000
64.000000 94.000000
98
-22.000000 -32.000000
-78.000000 -15.000000
131
-41.000000 -67.000000
-95.000000 83.000000
176
42.000000 59.000000
71.000000 95.000000
78
-10.000000 5.000000
77.000000 69.000000
61
-54.000000 48.000000
72.000000 -35.000000
90
-72.000000 -42.000000
-63.000000 97.000000
133
-56.000000 47.000000
-90.000000 58.000000
115
-83.000000 -16.000000
-85.000000 -9.000000
248
-91.000000 -91.000000
-55.000000 92.000000
127
-58.000000 44.000000
-85.000000 -22.000000
71
-34.000000 -80.000000
81.000000 -35.000000
171
-96.000000 14.000000
54.000000 -27.000000
239
54.000000 34.000000
-74.000000 -44.000000
165
22.000000 -35.000000
93.000000 53.000000
87
-34.000000 -22.000000
-91.000000 98.000000
139
45.000000 -89.000000
-85.000000 -47.000000
215
-53.000000 72.000000
59.000000 81.000000
81
-31.000000 -33.000000
-55.000000 -43.000000
63
26.000000 21.000000
55.000000 -15.000000
100
70.000000 -65.000000
83.000000 75.000000
147
39.000000 -59.000000
74.000000 57.000000
182
35.000000 -91.000000
82.000000 -42.000000
219
-35.000000 -77.000000
-99.000000 90.000000
167
-79.000000 65.000000
54.000000 68.000000
113
-43.000000 79.000000
-98.000000 77.000000
88
6.000000 -31.000000
87.000000 92.000000
76
49.000000 -77.000000
75.000000 89.000000
128
-38.000000 80.000000
89.000000 -11.000000
52
36.000000 19.000000
64.000000 -16.000000
246
-20.000000 50.000000
76.000000 -49.000000
182
86.000000 -86.000000
-53.000000 -45.000000
188
41.000000 80.000000
-70.000000 -41.000000
79
66.000000 74.000000
-94.000000 84.000000
141
39.000000 87.000000
-58.000000 -22.000000
120
71.000000 5.000000
87.000000 -22.000000
73
92.000000 -34.000000
-82.000000 61.000000
113
-76.000000 -72.000000
55.000000 66.000000
197
90.000000 -20.000000
62.000000 54.000000
216
78.000000 -25.000000
93.000000 -26.000000
176
61.000000 19.000000
-63.000000 94.000000
57
95.000000 31.000000
-70.000000 88.000000
249
51.000000 -60.000000
-57.000000 -28.000000
115
-5.000000 22.000000
60.000000 -13.000000
175
86.000000 -1.000000
-57.000000 -32.000000
245
-26.000000 -2.000000
54.000000 -18.000000
244
17.000000 -97.000000
-71.000000 -8.000000
222
-46.000000 -50.000000
64.000000 -44.000000
54
3.000000 21.000000
-93.000000 80.000000
108
69.000000 -66.000000
-81.000000 91.000000
180
-73.000000 -66.000000
-89.000000 -21.000000
87
-56.000000 -25.000000
84.000000 94.000000
216
-3.000000 -10.000000
90.000000 74.000000
85
-93.000000 26.000000
-80.000000 86.000000
203
-12.000000 -61.000000
-55.000000 -4.000000
81
-94.000000 -41.000000
60.000000 -27.000000
125
64.000000 6.000000
89.000000 61.000000
120
2.000000 61.000000
-77.000000 -36.000000
119
96.000000 64.000000
92.000000 -39.000000
82
-27.000000 93.000000
87.000000 -10.000000
124
-46.000000 -71.000000
-95.000000 -14.000000
167
-32.000000 18.000000
85.000000 96.000000
215
-87.000000 94.000000
-58.000000 -18.000000
211
98.000000 69.000000
94.000000 -37.000000
112
65.000000 95.000000
94.000000 -28.000000
95
-40.000000 -98.000000
-52.000000 96.000000
60
-65.000000 -73.000000
87.000000 -46.000000
170
77.000000 -10.000000
-91.000000 -8.000000
205
69.000000 -88.000000
-78.000000 -46.000000
65
-42.000000 6.000000
86.000000 -1.000000
231
84.000000 -44.000000
93.000000 -12.000000
175
34.000000 26.000000
53.000000 94.000000
194
-15.000000 22.000000
83.000000 -31.000000
91
79.000000 10.000000
-78.000000 -30.000000
195
59.000000 9.000000
-71.000000 -43.000000
62
-94.000000 61.000000
72.000000 -33.000000
76
-66.000000 14.000000
86.000000 54.000000
165
2.000000 93.000000
50.000000 89.000000
239
-30.000000 -65.000000
-74.000000 -38.000000
144
-54.000000 -31.000000
77.000000 55.000000
155
55.000000 -71.000000
-90.000000 94.000000
75
51.000000 -23.000000
93.000000 54.000000
64
83.000000 70.000000
68.000000 -7.000000
134
47.000000 -69.000000
-81.000000 52.000000
144
-83.000000 -67.000000
-96.000000 54.000000
129
-65.000000 51.000000
51.000000 -16.000000
170
22.000000 30.000000
-63.000000 -11.000000
157
98.000000 -61.000000
-91.000000 66.000000
86
-7.000000 14.000000
58.000000 -41.000000
207
-57.000000 -85.000000
79.000000 59.000000
117
-85.000000 -34.000000
-92.000000 51.000000
100
62.000000 26.000000
-72.000000 70.000000
183
-61.000000 -95.000000
-62.000000 -40.000000
52
76.000000 90.000000
97.000000 82.000000
219
-30.000000 31.000000
97.000000 94.000000
55
20.000000 69.000000
-68.000000 78.000000
58
-76.000000 -11.000000
92.000000 88.000000
57
-33.000000 -58.000000
-59.000000 -22.000000
197
57.000000 -95.000000
-73.000000 80.000000
220
-3.000000 -71.000000
-55.000000 66.000000
238
-88.000000 -30.000000
70.000000 -17.000000
163
77.000000 -25.000000
-81.000000 69.000000
218
-55.000000 23.000000
-98.000000 67.000000
126
-8.000000 99.000000
-78.000000 -16.000000
115
-79.000000 -15.000000
58.000000 -30.000000
172
93.000000 46.000000
-70.000000 51.000000
159
-56.000000 -32.000000
69.000000 -2.000000
197
-21.000000 2.000000
97.000000 81.000000
187
33.000000 50.000000
-67.000000 -32.000000
163
-12.000000 -59.000000
77.000000 -11.000000
60
48.000000 -40.000000
-61.000000 72.000000
249
14.000000 29.000000
50.000000 92.000000
207
42.000000 11.000000
90.000000 -3.000000
238
89.000000 52.000000
62.000000 88.000000
232
-26.000000 -80.000000
-97.000000 69.000000
111
-29.000000 -36.000000
-87.000000 -47.000000
115
83.000000 88.000000
69.000000 -26.000000
222
0.000000 80.000000
-90.000000 82.000000
163
2.000000 -9.000000
51.000000 97.000000
147
26.000000 -19.000000
-71.000000 69.000000
224
-62.000000 -55.000000
-81.000000 99.000000
196
60.000000 73.000000
-91.000000 -35.000000
120
14.000000 33.000000
-58.000000 -39.000000
114
-63.000000 -9.000000
-98.000000 78.000000
83
-97.000000 62.000000
69.000000 -36.000000
220
9.000000 -92.000000
78.000000 -22.000000
63
-14.000000 -73.000000
-54.000000 -20.000000
213
70.000000 -89.000000
-69.000000 -24.000000
175
27.000000 24.000000
53.000000 -50.000000
101
62.000000 55.000000
84.000000 -33.000000
63
-28.000000 22.000000
58.000000 51.000000
72
59.000000 -69.000000
73.000000 -30.000000
117
83.000000 48.000000
-62.000000 -23.000000
94
2.000000 -95.000000
-90.000000 55.000000
118
94.000000 -34.000000
69.000000 -28.000000
163
-30.000000 -36.000000
88.000000 94.000000
79
-28.000000 65.000000
-63.000000 -47.000000
219
62.000000 -80.000000
94.000000 -10.000000
139
-9.000000 85.000000
79.000000 58.000000
50
94.000000 83.000000
-92.000000 70.000000
207
72.000000 -5.000000
-88.000000 77.000000
120
20.000000 -55.000000
-55.000000 56.000000
51
15.000000 12.000000
-59.000000 -31.000000
239
-73.000000 -13.000000
-97.000000 83.000000
197
-74.000000 75.000000
68.000000 -43.000000
51
-7.000000 -60.000000
78.000000 -27.000000
65
-48.000000 -48.000000
-62.000000 62.000000
59
-70.000000 -82.000000
55.000000 62.000000
180
84.000000 50.000000
59.000000 -10.000000
69
-59.000000 4.000000
70.000000 80.000000
72
-10.000000 46.000000
77.000000 -33.000000
209
19.000000 50.000000
64.000000 -46.000000
190
92.000000 -59.000000
-89.000000 72.000000
207
79.000000 -47.000000
82.000000 -41.000000
132
83.000000 29.000000
60.000000 -2.000000
243
-52.000000 9.000000
93.000000 -45.000000
193
-89.000000 -70.000000
-58.000000 77.000000
164
84.000000 -73.000000
89.000000 62.000000
80
-12.000000 78.000000
-77.000000 72.000000
66
4.000000 -49.000000
83.000000 -13.000000
160
9.000000 88.000000
-88.000000 97.000000
106
-61.000000 71.000000
66.000000 -26.000000
197
71.000000 -24.000000
-96.000000 76.000000
225
41.000000 30.000000
54.000000 -4.000000
112
-68.000000 -98.000000
-66.000000 64.000000
141
-41.000000 -41.000000
62.000000 62.000000
199
-72.000000 -0.000000
-68.000000 85.000000
127
-79.000000 -33.000000
-67.000000 82.000000
134
-54.000000 -84.000000
-68.000000 -50.000000
103
-10.000000 -38.000000
61.000000 -45.000000
248
-77.000000 92.000000
-98.000000 -13.000000
197
-86.000000 21.000000
-61.000000 -12.000000
195
39.000000 -53.000000
-68.000000 74.000000
100
-34.000000 -83.000000
61.000000 -31.000000
126
-13.000000 26.000000
-61.000000 59.000000
56
-22.000000 56.000000
92.000000 -15.000000
81
-45.000000 37.000000
-75.000000 98.000000
241
-81.000000 64.000000
-56.000000 -30.000000
81
-0.000000 24.000000
57.000000 64.000000
68
62.000000 14.000000
91.000000 99.000000
176
8.000000 65.000000
-87.000000 80.000000
125
-18.000000 8.000000
-91.000000 -44.000000
241
59.000000 24.000000
-54.000000 61.000000
223
-66.000000 82.000000
-69.000000 67.000000
212
38.000000 73.000000
69.000000 72.000000
224
-16.000000 -96.000000
-99.000000 79.000000
77
86.000000 -23.000000
-66.000000 64.000000
105
-30.000000 98.000000
51.000000 69.000000
117
-83.000000 -19.000000
61.000000 85.000000
220
-95.000000 -76.000000
-92.000000 -50.000000
139
14.000000 -30.000000
-70.000000 66.000000
181
99.000000 15.000000
67.000000 51.000000
175
-52.000000 7.000000
-75.000000 -12.000000
228
-79.000000 -50.000000
55.000000 68.000000
114
43.000000 17.000000
-50.000000 -5.000000
176
25.000000 90.000000
-70.000000 -42.000000
127
-72.000000 97.000000
-56.000000 64.000000
80
-88.000000 5.000000
65.000000 79.000000
166
-47.000000 90.000000
96.000000 70.000000
206
45.000000 35.000000
-84.000000 58.000000
126
32.000000 94.000000
64.000000 51.000000
76
-56.000000 -35.000000
-52.000000 80.000000
156
95.000000 -50.000000
54.000000 -18.000000
215
3.000000 64.000000
-74.000000 -25.000000
150
-22.000000 21.000000
57.000000 53.000000
142
-43.000000 93.000000
-96.000000 61.000000
122
-68.000000 -54.000000
72.000000 87.000000
125
-79.000000 21.000000
96.000000 -23.000000
100
8.000000 -6.000000
93.000000 78.000000
229
-49.000000 33.000000
75.000000 82.000000
114
-94.000000 25.000000
-82.000000 50.000000
230
-58.000000 -79.000000
-89.000000 75.000000
224
-56.000000 57.000000
88.000000 -47.000000
169
73.000000 -12.000000
70.000000 63.000000
202
-27.000000 23.000000
61.000000 -23.000000
122
0.000000 -57.000000
-90.000000 56.000000
176
-36.000000 -77.000000
72.000000 96.000000
87
3.000000 -76.000000
-58.000000 -30.000000
132
-92.000000 55.000000
81.000000 -4.000000
249
45.000000 4.000000
-66.000000 52.000000
78
-53.000000 -90.000000
84.000000 52.000000
172
-47.000000 87.000000
-61.000000 -1.000000
231
13.000000 4.000000
51.000000 66.000000
190
91.000000 -81.000000
-67.000000 57.000000
172
-57.000000 -19.000000
88.000000 -41.000000
203
-34.000000 73.000000
70.000000 96.000000
165
13.000000 -58.000000
-91.000000 87.000000
88
25.000000 10.000000
93.000000 85.000000
209
90.000000 45.000000
84.000000 91.000000
232
-35.000000 -82.000000
63.000000 79.000000
129
-28.000000 -93.000000
58.000000 83.000000
133
11.000000 -59.000000
60.000000 -42.000000
223
-73.000000 46.000000
66.000000 79.000000
224
4.000000 -8.000000
68.000000 -13.000000
59
27.000000 -65.000000
64.000000 90.000000
149
9.000000 -95.000000
94.000000 69.000000
135
63.000000 40.000000
-70.000000 -21.000000
246
-18.000000 -46.000000
-86.000000 -48.000000
241
-52.000000 -76.000000
-87.000000 -36.000000
146
49.000000 -93.000000
93.000000 -27.000000
96
15.000000 54.000000
-71.000000 -42.000000
157
62.000000 -22.000000
-68.000000 -20.000000
98
-35.000000 95.000000
-90.000000 91.000000
143
33.000000 -10.000000
74.000000 71.000000
154
72.000000 -77.000000
-99.000000 -31.000000
105
13.000000 -80.000000
67.000000 -2.000000
53
-24.000000 87.000000
-68.000000 -6.000000
115
-89.000000 -14.000000
93.000000 58.000000
107
43.000000 -68.000000
89.000000 76.000000
95
-39.000000 0.000000
80.000000 -35.000000
68
23.000000 -23.000000
81.000000 85.000000
164
-8.000000 -19.000000
70.000000 72.000000
82
-90.000000 -18.000000
-54.000000 87.000000
136
36.000000 -28.000000
-73.000000 -50.000000
243
-51.000000 29.000000
-53.000000 -6.000000
177
-77.000000 -9.000000
-84.000000 61.000000
153
98.000000 -4.000000
-79.000000 -39.000000
126
-67.000000 88.000000
85.000000 -37.000000
237
-8.000000 90.000000
-96.000000 -29.000000
215
-44.000000 -62.000000
66.000000 -45.000000
141
-2.000000 -89.000000
-84.000000 -33.000000
154
-13.000000 28.000000
-76.000000 -24.000000
248
65.000000 -29.000000
92.000000 57.000000
222
-70.000000 72.000000
-67.000000 -18.000000
166
-67.000000 8.000000
-78.000000 -34.000000
231
-28.000000 -55.000000
-71.000000 -9.000000
182
-57.000000 87.000000
-81.000000 -46.000000
233
-83.000000 80.000000
66.000000 -3.000000
137
-70.000000 20.000000
82.000000 95.000000
173
62.000000 -7.000000
99.000000 63.000000
100
19.000000 98.000000
-67.000000 86.000000
107
-69.000000 40.000000
-99.000000 -26.000000
58
10.000000 -31.000000
-69.000000 69.000000
99
73.000000 65.000000
87.000000 -40.000000
68
5.000000 -97.000000
77.000000 -47.000000
235
15.000000 38.000000
59.000000 67.000000
147
8.000000 -45.000000
69.000000 62.000000
229
-75.000000 51.000000
74.000000 -31.000000
92
-27.000000 -36.000000
88.000000 -6.000000
228
54.000000 -15.000000
73.000000 -4.000000
164
44.000000 41.000000
50.000000 65.000000
136
-12.000000 89.000000
60.000000 -4.000000
63
56.000000 71.000000
58.000000 -25.000000
206
50.000000 -60.000000
-70.000000 56.000000
79
-63.000000 -37.000000
-87.000000 70.000000
122
42.000000 56.000000
-78.000000 -11.000000
228
-68.000000 85.000000
94.000000 -38.000000
190
21.000000 8.000000
53.000000 99.000000
226
81.000000 -29.000000
98.000000 -30.000000
187
30.000000 1.000000
-98.000000 57.000000
196
86.000000 -32.000000
-97.000000 -43.000000
146
-71.000000 -51.000000
58.000000 82.000000
156
-98.000000 -58.000000
77.000000 88.000000
178
81.000000 -62.000000
-95.000000 53.000000
185
35.000000 44.000000
63.000000 77.000000
120
59.000000 0.000000
-57.000000 74.000000
236
-57.000000 -29.000000
-90.000000 61.000000
81
10.000000 20.000000
-93.000000 62.000000
215
-71.000000 31.000000
-62.000000 -30.000000
112
-33.000000 60.000000
-56.000000 67.000000
95
-17.000000 -84.000000
77.000000 -10.000000
248
53.000000 -15.000000
-53.000000 -26.000000
144
23.000000 40.000000
-90.000000 -46.000000
178
5.000000 -74.000000
89.000000 -3.000000
115
13.000000 -76.000000
79.000000 58.000000
132
-61.000000 -3.000000
72.000000 -12.000000
212
-17.000000 33.000000
-67.000000 -41.000000
178
-95.000000 92.000000
-72.000000 96.000000
99
91.000000 30.000000
77.000000 -43.000000
177
-71.000000 35.000000
-66.000000 61.000000
65
94.000000 99.000000
-75.000000 86.000000
212
37.000000 -13.000000
-56.000000 99.000000
99
56.000000 95.000000
93.000000 77.000000
148
23.000000 -49.000000
60.000000 -6.000000
153
-48.000000 -28.000000
-80.000000 -35.000000
66
81.000000 -72.000000
78.000000 -16.000000
103
31.000000 64.000000
85.000000 53.000000
175
-1.000000 52.000000
55.000000 -41.000000
120
1.000000 22.000000
-69.000000 -43.000000
173
82.000000 -95.000000
81.000000 73.000000
189
-9.000000 -12.000000
-90.000000 76.000000
153
-7.000000 -43.000000
67.000000 -39.000000
98
-79.000000 -58.000000
65.000000 68.000000
164
-2.000000 1.000000
-52.000000 -36.000000
203
-87.000000 -44.000000
56.000000 89.000000
241
93.000000 -98.000000
-78.000000 -21.000000
237
56.000000 18.000000
-84.000000 82.000000
174
-29.000000 -62.000000
-54.000000 74.000000
213
68.000000 34.000000
71.000000 -22.000000
171
84.000000 90.000000
-86.000000 75.000000
248
75.000000 98.000000
-53.000000 -44.000000
81
-54.000000 27.000000
61.000000 64.000000
166
-95.000000 50.000000
59.000000 -44.000000
76
86.000000 26.000000
52.000000 72.000000
238
63.000000 -59.000000
96.000000 -21.000000
56
-48.000000 -33.000000
-96.000000 85.000000
121
57.000000 48.000000
-64.000000 94.000000
154
53.000000 -96.000000
50.000000 84.000000
233
-5.000000 93.000000
-50.000000 55.000000
176
-85.000000 -66.000000
97.000000 -47.000000
150
-21.000000 81.000000
-90.000000 93.000000
80
56.000000 -95.000000
88.000000 75.000000
136
43.000000 78.000000
91.000000 95.000000
204
-86.000000 -45.000000
68.000000 62.000000
77
9.000000 64.000000
50.000000 87.000000
215
92.000000 28.000000
-61.000000 88.000000
165
2.000000 62.000000
54.000000 -19.000000
248
50.000000 88.000000
77.000000 62.000000
232
-2.000000 19.000000
-79.000000 89.000000
150
-43.000000 -99.000000
-69.000000 79.000000
63
44.000000 -4.000000
-52.000000 91.000000
103
-11.000000 97.000000
-81.000000 58.000000
163
-68.000000 95.000000
91.000000 -25.000000
118
67.000000 -71.000000
80.000000 70.000000
212
23.000000 -73.000000
-89.000000 74.000000
122
67.000000 13.000000
97.000000 -17.000000
168
-13.000000 -36.000000
-72.000000 92.000000
98
-23.000000 -93.000000
80.000000 84.000000
228
33.000000 44.000000
87.000000 -33.000000
206
-34.000000 -30.000000
62.000000 79.000000
198
-29.000000 -42.000000
-66.000000 -46.000000
75
90.000000 -20.000000
83.000000 88.000000
