6.6743e-11 1700 1000
190
33 49
78 68
167
70 66
69 75
140
56 46
85 54
218
67 74
71 56
74
11 91
83 86
114
92 97
96 62
56
98 54
72 89
176
90 8
85 97
61
81 39
94 67
116
70 36
94 83
91
35 9
98 52
118
45 16
80 62
144
36 71
62 94
58
71 70
69 51
56
59 62
80 90
205
18 6
92 75
112
53 66
70 99
51
38 17
81 99
71
52 45
89 57
165
11 18
69 86
133
83 44
84 94
63
43 49
74 81
137
92 45
94 90
212
63 94
95 52
95
90 73
83 99
81
1 64
52 94
72
47 77
71 55
133
72 71
52 76
196
48 13
56 90
144
0 4
57 58
247
82 3
52 89
115
69 70
66 68
173
46 92
98 70
219
69 6
82 92
173
98 40
81 73
154
35 18
78 54
194
83 1
90 79
237
62 96
65 56
180
59 80
52 76
107
8 46
88 78
243
28 54
79 91
161
99 95
51 99
177
4 43
74 60
146
71 50
56 58
188
38 88
67 97
243
63 7
85 51
201
91 94
87 81
171
32 43
92 72
233
37 0
62 89
62
12 35
95 83
221
86 21
70 61
153
77 54
58 66
165
54 69
50 56
142
95 79
52 74
187
4 60
99 77
68
35 91
74 83
82
47 6
67 68
167
22 21
89 95
132
8 10
68 86
211
0 28
55 56
202
17 46
73 58
218
64 78
61 55
240
67 88
56 89
137
80 58
53 61
169
15 43
79 78
86
60 89
97 86
167
43 40
98 84
166
78 54
60 82
190
98 74
63 59
206
22 98
59 86
177
54 56
86 93
236
25 31
67 96
224
7 15
51 68
157
55 86
71 85
215
45 77
89 63
159
87 72
58 81
197
64 58
53 51
50
84 39
85 77
153
52 52
72 62
103
8 21
59 59
229
36 74
90 75
175
62 86
67 65
120
27 64
65 87
183
57 39
67 69
92
21 25
87 97
93
9 0
59 53
70
36 83
60 56
76
46 34
51 88
165
15 10
97 94
82
37 27
99 89
56
74 84
81 77
211
31 22
75 72
243
60 42
51 79
70
37 55
95 68
138
57 85
80 53
157
59 35
75 96
58
9 2
81 84
190
55 96
70 73
230
65 16
95 93
66
52 13
84 55
249
21 93
98 57
203
35 64
62 63
110
66 73
58 71
197
56 13
87 52
128
5 34
77 93
53
93 11
68 55
79
13 55
64 50
211
80 4
69 97
242
94 9
83 58
104
96 57
61 60
235
45 41
86 93
75
48 46
51 68
118
8 47
99 82
174
5 43
92 54
224
54 96
56 69
87
63 23
86 85
224
79 71
64 72
165
12 97
67 65
63
66 84
66 74
65
61 98
53 71
204
51 47
68 58
60
44 97
82 73
180
5 0
72 59
221
21 76
92 83
238
76 49
73 56
244
21 21
94 55
226
94 9
69 80
212
18 90
65 56
51
15 88
99 56
89
26 78
61 62
168
62 52
58 96
135
32 40
95 59
76
57 87
67 72
128
9 35
93 97
175
34 98
56 92
233
86 84
96 59
50
1 79
75 62
109
65 48
59 91
163
46 70
94 72
64
81 0
99 75
125
47 0
95 59
106
29 44
54 92
127
33 42
57 80
61
5 90
83 78
114
55 41
63 62
100
16 28
54 81
215
56 58
69 65
151
64 21
65 82
220
10 12
92 53
117
84 66
95 72
68
88 88
52 75
154
31 75
59 70
85
17 37
52 91
239
75 45
77 53
241
91 23
78 51
184
45 68
92 68
242
32 88
64 80
184
41 84
56 65
150
94 52
94 70
246
41 59
64 72
218
87 63
66 60
167
84 46
66 62
78
5 6
87 60
221
23 94
62 62
230
64 65
87 74
210
98 22
96 51
212
61 70
82 51
127
80 18
83 63
246
39 41
51 51
176
48 72
87 50
210
2 82
58 74
191
30 85
86 89
227
8 1
52 90
92
72 68
81 72
55
23 71
72 95
226
97 71
73 74
236
55 84
61 90
113
46 81
70 96
234
73 75
65 95
177
33 87
62 99
117
33 5
50 92
207
73 18
95 56
197
31 92
84 54
242
65 70
66 90
87
91 27
72 62
206
11 89
91 92
223
98 9
53 58
198
73 68
74 73
118
19 72
77 50
105
97 44
87 71
63
14 10
75 56
236
14 64
56 97
157
67 23
83 55
120
53 5
79 96
230
51 64
66 99
180
13 54
77 77
50
90 92
98 64
65
65 0
99 81
121
24 89
96 91
60
52 13
59 63
133
26 43
94 86
144
1 17
96 57
130
89 7
71 70
139
73 85
69 54
125
60 78
69 51
156
34 61
77 60
194
20 45
82 70
165
1 16
74 66
247
31 96
69 88
155
56 28
84 80
225
64 5
59 87
135
70 94
56 70
97
2 64
86 70
184
2 35
53 85
128
51 84
73 60
72
3 67
97 79
239
55 6
94 54
114
40 39
59 86
246
75 34
56 98
63
41 84
71 68
246
56 46
58 99
229
27 22
53 84
127
11 23
77 82
55
69 48
84 97
130
20 94
94 56
176
29 21
91 69
102
40 67
67 58
150
41 39
73 78
196
97 5
89 57
176
37 63
60 95
73
6 76
84 94
201
57 22
92 82
149
9 36
95 91
78
36 91
71 71
160
76 67
75 59
167
40 85
83 54
102
9 78
74 59
195
96 62
96 52
240
82 53
94 52
229
88 32
54 68
209
73 78
89 88
248
26 5
60 90
209
90 43
54 68
66
68 65
68 64
216
21 55
59 50
68
91 80
50 56
247
78 65
53 71
69
59 69
62 95
221
55 5
75 63
211
43 29
93 81
61
0 47
97 84
161
79 2
60 53
229
26 0
71 59
81
93 80
76 90
155
83 13
76 62
210
7 25
56 53
103
53 66
51 55
202
5 17
70 84
216
72 15
75 92
194
57 23
66 89
233
79 94
58 68
108
83 79
82 65
139
49 70
76 94
102
93 98
82 57
215
50 75
69 87
77
43 33
72 84
111
68 68
86 92
176
17 2
68 59
102
90 50
94 51
216
43 5
64 61
227
90 76
66 77
159
99 6
91 54
224
59 65
60 92
247
12 69
78 67
82
29 19
72 73
75
77 41
53 70
241
81 50
79 81
249
36 91
97 99
77
13 73
65 88
225
36 35
52 87
217
73 72
95 98
95
88 73
96 72
243
96 66
99 77
75
90 26
75 61
240
50 88
78 53
168
66 30
67 54
70
41 21
69 94
186
95 39
64 77
91
80 70
97 87
229
24 62
76 72
151
16 12
67 52
145
97 70
76 61
216
98 81
75 58
169
67 96
73 64
231
44 7
94 61
143
59 40
64 69
137
26 23
75 53
243
97 50
61 90
175
45 9
67 75
222
13 95
61 89
237
69 20
81 83
115
74 28
98 74
238
21 11
67 67
98
17 60
53 97
231
12 74
50 76
79
97 98
88 94
108
10 81
66 79
94
45 45
71 68
145
33 58
75 66
202
38 16
65 69
243
39 50
78 55
139
27 86
80 88
167
14 97
76 77
180
21 71
91 75
193
52 70
88 78
79
6 32
51 69
221
4 12
67 63
134
55 4
93 61
86
40 80
58 50
218
31 32
58 92
175
30 37
67 77
219
49 6
78 75
52
90 99
62 58
110
66 43
56 65
59
87 3
55 51
97
38 22
64 78
196
1 55
82 76
168
91 97
73 67
119
72 21
80 59
184
23 71
87 52
79
90 14
67 68
98
89 15
96 86
203
1 84
60 56
184
10 24
93 77
233
17 98
59 57
147
81 93
95 72
218
11 53
72 60
129
37 58
96 68
133
80 22
80 85
243
5 71
50 53
150
98 86
95 69
157
38 66
88 90
85
92 8
71 97
116
81 26
96 53
128
20 39
76 58
151
99 51
56 58
249
44 10
80 99
139
46 8
99 79
87
9 15
64 81
230
92 47
52 62
88
41 92
52 59
167
6 60
68 66
162
28 67
66 57
58
25 46
76 57
176
93 96
79 85
157
76 16
80 99
180
74 37
98 72
126
8 41
60 82
228
77 95
52 57
96
50 67
76 73
78
22 49
84 73
101
52 80
81 79
84
21 10
84 58
119
75 85
69 78
187
14 56
65 65
68
83 13
86 71
159
85 49
75 84
71
55 35
65 74
89
77 60
69 60
161
6 29
57 88
75
16 76
93 90
181
56 10
81 66
194
33 28
62 79
58
99 50
76 65
116
37 54
64 93
208
44 6
97 64
53
25 41
83 71
118
44 3
71 76
77
49 20
51 62
63
51 20
86 63
230
42 79
75 69
207
81 27
93 53
228
36 8
80 53
220
35 23
51 66
106
71 93
56 58
222
78 71
86 76
216
16 8
77 59
93
56 18
73 74
101
31 55
60 87
213
86 57
75 50
187
21 59
67 59
229
40 33
61 57
79
69 76
87 97
96
7 40
66 52
180
71 53
93 63
84
2 29
79 70
228
38 57
68 51
157
52 30
89 98
63
67 77
76 83
154
66 81
86 61
132
41 93
59 54
184
88 40
60 87
217
17 67
68 58
86
0 65
65 90
89
94 5
88 57
70
22 63
75 86
208
20 69
75 99
129
15 86
73 67
225
42 87
95 94
62
10 32
72 62
78
78 3
60 72
68
74 43
79 90
51
50 50
50 71
227
88 53
70 92
213
59 19
66 55
54
48 17
79 67
223
32 95
69 53
245
12 21
64 71
244
64 74
97 94
116
0 22
66 56
171
86 69
74 82
104
43 89
56 52
74
3 27
80 59
122
4 4
77 87
220
51 31
75 86
200
49 5
61 51
166
81 24
56 54
105
45 8
60 51
103
90 75
84 58
170
40 33
70 74
219
1 46
83 72
78
38 23
74 78
199
50 94
98 80
56
56 38
89 54
68
16 9
68 58
103
51 81
57 95
123
4 15
87 74
87
62 2
80 75
238
26 24
57 88
76
45 97
51 84
236
10 5
63 52
230
46 7
53 81
54
68 4
80 60
157
33 97
74 70
115
0 58
99 94
157
46 70
55 52
97
10 90
95 59
225
52 90
73 74
155
30 30
90 75
110
39 85
57 95
113
65 63
57 63
116
29 71
75 62
136
18 11
73 98
213
63 76
50 67
86
80 25
50 66
172
87 79
74 61
244
87 24
89 62
96
10 78
91 78
88
54 14
63 56
177
91 19
86 92
143
63 79
97 73
64
28 47
58 51
155
84 48
60 94
73
38 91
69 84
231
85 24
80 86
150
51 15
58 91
187
89 84
59 53
188
8 19
70 67
166
20 72
66 52
130
59 76
62 69
180
86 0
88 68
116
4 68
62 67
64
48 6
59 53
160
78 93
60 68
101
84 87
89 71
203
15 52
73 62
79
75 95
63 65
114
31 33
50 70
245
9 86
89 94
170
82 54
72 51
145
11 54
75 81
201
29 84
99 66
54
44 96
63 80
57
97 96
66 90
249
2 86
80 60
193
36 81
82 77
210
38 72
56 72
213
40 23
91 95
239
89 49
81 85
103
77 92
85 52
243
21 1
64 97
153
95 42
70 89
229
44 51
73 67
50
98 32
79 93
190
31 82
70 81
162
12 86
88 90
197
42 35
85 70
206
77 23
64 53
247
66 34
51 92
191
35 94
87 90
167
22 32
65 98
192
52 12
54 56
190
90 6
78 84
175
2 90
95 54
218
79 52
96 86
132
92 28
70 70
230
4 87
87 54
119
99 48
56 71
104
12 14
98 96
241
91 73
77 95
186
31 65
52 68
179
80 50
70 72
102
7 54
58 56
196
8 77
51 96
164
65 52
98 79
215
21 22
69 58
50
84 97
65 82
186
15 13
85 68
138
89 20
78 97
99
58 94
90 59
159
44 24
55 76
142
77 43
52 65
146
1 17
99 82
168
63 69
87 85
200
10 73
71 92
140
15 93
53 98
157
79 57
83 51
184
79 95
62 63
133
29 11
93 84
81
12 2
87 96
152
13 96
90 64
184
34 54
55 51
87
12 60
63 68
98
58 54
67 79
72
28 62
96 51
173
0 82
78 88
89
77 42
56 52
167
12 38
91 51
117
3 40
60 82
116
14 32
61 76
181
25 98
52 61
221
84 87
75 73
215
17 62
67 92
225
5 11
65 89
99
7 59
93 52
118
75 71
97 82
88
98 14
77 63
150
64 86
59 86
241
23 53
97 58
140
59 35
75 98
124
34 97
51 81
227
72 49
84 54
122
98 94
57 72
177
95 74
60 92
206
16 83
94 79
213
31 22
70 72
156
19 48
82 92
170
83 21
75 95
217
71 69
91 67
178
17 45
89 75
229
24 31
61 95
170
33 59
81 52
105
82 58
53 74
214
24 46
91 99
52
12 67
84 73
153
81 2
79 70
220
61 52
97 97
74
6 67
69 59
90
30 64
90 72
183
36 38
87 59
130
56 11
85 92
191
39 48
70 72
118
72 45
92 79
70
59 5
64 78
181
78 18
92 63
170
82 46
55 57
222
19 37
81 78
54
29 69
94 93
100
89 11
93 74
83
98 46
75 94
63
95 75
88 93
90
86 64
73 72
244
62 94
73 63
193
44 17
60 73
190
23 75
51 79
66
48 14
59 65
123
34 80
75 70
125
91 60
83 63
214
29 7
72 76
54
41 70
95 51
203
22 41
73 77
73
37 93
60 73
146
92 48
69 81
118
29 58
71 59
114
31 76
52 96
53
24 50
51 95
169
45 50
77 93
218
73 69
92 55
135
93 2
85 78
212
43 98
57 93
64
85 60
56 95
138
8 1
96 62
162
48 84
79 57
126
98 77
82 99
193
84 86
64 86
119
62 98
93 64
222
5 79
76 57
113
77 97
62 72
125
98 36
95 74
77
22 0
51 78
154
87 21
57 91
154
7 62
77 66
202
6 90
50 58
232
97 21
95 60
109
33 87
61 59
228
63 37
67 52
214
88 57
50 54
147
12 8
76 56
189
17 8
68 97
167
92 80
92 66
87
31 78
87 73
193
76 1
54 56
193
63 23
77 83
63
87 80
86 75
163
97 17
64 82
217
46 51
68 59
140
48 49
72 72
85
73 65
73 64
129
46 7
93 92
75
23 7
85 62
162
2 78
60 61
66
64 28
88 65
84
37 5
77 82
59
44 17
83 84
118
93 14
58 66
186
68 92
54 61
103
34 23
86 55
97
65 23
88 61
55
96 45
77 92
225
96 3
87 72
80
3 40
58 73
114
50 11
72 82
157
46 85
92 91
184
67 88
51 99
108
96 4
98 54
173
1 81
53 72
241
45 2
77 94
154
88 58
92 56
60
27 13
57 58
221
47 43
94 91
249
51 49
55 95
99
36 71
95 53
140
49 94
88 85
176
99 91
98 66
91
63 28
87 71
220
32 92
83 68
228
84 69
66 79
89
39 31
84 76
84
28 18
55 83
166
97 61
79 67
197
8 9
80 60
247
74 33
51 81
160
72 59
91 96
238
72 86
64 78
108
84 14
50 86
139
11 54
72 88
193
83 37
98 51
63
81 48
79 89
134
40 1
98 58
131
86 96
76 55
50
91 63
99 86
143
56 25
66 56
228
53 99
50 61
203
98 26
67 86
129
71 22
80 70
69
79 53
59 55
105
22 57
93 98
74
70 91
50 80
188
99 10
73 94
200
1 97
86 50
168
58 32
52 89
191
5 60
67 70
166
74 27
78 89
169
21 63
95 90
171
5 28
74 71
130
22 23
73 81
160
7 51
93 68
209
53 61
81 67
121
61 33
74 97
89
87 17
59 60
84
39 82
55 91
214
78 71
52 88
203
56 48
68 61
99
82 72
89 54
113
75 77
75 76
249
44 15
76 89
205
10 73
65 96
115
88 10
50 93
243
0 48
59 99
219
82 98
54 53
73
82 66
95 50
107
10 50
91 53
88
66 8
56 98
181
69 65
60 72
119
9 65
64 70
220
64 91
94 52
218
12 28
78 52
57
80 11
64 70
71
24 8
59 88
81
26 71
93 50
237
8 21
93 98
124
86 18
73 90
182
51 11
63 97
179
25 4
76 60
91
87 83
71 66
198
43 49
51 74
88
22 13
61 97
168
32 73
64 54
105
27 37
84 56
190
90 87
99 67
219
33 59
77 56
54
26 56
80 99
229
96 38
87 53
159
10 71
78 91
76
17 96
52 55
153
42 46
65 93
241
74 14
70 76
101
78 33
82 79
59
22 8
64 57
161
85 66
58 74
115
4 0
58 82
209
56 85
81 53
221
45 96
73 96
218
6 49
81 96
240
39 7
66 65
155
83 76
50 91
141
3 8
91 97
211
28 6
61 67
109
8 88
86 57
131
36 77
75 89
117
35 81
96 58
101
75 64
57 84
75
67 77
75 80
208
83 41
60 89
145
99 98
57 53
187
36 36
75 75
62
56 92
53 99
205
19 50
85 80
128
14 7
88 95
189
81 56
95 75
142
45 70
75 93
155
61 80
56 91
186
50 5
54 94
103
55 51
83 74
142
41 54
52 56
131
8 98
73 62
205
95 54
97 52
170
30 57
99 83
186
4 21
67 86
111
69 92
68 66
104
23 60
68 97
125
16 28
93 85
91
97 42
94 88
197
52 60
93 77
153
14 65
51 59
234
95 20
88 53
114
48 59
57 87
217
35 14
51 85
128
43 29
67 78
139
78 27
56 93
121
21 48
58 88
74
80 74
79 70
171
38 84
73 69
195
89 88
76 83
240
5 63
91 85
172
70 26
70 50
228
68 24
64 51
78
88 76
98 61
117
84 82
53 57
157
92 3
86 98
170
99 38
75 75
193
1 99
52 65
171
28 44
97 92
92
23 22
83 82
173
65 1
58 57
171
13 66
66 65
51
4 85
62 53
181
61 96
63 83
63
9 6
50 91
107
23 35
69 82
208
70 56
65 76
231
34 97
62 96
150
47 48
51 57
111
49 88
73 72
212
32 36
79 74
182
17 81
63 57
236
21 66
92 59
139
91 42
88 73
203
36 23
82 52
139
21 13
87 88
196
75 53
79 78
55
10 63
70 72
125
88 60
69 99
180
11 38
61 71
102
36 26
78 90
119
43 30
70 92
181
25 88
69 56
204
82 63
87 66
102
98 92
91 91
69
31 23
97 81
94
23 35
75 82
104
57 53
95 99
128
36 80
89 55
205
2 10
76 89
90
70 93
86 90
113
62 9
92 94
209
27 90
73 84
105
76 40
90 62
122
22 42
98 60
211
8 67
56 66
236
1 8
98 59
238
59 72
69 52
202
9 61
97 81
82
88 86
99 61
228
41 33
95 52
141
12 66
82 99
70
42 38
99 73
142
71 13
65 51
192
76 55
87 54
126
73 88
99 64
74
34 94
98 68
229
64 9
59 93
148
99 15
89 90
148
2 84
86 71
168
91 64
70 96
228
8 74
88 54
108
84 28
96 92
233
56 72
67 97
67
83 46
88 68
222
23 18
89 76
61
55 96
95 52
225
69 33
87 84
158
17 94
86 94
114
58 27
77 72
128
25 41
59 61
213
27 85
61 88
168
8 49
54 74
105
89 1
87 74
128
31 84
79 95
168
56 11
83 78
185
76 6
69 60
135
4 76
66 64
166
68 83
59 76
74
10 31
57 63
150
92 91
86 81
71
98 1
82 79
83
40 65
77 60
110
5 47
62 64
122
47 32
60 90
206
43 64
77 68
201
20 18
52 93
56
3 64
95 56
187
62 42
54 78
90
3 38
54 95
165
39 69
59 64
249
25 70
89 95
204
7 46
91 74
111
57 33
91 65
52
83 54
82 65
189
22 57
54 93
79
24 10
75 68
135
95 19
64 61
186
12 17
94 96
203
77 57
74 62
220
29 65
82 56
211
91 45
90 86
195
3 65
83 71
78
4 7
70 75
121
87 64
60 85
233
17 89
53 62
194
20 83
89 73
52
86 86
74 95
229
39 43
64 82
174
71 62
87 81
191
1 52
87 81
63
28 16
79 83
182
64 27
52 52
203
38 7
54 91
163
47 22
54 54
162
66 29
60 83
106
14 77
60 59
51
26 23
56 80
57
85 14
68 71
87
25 76
68 77
132
90 40
97 79
97
78 41
77 65
90
6 21
83 54
218
6 55
87 94
114
3 54
75 51
72
2 38
65 99
72
58 81
61 64
205
4 11
77 85
231
50 25
79 89
83
86 7
54 91
126
8 55
58 79
183
46 53
55 87
214
86 61
76 72
199
89 29
64 54
68
91 87
77 69
220
86 2
96 58
90
53 84
66 50
212
69 86
73 58
224
35 72
96 63
63
27 14
68 52
243
8 21
92 84
237
96 6
65 73
192
51 66
68 96
117
4 58
68 89
180
43 15
78 67
191
43 30
84 69
113
5 14
51 71
97
57 10
86 94
74
54 38
84 76
122
44 43
84 77
113
0 59
76 56
78
58 99
68 73
92
35 87
60 50
236
73 47
93 95
59
34 72
98 63
218
43 35
64 65
78
23 28
86 78
149
85 8
82 57
156
71 52
52 93
183
51 31
78 56
97
50 15
80 81
100
18 1
66 96
132
46 26
54 56
234
14 57
67 70
148
19 28
71 69
221
4 3
61 74
232
29 21
52 83
109
56 35
81 77
172
7 60
68 71
63
27 5
75 78
144
55 26
98 65
178
3 36
61 82
114
84 15
50 95
137
35 5
84 95
67
46 17
88 74
114
96 90
68 92
173
96 38
54 79
146
92 7
92 99
105
7 16
61 90
57
18 79
74 92
103
43 11
88 99
184
78 16
60 80
246
50 53
84 94
204
44 41
92 99
86
60 54
96 93
124
77 2
94 92
101
56 97
99 97
146
17 81
63 74
227
68 22
66 77
103
59 34
85 97
54
39 85
78 64
188
30 90
85 65
176
32 19
66 84
83
99 30
54 50
164
26 79
59 82
95
93 87
86 56
80
21 60
77 71
151
19 59
75 81
104
46 10
94 89
214
27 72
73 63
133
2 29
61 60
211
51 7
65 56
137
76 88
60 61
155
69 62
96 74
146
56 31
70 92
102
42 6
71 81
67
50 15
77 70
164
84 33
92 65
249
80 4
67 77
240
80 84
61 62
228
92 8
53 84
212
9 38
70 56
133
85 74
96 83
64
31 99
64 50
173
21 1
81 56
88
65 98
62 70
76
23 48
84 70
76
25 32
89 87
145
63 70
56 82
111
55 98
98 92
122
49 68
76 95
80
74 35
56 96
139
6 74
97 62
91
29 38
75 66
120
48 13
97 85
54
95 46
89 61
193
7 83
78 94
233
16 75
73 59
172
49 98
60 80
196
0 21
89 78
228
4 50
86 76
103
34 82
93 98
223
29 43
90 82
159
67 67
77 75
140
27 99
80 91
240
53 90
68 92
195
68 20
98 51
106
80 55
55 91
176
51 16
51 57
241
68 16
94 58
247
45 0
91 75
175
33 67
59 81
201
82 28
79 72
130
84 80
73 61
190
40 39
96 93
91
14 34
92 59
210
92 59
86 56
85
3 83
64 69
214
42 72
96 96
122
77 27
90 58
50
79 0
93 92
127
77 33
95 91
71
54 4
60 65
140
93 1
72 95
158
46 9
58 52
93
35 74
85 72
177
35 72
65 56
129
50 35
78 58
147
82 30
97 53
142
0 93
90 86
72
52 46
98 69
110
75 64
86 97
160
60 74
80 97
175
67 28
87 78
95
19 25
79 78
216
74 72
60 67
167
56 41
62 69
107
26 81
78 84
64
2 46
93 75
84
72 52
80 51
211
58 98
78 80
137
51 46
65 63
163
7 30
51 70
219
32 79
63 98
110
61 62
87 64
154
90 48
51 78
120
0 89
71 78
228
20 67
83 81
235
15 95
67 92
217
96 14
62 51
161
24 12
76 74
212
27 28
59 54
78
50 74
55 78
222
74 59
90 94
209
35 29
74 75
54
88 42
93 52
200
57 63
87 76
186
68 88
92 65
179
19 43
74 81
76
83 3
97 52
225
29 12
87 63
53
81 67
70 91
176
35 93
69 86
225
60 24
89 95
154
82 76
57 75
108
11 53
56 91
160
70 69
84 91
207
51 94
87 90
73
82 68
54 61
204
28 38
83 66
217
9 22
98 52
218
3 60
54 81
159
23 42
85 79
109
80 88
78 62
219
47 86
99 54
53
87 58
76 82
222
98 51
53 83
198
66 1
83 52
170
27 13
95 95
162
33 54
66 94
114
54 14
68 63
205
28 66
50 92
54
54 66
99 54
109
1 3
55 75
136
20 45
92 63
215
98 25
70 99
217
36 15
78 73
56
96 29
73 86
249
90 42
96 53
239
99 12
88 92
156
35 28
93 79
130
19 44
95 78
91
10 97
71 79
190
0 35
73 89
173
15 88
93 63
61
5 55
99 63
245
30 21
50 83
173
45 15
93 94
90
91 35
64 53
112
51 95
84 64
74
24 37
53 89
67
10 3
66 75
109
87 22
57 91
238
72 65
59 85
216
47 25
80 59
213
76 23
89 65
162
26 91
81 89
131
34 58
83 91
102
8 3
94 89
115
61 79
64 88
223
42 56
67 70
172
92 83
50 50
131
42 15
54 57
175
62 41
82 61
146
87 63
54 56
234
34 21
61 95
100
67 70
90 92
134
26 67
67 76
178
32 9
67 70
186
10 47
58 51
192
21 99
55 82
178
28 66
63 64
90
34 64
57 57
226
24 44
72 54
143
82 83
55 78
201
53 66
67 61
113
16 55
89 85
221
7 65
79 50
221
43 40
99 57
102
95 85
92 78
170
27 22
50 54
82
66 5
68 87
86
25 1
88 52
65
3 76
76 72
84
68 45
54 77
69
92 82
60 67
86
32 87
93 63
134
50 47
85 53
218
38 39
93 95
226
19 12
85 81
197
32 65
94 67
89
76 87
56 81
189
45 67
82 73
88
29 8
63 88
164
54 8
53 52
247
66 80
61 69
203
28 16
84 85
225
23 76
59 53
79
78 42
66 76
210
26 64
52 90
239
60 56
61 93
115
93 92
61 81
207
78 84
72 85
164
98 60
66 89
60
58 70
96 88
174
60 1
93 50
162
99 39
84 74
162
27 89
73 56
190
57 63
50 68
81
13 84
73 82
179
43 92
82 87
89
33 64
64 51
126
6 15
89 78
142
81 40
98 71
104
13 12
82 63
116
67 95
79 79
242
21 60
99 86
155
63 27
79 89
180
46 67
95 88
88
88 80
52 69
188
64 25
88 52
196
35 18
99 65
114
61 58
96 87
62
25 43
82 76
106
49 58
96 53
147
78 41
62 85
180
37 23
77 96
127
97 93
60 63
96
20 77
67 59
216
10 72
50 92
194
58 48
53 95
206
44 42
77 84
106
3 17
63 95
80
8 23
88 78
169
65 26
86 89
234
10 58
50 94
60
50 38
84 70
204
78 28
62 50
56
79 59
54 61
193
79 91
71 51
217
50 22
62 85
138
20 69
64 98
172
54 60
80 74
240
8 30
81 69
172
40 27
88 54
246
31 49
52 76
105
75 43
78 55
139
50 93
93 61
216
3 35
59 70
85
90 63
84 95
221
11 17
73 63
201
72 11
87 84
175
83 41
96 52
113
91 93
54 63
184
89 31
52 87
198
67 24
69 90
201
37 61
76 64
62
88 65
51 85
177
93 62
66 60
141
59 26
91 83
163
23 69
57 54
77
31 2
93 94
153
6 45
61 92
185
28 4
91 73
129
3 50
63 72
119
39 16
99 80
180
68 93
97 53
77
2 80
76 61
197
23 14
56 55
84
62 40
65 62
54
66 42
66 59
181
82 29
59 70
83
55 52
58 54
104
38 33
94 58
167
10 55
63 90
218
5 75
87 81
71
31 35
94 89
200
75 70
92 84
187
96 70
74 94
104
57 98
59 95
204
66 62
52 66
229
77 85
68 85
117
55 6
97 50
151
67 52
87 79
61
59 66
62 57
233
12 62
59 92
121
21 98
65 88
173
52 17
54 53
170
12 72
72 77
59
75 28
57 78
214
75 91
99 75
187
13 58
52 50
222
53 73
61 93
218
81 68
73 72
185
45 44
71 50
118
99 9
90 95
107
81 11
86 84
130
96 22
74 95
200
97 69
64 53
59
83 23
95 90
106
39 77
77 52
212
39 22
69 62
179
32 71
55 62
220
29 95
90 66
103
10 68
72 51
174
47 60
52 59
93
31 68
72 84
111
44 97
61 52
115
82 33
95 97
239
90 67
85 69
133
53 72
73 95
127
35 21
81 75
139
1 20
54 73
73
3 86
88 69
64
71 84
83 98
68
52 38
57 59
87
81 44
89 92
207
10 20
97 92
93
17 34
59 94
73
45 19
88 79
233
22 45
94 56
105
32 24
85 57
191
29 96
89 74
168
11 31
76 81
110
62 76
73 77
71
92 52
81 66
81
77 1
57 53
173
31 61
70 57
167
17 0
74 96
158
6 17
50 69
232
26 79
58 94
249
12 17
83 92
146
84 75
78 75
93
89 48
55 74
212
7 43
92 79
231
59 87
58 87
59
89 21
67 87
247
34 39
83 59
219
58 5
80 55
236
30 48
75 78
187
18 90
71 94
110
8 26
65 71
168
39 32
70 57
158
11 4
65 95
144
23 16
72 52
55
22 90
70 88
247
60 25
70 68
131
48 80
52 91
63
36 59
68 54
158
74 13
58 69
90
24 13
67 65
148
8 72
60 71
128
86 70
90 91
58
71 24
66 56
125
77 21
76 61
146
91 72
91 70
249
57 62
79 75
224
2 26
99 82
64
69 13
54 50
62
28 60
66 85
196
90 10
73 74
66
45 72
94 57
139
9 58
85 96
140
11 20
55 92
212
68 59
61 84
222
72 96
81 52
90
93 99
75 80
168
99 46
55 64
143
15 5
51 54
151
23 45
89 64
128
48 27
61 98
110
59 70
73 84
140
74 24
55 85
199
53 53
69 98
109
74 93
50 76
175
45 79
96 99
236
23 79
78 87
136
0 47
81 97
125
55 87
74 51
112
27 50
50 66
247
96 27
55 71
146
85 49
50 93
131
29 79
66 56
209
65 94
91 62
98
30 39
91 56
54
43 18
86 81
244
65 28
52 90
121
1 38
83 56
201
14 89
95 82
231
39 44
56 98
80
47 99
55 62
138
25 16
97 82
162
28 78
70 79
182
58 0
58 85
191
97 36
70 55
244
16 88
89 85
74
38 15
79 72
195
95 60
94 70
245
22 34
64 75
244
16 7
92 52
227
80 45
53 74
202
93 21
56 69
82
74 93
65 72
103
78 67
88 99
172
24 96
71 97
90
78 91
96 57
72
93 34
60 54
196
81 6
75 90
90
69 24
97 64
136
14 67
68 64
154
64 39
88 79
185
31 69
78 65
129
64 39
93 73
75
0 19
61 58
177
36 98
64 98
185
32 35
51 51
202
42 6
87 69
80
8 56
74 64
237
13 93
66 51
157
38 28
87 59
151
37 38
87 87
152
74 24
76 86
75
32 38
57 70
221
16 50
66 79
140
10 66
70 53
78
98 62
73 66
187
12 68
57 75
249
82 77
63 73
110
53 50
70 92
63
73 63
94 79
139
61 19
74 99
181
89 80
96 81
112
66 19
94 74
126
23 25
98 60
88
1 70
64 91
221
29 56
85 94
73
56 86
87 84
233
17 67
51 72
166
20 86
61 82
216
38 58
68 91
139
38 79
72 90
54
79 13
58 83
166
96 57
93 75
83
61 8
82 53
164
18 19
51 86
81
12 52
95 70
82
24 59
51 73
248
14 27
61 77
174
18 46
73 70
161
83 54
59 74
165
28 38
74 85
231
28 17
89 93
175
50 78
51 99
201
28 0
77 65
91
75 90
60 61
248
16 23
99 81
75
90 48
84 55
116
3 87
80 97
244
58 72
74 94
61
74 95
62 92
53
2 33
95 79
215
20 29
61 83
221
59 11
66 61
195
3 28
77 98
134
99 94
88 94
123
33 6
98 97
148
83 3
82 50
230
11 65
51 50
124
62 72
85 86
128
13 31
82 82
242
26 18
64 92
215
22 17
67 50
122
20 48
51 56
152
18 36
87 65
219
61 92
78 81
196
9 10
94 62
243
62 4
98 72
176
66 89
89 99
133
40 21
79 55
243
66 9
74 61
105
66 81
64 66
146
26 14
76 58
120
83 51
73 82
133
12 11
60 99
154
33 84
89 96
213
0 89
52 79
225
85 36
54 93
200
18 42
50 76
247
3 99
81 82
229
42 15
67 91
204
1 47
95 88
243
36 3
82 95
191
20 72
66 76
74
60 28
57 94
210
56 43
75 63
89
43 42
86 82
110
85 88
78 63
83
31 58
54 69
65
76 10
89 85
144
17 11
56 54
176
1 66
82 82
179
76 74
58 72
212
96 84
97 50
75
8 33
54 56
114
17 72
59 90
156
71 87
93 75
179
12 54
88 80
244
62 59
83 70
120
67 85
85 67
167
70 44
52 75
174
24 89
81 91
186
20 99
77 59
216
81 88
68 78
119
30 72
94 82
63
79 54
71 81
166
17 50
75 86
120
16 63
56 96
199
8 82
91 70
85
29 36
66 68
50
90 37
71 82
234
76 47
80 66
99
30 32
71 67
55
34 37
83 73
92
18 23
95 50
209
81 37
55 91
249
95 93
77 89
166
74 73
89 94
105
74 46
63 85
195
2 43
66 81
187
91 25
76 57
86
13 67
60 69
221
5 68
57 66
82
83 82
79 58
174
25 13
51 98
140
46 95
76 92
112
52 81
89 54
130
8 42
62 95
170
80 16
82 75
140
17 9
67 73
246
33 97
96 71
186
91 11
55 82
220
36 96
52 74
127
45 6
51 85
207
68 5
82 87
152
91 27
52 69
61
50 15
88 96
148
51 32
64 89
156
10 11
87 95
163
43 72
60 58
97
15 67
56 67
200
36 69
91 91
238
56 4
50 88
247
32 36
78 50
148
41 59
54 59
181
78 74
84 76
238
51 73
90 56
57
62 6
99 95
53
56 84
74 61
106
11 60
61 91
91
20 39
50 84
124
26 65
92 54
160
17 93
51 63
208
7 73
68 72
208
52 75
88 64
177
99 23
64 90
210
55 83
69 80
158
35 6
60 84
229
55 45
60 96
58
83 54
78 67
102
53 26
92 56
94
15 83
75 93
181
60 3
85 89
80
93 47
81 65
205
78 96
92 63
239
99 71
91 72
227
69 76
83 83
211
68 27
70 79
144
25 60
99 56
162
98 36
53 55
130
49 12
75 60
244
99 51
74 93
140
0 70
53 59
235
32 72
51 54
204
14 0
56 79
215
95 43
50 64
98
13 96
58 50
90
10 44
87 89
184
59 81
92 86
215
65 72
78 97
68
78 52
83 84
134
79 50
66 79
229
14 80
80 94
222
26 85
76 82
65
10 68
57 74
152
31 91
91 69
59
45 90
74 87
230
76 23
53 59
92
83 91
85 58
215
20 81
63 91
99
84 58
84 59
141
76 13
85 72
119
27 83
70 64
203
93 46
56 80
198
97 24
83 83
82
66 48
91 55
179
1 6
67 65
236
82 8
80 64
169
65 83
99 96
237
95 0
82 83
203
6 81
65 50
141
65 35
92 57
159
50 39
54 60
117
13 48
62 51
245
97 21
67 63
148
19 0
83 96
151
67 99
52 60
134
89 51
61 99
183
0 10
73 83
206
21 2
53 71
86
76 69
82 85
246
82 84
82 65
118
81 17
79 85
85
80 19
70 74
191
31 9
92 93
106
46 50
73 77
52
92 65
53 78
176
39 74
90 59
71
59 29
64 54
238
83 90
66 70
205
76 62
57 88
170
9 94
74 67
83
41 69
99 77
94
74 4
63 83
66
42 4
61 75
108
1 15
85 93
169
49 48
87 95
107
33 68
87 66
207
56 51
79 99
205
33 43
79 81
148
35 97
74 92
96
39 50
93 99
125
43 19
66 74
132
34 33
50 66
171
51 73
74 79
130
20 37
68 65
201
68 63
55 86
242
5 33
82 82
50
3 59
85 94
220
69 26
94 54
171
68 78
57 72
94
96 5
70 66
65
86 67
54 85
91
39 27
61 99
173
22 99
95 77
208
74 49
55 77
218
83 48
72 88
193
29 85
51 89
102
69 6
91 88
225
21 31
80 64
82
82 89
68 55
179
17 65
94 53
173
44 24
62 56
166
97 49
91 98
249
47 2
90 70
139
23 47
63 62
156
2 94
51 90
221
18 69
75 88
212
49 63
70 56
163
71 75
75 61
162
27 62
84 62
169
81 53
65 92
144
61 48
88 96
165
10 19
60 83
85
23 96
54 86
143
81 49
62 67
56
74 81
93 83
110
46 52
97 91
63
95 35
84 75
86
3 90
75 98
213
23 85
71 89
180
22 32
51 61
185
83 18
51 61
226
56 22
63 75
153
51 88
65 50
185
57 86
86 90
235
21 6
95 58
92
29 38
50 65
181
20 52
63 66
121
87 42
69 79
53
10 34
85 54
227
23 41
83 85
210
89 20
80 81
236
71 24
91 66
71
93 99
65 91
208
59 64
96 96
79
30 49
55 91
65
96 68
55 89
229
27 51
82 71
110
8 7
75 81
199
74 4
97 94
241
13 53
51 51
59
0 32
73 90
205
43 7
98 53
101
49 34
55 80
132
15 90
73 90
240
77 92
86 67
224
91 8
59 88
92
43 97
89 94
68
49 1
54 62
97
91 65
95 99
96
38 83
73 61
161
17 4
71 89
206
81 15
53 97
143
53 42
86 86
144
90 55
69 93
96
34 43
94 87
131
27 84
97 71
202
53 83
74 70
76
39 26
75 58
145
19 1
87 50
158
92 94
90 98
163
85 44
84 97
79
18 81
52 56
217
87 8
80 71
213
8 47
57 55
236
8 50
52 55
148
48 13
63 92
88
8 56
55 73
92
88 4
62 62
143
21 31
54 82
153
4 96
51 62
61
53 50
55 72
205
69 70
64 53
234
72 94
69 92
178
26 86
50 68
88
34 61
94 61
88
42 15
79 92
243
29 54
78 98
186
48 5
60 57
214
54 42
86 87
226
73 17
85 52
125
99 40
52 59
95
19 48
92 87
148
96 32
80 79
76
87 15
73 74
97
15 91
78 54
