6.6743e-11 1200 1000
114
22 59
77 58
113
13 52
91 74
119
67 80
78 66
83
56 14
87 82
64
88 74
60 56
84
0 88
86 90
108
97 54
65 82
127
17 47
71 90
60
53 11
77 77
131
91 10
94 89
180
71 55
63 70
131
2 4
94 81
138
1 91
75 88
216
22 15
57 85
193
68 45
74 96
95
84 30
69 88
179
75 70
90 50
90
97 33
65 92
93
58 83
71 94
84
88 62
99 56
147
94 52
50 65
118
30 62
52 55
52
24 86
88 79
214
71 69
62 63
88
95 57
53 97
118
16 31
89 58
167
91 5
72 62
142
36 32
89 74
240
27 76
55 64
215
27 30
94 89
189
53 27
76 86
56
59 6
66 74
249
23 92
56 90
147
40 34
59 83
180
85 75
89 57
93
71 75
64 70
65
43 61
99 68
170
57 27
53 79
173
45 30
71 96
151
7 95
78 94
66
55 24
83 54
194
8 49
71 65
222
84 83
53 68
233
82 88
69 90
86
2 15
63 81
225
8 35
79 82
138
5 51
57 93
188
6 39
54 99
227
89 71
91 63
195
31 96
88 77
53
55 63
97 55
118
84 80
62 76
215
65 16
59 72
172
98 60
59 78
154
83 57
70 94
224
18 91
70 56
208
34 9
66 63
233
46 81
59 69
110
25 36
58 76
186
18 48
79 84
180
38 39
85 65
59
76 91
99 79
96
10 38
53 82
226
37 67
88 72
248
74 35
61 76
182
61 12
97 53
192
38 33
50 81
173
41 42
71 51
241
11 49
84 51
217
53 78
52 54
142
87 2
80 66
50
43 99
52 64
140
87 56
87 80
187
79 55
58 78
103
7 21
73 64
143
53 83
87 97
55
42 91
59 95
122
8 45
59 65
212
16 57
89 99
155
44 38
69 85
52
90 38
54 62
215
90 55
54 68
227
97 24
71 71
57
66 44
61 67
128
21 30
81 96
112
22 51
86 57
241
26 9
73 81
183
31 47
67 73
135
93 52
74 85
164
20 42
59 81
233
91 59
55 56
73
8 19
78 95
195
39 88
71 73
213
20 8
81 94
88
36 31
66 81
210
60 46
79 82
120
90 67
74 63
97
95 36
83 55
123
73 52
76 62
245
84 27
71 65
118
5 53
87 54
121
83 16
50 84
64
67 6
69 54
141
56 51
56 88
91
59 11
76 65
237
3 10
77 73
127
83 43
99 82
70
15 5
89 55
65
95 69
73 85
165
24 78
67 73
232
80 16
83 93
58
45 80
56 62
73
99 41
75 56
149
80 26
81 66
72
2 34
71 69
225
99 36
61 51
66
28 33
77 99
213
59 57
71 59
117
62 32
90 69
187
16 70
88 70
199
22 44
63 51
193
2 78
79 95
63
62 63
62 93
91
22 57
66 53
193
50 20
91 58
90
61 95
67 56
100
61 57
60 74
77
90 20
65 79
69
78 94
88 83
141
97 27
82 63
213
4 8
66 63
146
14 53
61 57
81
70 59
84 95
132
4 72
53 72
69
47 43
76 97
237
55 40
55 84
237
14 47
62 92
230
17 88
97 94
128
57 78
73 50
143
47 82
56 97
150
49 68
67 99
128
58 87
71 85
165
71 73
67 79
133
5 62
58 53
204
86 83
84 63
111
18 56
53 60
127
21 12
62 78
141
51 56
94 51
72
67 16
96 95
234
60 81
84 91
118
17 47
61 57
151
67 20
83 72
71
45 49
77 94
59
36 37
88 60
80
55 35
80 99
103
13 85
76 63
197
73 33
92 65
86
13 18
90 54
196
91 77
73 93
221
61 5
65 57
249
52 37
88 56
135
23 59
74 98
99
58 46
63 74
200
33 63
67 65
126
44 13
57 67
69
62 38
95 80
229
34 32
88 82
222
98 69
67 97
72
65 48
73 82
230
86 83
98 64
55
12 90
59 51
71
48 20
51 85
95
85 14
98 82
73
67 56
54 73
237
52 96
80 52
77
63 85
99 65
64
41 70
71 78
100
44 51
86 50
147
0 48
80 82
201
88 5
79 68
142
27 5
60 97
157
47 76
92 73
196
64 89
67 89
238
70 89
92 82
206
40 29
61 58
170
68 59
80 58
149
87 53
52 78
99
78 38
63 96
222
2 94
83 87
71
75 25
59 91
117
90 99
57 57
103
67 79
87 71
99
92 73
51 86
196
41 86
82 75
104
77 97
84 58
112
11 29
72 87
122
71 4
61 62
129
90 15
87 98
180
62 47
85 74
163
21 21
98 55
154
95 61
70 83
132
51 95
83 95
74
89 18
80 97
103
96 78
76 93
135
75 25
50 97
61
73 12
69 82
121
33 88
73 68
53
21 0
98 54
104
16 30
78 95
198
56 48
94 94
183
69 81
80 60
71
45 23
58 96
114
96 17
86 97
72
88 52
57 93
136
37 49
94 54
165
93 3
99 74
87
81 57
69 58
163
93 80
76 58
151
96 75
74 99
234
29 71
66 72
138
15 11
65 77
110
68 45
69 55
118
78 42
50 51
197
32 14
75 92
109
52 45
95 55
78
18 39
63 57
235
74 45
73 50
142
68 12
67 60
87
59 28
81 65
162
48 14
57 94
123
52 55
62 77
249
1 5
63 68
67
60 55
57 93
233
20 35
96 53
87
76 40
57 99
208
22 13
57 58
231
65 83
60 83
77
65 33
53 81
230
58 98
91 93
215
29 76
82 87
75
24 75
76 53
82
89 63
71 56
248
4 87
72 65
166
57 43
74 84
110
74 14
59 70
117
88 36
75 96
70
52 73
77 94
178
42 76
84 69
114
21 20
85 70
244
30 37
71 51
204
37 64
84 80
247
22 0
96 85
98
22 57
51 50
151
30 81
52 93
214
22 59
82 88
160
21 32
85 90
242
99 47
77 81
136
27 30
67 58
226
24 8
59 50
228
42 51
96 58
194
6 24
62 67
140
46 77
69 61
84
16 55
88 85
246
19 71
82 75
188
40 3
53 63
151
4 93
53 95
53
77 40
59 59
242
88 51
62 88
107
17 24
60 74
155
33 22
97 76
215
1 15
80 58
104
23 11
57 61
226
47 14
75 55
156
26 97
88 94
190
12 3
79 59
224
51 14
93 58
99
58 25
83 52
190
95 8
69 63
104
85 91
96 51
162
46 59
55 88
184
8 30
89 98
188
6 73
83 89
99
58 90
94 59
92
53 99
64 89
174
57 95
98 62
155
7 74
65 51
114
95 37
86 72
85
61 62
52 91
144
94 42
51 52
241
52 46
87 94
168
82 20
82 75
232
57 32
84 89
172
73 53
78 67
111
40 4
97 72
94
39 68
73 91
242
71 82
76 96
61
46 14
91 93
179
74 28
67 86
160
23 60
77 83
151
82 45
69 93
229
40 38
79 71
63
11 63
62 84
239
26 95
91 85
70
69 16
54 94
88
14 56
89 63
242
36 66
60 76
206
98 57
78 96
129
44 61
95 90
106
93 79
66 84
236
83 54
50 57
87
56 45
59 54
146
77 48
74 84
87
31 40
88 87
162
49 66
56 56
97
87 64
98 90
56
53 78
85 89
55
82 78
84 62
91
82 10
94 69
206
87 8
96 90
225
62 4
62 77
121
76 24
66 60
124
94 16
57 79
229
36 85
99 61
172
9 55
76 55
205
34 13
55 92
132
9 70
97 95
171
71 68
78 97
89
95 24
55 83
102
40 64
77 90
241
32 63
70 52
60
33 8
52 97
189
24 79
76 98
221
44 22
71 94
225
95 33
68 70
101
82 74
67 93
110
30 35
89 94
100
47 7
54 85
152
35 74
75 76
62
97 50
94 58
218
30 35
55 66
198
32 19
62 81
149
49 43
87 81
239
94 83
68 88
100
45 42
69 86
70
71 50
60 69
165
46 89
55 95
153
76 94
77 85
141
20 34
67 90
209
50 81
72 54
71
64 4
92 66
235
92 86
55 56
153
96 24
71 99
152
67 52
90 80
94
26 21
62 66
144
95 76
82 96
67
86 17
83 84
131
21 19
78 73
126
52 28
79 73
75
34 27
57 93
224
31 37
56 50
195
82 46
93 90
114
12 10
94 52
146
15 83
59 67
93
37 46
71 97
169
50 73
68 53
209
55 79
81 90
111
78 35
78 95
223
38 59
64 85
132
97 33
53 99
56
49 93
92 96
222
17 15
70 74
185
99 33
76 93
180
11 56
52 58
189
63 33
69 79
127
52 11
63 77
105
6 85
83 56
100
48 80
54 70
170
40 55
50 69
166
7 50
60 79
61
44 19
50 76
165
64 56
83 69
227
20 27
85 85
104
16 85
55 54
172
13 75
94 62
65
96 78
58 72
157
29 85
62 53
179
20 70
89 93
205
68 70
55 75
54
43 29
84 70
150
11 42
57 65
155
35 81
55 54
95
41 13
66 74
155
38 56
51 75
177
72 80
57 96
79
37 52
74 74
223
18 25
90 86
225
71 93
97 61
177
60 8
83 70
178
91 77
54 66
142
34 46
94 66
243
46 98
72 82
120
47 55
91 88
240
85 64
77 63
134
35 40
62 95
220
89 25
92 61
93
90 54
72 79
134
20 23
55 80
193
13 0
90 92
206
4 32
96 93
133
38 78
75 69
53
52 89
53 92
146
57 88
69 86
81
44 70
52 52
100
52 95
87 65
95
70 23
67 99
218
47 85
54 58
124
45 61
54 76
198
94 23
61 57
213
32 89
93 58
134
88 10
75 89
75
0 86
87 97
167
72 67
76 66
78
87 90
69 74
243
44 74
84 87
155
25 51
61 89
168
21 26
65 56
148
53 83
83 98
90
50 16
84 63
78
27 41
67 66
146
42 9
99 90
228
52 97
87 53
113
13 73
79 84
230
14 82
80 83
199
48 73
86 50
83
80 80
96 60
97
58 56
98 89
209
97 19
72 61
134
95 74
58 97
176
40 29
62 93
122
88 42
94 71
176
75 54
66 56
173
22 6
95 83
72
67 92
53 69
239
29 56
55 87
237
35 15
60 79
199
3 52
75 89
99
79 16
74 76
95
80 52
85 69
178
30 93
64 95
235
20 36
73 65
176
41 54
86 63
151
90 62
54 56
165
20 6
84 94
96
86 91
62 77
74
55 7
52 56
221
38 43
58 92
114
65 70
83 57
101
97 10
67 91
151
25 56
52 73
209
45 20
99 98
157
6 74
80 64
210
23 85
79 50
184
99 66
73 51
184
34 2
95 84
203
3 37
63 78
207
83 89
89 52
84
13 61
77 92
95
12 4
54 71
244
73 55
56 95
98
60 80
66 84
157
53 87
67 62
166
7 19
73 51
248
86 37
79 62
163
85 9
80 77
190
37 71
69 63
245
49 61
96 57
67
35 66
78 70
103
99 39
92 62
74
80 10
74 62
211
36 75
55 97
116
28 39
52 56
247
65 51
61 98
63
77 15
88 99
56
29 54
66 57
121
28 82
94 51
153
72 65
62 89
179
51 57
63 57
205
17 55
55 70
178
21 86
87 57
161
41 15
73 90
209
7 11
65 87
53
80 42
83 77
142
43 56
66 93
158
21 50
72 75
76
8 5
65 99
145
30 10
50 88
105
14 47
87 64
79
81 18
97 59
165
54 53
98 58
170
98 66
94 93
170
1 71
73 81
166
33 76
67 99
86
16 54
71 52
153
91 31
90 85
238
93 52
62 94
143
80 66
59 91
226
83 11
92 78
156
21 46
97 91
140
4 79
81 56
175
64 62
97 66
106
51 56
51 51
163
17 94
85 95
179
49 22
52 62
91
50 70
63 64
98
93 4
61 54
176
73 81
97 91
122
53 47
99 75
106
43 40
85 74
231
7 3
67 80
161
89 23
88 62
152
94 62
66 97
207
99 26
67 82
246
16 54
81 51
167
21 58
84 61
57
39 94
74 66
56
47 78
92 97
87
54 49
99 82
222
75 89
74 71
94
30 19
72 60
62
30 78
91 83
116
85 92
59 55
211
37 63
60 60
179
12 98
82 85
63
23 59
80 88
97
1 32
94 78
223
74 90
75 56
115
68 22
78 52
177
43 15
76 66
204
74 97
82 68
158
43 31
71 81
175
55 31
59 76
249
51 51
57 76
176
30 43
96 94
160
13 21
89 53
239
86 59
79 65
120
12 23
57 63
233
38 38
66 90
249
68 90
68 50
77
11 76
73 57
59
96 19
75 73
236
36 12
80 72
68
55 95
60 80
112
99 14
54 52
217
46 51
53 87
164
82 15
74 78
155
44 87
60 51
71
75 87
62 59
205
59 27
58 62
169
24 25
79 70
130
33 38
75 79
236
92 45
73 68
67
11 73
77 63
71
66 86
95 98
180
23 3
66 89
83
43 9
79 59
174
69 89
68 57
197
66 96
64 89
139
90 8
71 50
119
7 74
72 85
205
78 66
55 78
146
16 63
72 91
198
13 15
73 67
84
21 16
56 50
235
64 41
94 77
88
68 96
82 95
92
50 52
82 72
207
45 68
59 74
219
75 22
91 85
50
8 69
71 73
166
62 58
88 82
206
34 70
68 76
68
20 19
91 68
53
12 26
52 50
121
74 70
55 98
115
26 50
73 75
97
34 41
76 61
122
96 18
94 58
66
65 77
97 89
159
23 44
94 71
177
66 92
93 51
73
45 19
96 99
119
38 48
60 55
214
80 27
85 62
224
14 81
70 92
62
14 1
72 87
160
66 15
68 77
59
39 0
52 55
86
2 76
81 74
162
10 90
54 92
145
35 19
63 62
207
64 74
63 73
236
80 34
61 54
199
63 14
71 88
167
97 24
50 70
230
92 84
79 90
149
48 37
99 86
213
25 44
67 77
141
1 65
69 71
114
35 20
59 78
206
85 97
67 55
86
2 85
77 80
181
65 79
66 81
66
10 94
73 92
179
38 85
56 83
109
77 47
77 95
188
25 3
61 75
192
46 11
92 96
176
23 27
58 91
239
4 7
51 51
227
86 81
66 65
145
63 27
72 72
193
77 62
87 70
88
1 62
61 87
195
38 63
56 68
199
13 10
61 55
117
94 83
50 55
60
77 0
74 76
201
86 69
89 79
126
3 19
56 77
64
71 22
92 55
127
52 6
61 93
164
46 10
65 60
147
16 71
99 76
142
18 78
59 79
209
78 55
82 64
237
6 81
88 60
98
44 88
81 53
157
41 19
79 54
58
2 51
77 76
201
7 69
50 71
68
55 32
97 99
89
80 36
96 97
168
86 97
50 62
167
21 21
75 60
151
78 19
97 55
58
68 59
82 65
218
65 34
83 75
214
71 66
63 94
219
13 62
76 56
213
49 73
86 85
175
55 38
93 53
104
4 63
79 73
187
65 43
69 52
50
85 18
62 73
151
76 92
98 64
154
74 77
64 53
160
4 30
84 67
100
49 23
96 54
178
90 91
93 95
111
11 97
70 96
75
13 47
63 53
63
91 57
63 89
107
93 49
68 62
229
42 12
68 79
90
10 9
57 82
153
4 43
92 67
75
41 44
98 90
205
7 55
95 98
172
96 7
71 68
165
85 47
78 59
54
90 49
84 64
147
27 69
88 53
71
33 78
70 63
233
76 70
68 90
73
27 65
83 69
99
80 86
97 84
111
49 38
52 51
83
74 0
53 60
112
84 34
97 95
154
19 78
71 82
89
86 55
77 66
221
65 15
50 53
163
40 64
67 62
195
67 47
59 69
171
93 81
77 55
192
7 61
94 61
230
1 0
67 66
78
34 89
93 96
234
57 59
73 77
175
20 22
91 92
229
74 65
72 73
153
84 15
79 61
228
29 91
60 81
98
99 12
58 83
194
17 19
96 52
192
18 79
71 62
161
89 93
68 86
161
34 89
52 95
165
96 25
57 94
208
21 93
78 59
229
47 54
58 98
94
87 90
54 64
60
97 26
64 99
66
5 11
58 52
160
36 17
63 56
195
58 16
75 66
236
31 45
95 84
189
35 78
94 76
241
22 37
88 90
236
99 8
60 94
160
79 54
62 98
95
28 43
59 53
203
6 90
74 87
101
54 76
53 88
200
92 29
71 73
130
30 11
55 82
142
9 42
92 72
71
35 17
72 51
146
62 7
94 54
188
20 57
95 94
125
76 95
68 67
247
79 0
82 77
185
26 72
96 96
168
13 70
71 53
87
78 1
55 50
124
12 38
83 97
109
78 22
92 87
148
42 84
64 77
224
36 64
61 52
82
83 70
75 97
56
76 34
86 87
233
77 11
58 97
62
33 6
95 92
225
29 40
69 69
195
34 95
97 83
145
17 17
66 80
94
53 36
73 70
89
85 55
52 68
145
60 80
72 78
55
14 55
76 86
234
71 84
67 68
120
35 65
95 89
51
83 83
55 54
207
10 46
64 94
114
47 41
72 76
171
29 81
70 86
56
4 72
92 79
223
7 0
89 58
204
23 62
68 89
228
66 46
92 91
183
86 5
84 80
158
67 1
89 87
237
61 95
75 93
53
77 17
77 62
218
91 68
58 91
62
56 22
65 78
99
72 11
91 85
156
45 95
82 74
184
80 61
57 98
155
74 51
66 84
201
34 2
96 95
242
20 7
85 99
185
49 98
85 57
90
80 14
90 87
114
1 72
72 94
208
23 1
85 84
91
90 88
83 76
86
90 68
67 58
177
67 43
52 76
154
68 17
56 84
58
78 1
97 62
100
99 72
57 76
136
97 67
95 76
130
64 64
74 72
83
19 49
76 51
72
95 57
94 92
51
95 3
65 80
142
89 82
60 93
96
80 30
58 95
225
75 75
97 91
149
47 25
78 69
123
35 93
85 68
79
38 21
51 76
105
36 69
64 95
98
94 43
89 80
103
14 8
99 80
214
76 79
98 63
104
91 88
58 92
129
29 23
50 67
233
21 73
70 71
235
13 19
52 82
102
60 37
67 69
161
96 35
98 88
197
86 94
88 90
96
12 69
89 75
214
64 58
79 85
84
1 22
54 97
103
91 52
73 65
58
58 76
64 57
206
11 56
98 94
149
20 40
65 63
109
26 27
64 75
105
39 9
58 58
143
12 61
76 87
85
3 97
54 93
169
62 1
97 82
111
87 34
97 81
105
77 92
67 83
243
28 88
97 82
86
10 78
65 99
239
12 36
80 94
69
83 63
98 81
181
32 94
75 70
131
67 77
60 60
236
51 4
88 64
150
66 3
52 60
131
40 99
93 94
120
59 65
96 54
59
41 37
57 91
218
85 74
87 88
145
41 74
89 98
131
92 98
59 98
146
60 29
75 86
206
40 59
65 67
189
2 76
67 82
111
43 0
88 98
230
15 46
94 73
54
43 55
55 98
54
36 44
82 66
62
91 72
89 54
58
15 95
77 60
234
80 24
72 80
218
68 60
86 85
163
41 39
89 56
246
35 12
78 82
218
1 96
53 61
242
48 20
82 58
126
6 44
74 56
79
85 76
62 97
173
3 62
68 64
193
82 12
96 80
61
45 98
62 64
248
34 56
66 96
166
61 74
82 75
235
59 4
53 72
73
16 45
61 78
136
25 21
54 69
72
54 80
94 67
66
52 17
63 50
219
90 19
94 80
122
98 67
92 81
153
39 6
85 69
51
58 6
77 76
112
7 0
69 67
53
36 85
88 55
202
7 76
58 92
151
26 14
98 51
118
4 54
76 57
139
84 60
89 50
161
91 62
81 70
61
17 25
82 99
55
9 51
95 62
117
60 65
68 95
208
74 65
75 64
150
85 56
56 86
226
18 47
69 68
200
94 31
80 69
129
34 24
88 88
229
53 7
53 91
71
70 49
66 95
145
72 48
84 83
178
84 9
79 98
155
60 0
69 50
193
43 79
69 79
181
26 8
50 86
81
1 57
55 52
119
5 49
82 91
91
44 21
70 77
223
20 83
83 86
190
14 81
60 85
135
70 67
53 61
172
13 95
99 76
120
98 45
89 75
83
60 68
96 77
230
29 50
88 53
162
69 45
80 78
81
99 63
76 52
105
73 76
52 68
172
98 90
67 73
187
85 6
83 99
181
85 82
85 60
224
32 24
52 95
162
17 27
79 64
146
5 19
89 69
160
29 92
67 58
96
23 97
96 83
156
28 15
75 93
65
0 17
63 97
104
40 12
76 74
171
47 20
89 78
236
33 88
98 67
100
97 65
98 73
246
63 31
77 76
141
44 92
91 93
59
55 97
71 51
233
41 22
53 80
133
41 68
87 66
92
4 19
94 89
203
28 35
62 68
105
56 11
54 99
97
52 61
62 55
175
37 38
69 69
240
89 2
70 83
127
89 25
67 81
84
52 86
57 62
114
18 17
68 72
75
29 72
77 77
94
65 54
73 81
84
27 23
56 74
248
84 53
84 87
151
73 73
85 53
230
4 70
92 50
123
66 75
54 54
143
59 50
81 59
134
6 45
71 64
163
74 62
51 99
211
27 50
55 84
112
77 66
68 69
222
44 44
98 88
50
49 32
91 61
82
36 96
62 89
208
74 4
55 84
177
55 45
81 54
212
97 69
88 90
116
32 12
50 62
232
82 62
74 83
75
22 68
59 62
184
15 72
56 60
170
54 39
96 77
135
15 89
79 85
205
41 53
67 89
194
81 73
59 78
105
77 4
68 79
86
90 15
75 51
148
67 23
50 54
63
39 42
79 80
171
82 87
76 64
51
51 58
87 82
210
93 38
69 87
61
35 25
78 53
212
51 3
58 79
203
50 94
74 93
129
61 66
80 63
189
91 14
96 93
78
86 3
93 71
208
18 84
87 95
149
40 7
89 50
98
83 4
99 50
60
15 81
96 73
197
12 15
58 88
59
61 66
89 97
56
23 57
52 75
62
10 76
76 53
101
82 53
56 84
233
37 96
70 50
134
35 98
86 96
143
55 57
57 56
96
14 13
90 72
119
66 34
87 81
94
93 82
68 79
199
65 14
65 86
187
63 22
71 74
101
80 17
75 58
87
40 5
77 54
80
13 73
54 98
103
38 93
74 96
156
38 95
83 73
53
56 12
86 68
229
5 22
80 59
131
85 97
53 71
114
78 4
52 78
84
97 31
79 72
171
24 30
56 60
107
18 63
84 65
105
56 44
54 60
186
53 93
67 74
108
71 90
68 86
225
51 22
94 73
230
76 94
54 56
84
70 66
81 53
54
28 60
72 62
134
66 48
74 87
235
65 47
85 56
135
57 31
56 89
53
51 21
78 79
207
44 14
69 79
225
31 83
97 55
153
96 39
78 71
172
75 6
64 87
60
98 25
64 69
104
35 22
54 57
163
20 67
96 59
89
82 37
92 70
179
32 25
97 77
210
5 0
89 86
122
64 98
68 70
80
40 76
86 66
96
53 31
91 66
249
30 57
79 81
72
5 11
90 54
154
40 67
55 61
182
53 33
53 96
73
32 27
95 66
68
76 62
79 71
119
38 70
54 99
68
67 74
78 75
57
47 79
90 98
52
26 32
78 58
131
7 31
99 63
202
62 83
54 81
93
77 2
54 81
231
28 51
76 98
58
57 7
57 56
248
39 10
68 74
118
2 57
71 77
151
54 32
65 65
111
67 58
92 88
171
43 71
71 99
120
78 58
66 77
88
76 77
53 77
197
11 97
75 99
132
9 2
68 88
224
76 49
89 91
118
62 15
66 64
135
26 34
61 66
242
91 54
81 71
194
29 68
69 55
56
71 89
80 65
91
79 89
82 70
221
97 38
52 85
116
88 71
87 92
152
93 37
58 93
74
26 37
93 55
197
34 11
76 70
214
15 12
82 96
148
72 19
54 97
77
27 13
58 65
216
95 17
60 59
203
0 36
91 81
95
53 78
98 79
129
12 96
92 97
244
11 97
94 67
217
10 94
61 95
118
79 61
73 63
191
9 68
99 91
200
29 86
68 55
79
14 35
84 92
108
31 36
55 71
177
49 40
85 89
113
49 57
72 92
224
92 35
79 83
93
67 85
91 72
135
28 54
98 51
212
36 61
82 95
242
23 72
62 93
60
71 56
50 61
94
86 85
70 88
217
6 32
54 84
97
10 72
73 77
108
85 89
84 95
169
58 87
82 94
170
89 5
68 92
189
54 88
76 77
124
60 44
81 82
115
3 31
58 77
128
99 86
81 65
235
20 35
79 94
202
86 16
60 93
105
0 85
64 61
227
11 87
70 87
92
51 54
84 95
112
20 75
91 61
103
26 47
93 75
57
59 29
73 94
70
60 1
64 70
224
1 49
89 85
71
45 79
76 75
229
52 87
50 99
93
99 4
79 71
92
11 28
74 52
184
27 74
94 94
91
96 20
56 93
185
37 16
91 80
64
80 12
61 66
231
68 9
82 82
99
10 75
79 60
87
55 46
92 64
99
13 6
99 97
121
65 32
65 58
209
77 22
90 89
90
1 72
57 58
133
32 10
70 94
63
17 31
97 68
59
53 69
67 72
104
51 45
54 72
218
28 31
72 95
219
47 38
98 70
54
8 54
50 88
229
83 53
73 98
180
42 57
82 84
111
77 90
62 63
233
45 81
79 62
70
17 33
53 69
217
9 23
63 76
111
16 7
55 94
191
12 75
61 83
246
53 45
60 74
66
43 57
71 63
224
6 33
52 91
212
27 11
87 71
92
46 33
79 60
51
56 51
85 65
117
32 62
86 71
144
45 89
52 87
69
88 12
55 75
190
18 87
61 70
55
96 62
73 51
175
24 4
70 82
61
32 1
74 95
170
15 89
79 67
168
43 88
64 58
100
53 50
70 69
214
85 26
78 60
208
34 38
72 84
54
73 46
91 86
50
83 8
76 65
112
14 85
93 55
230
94 7
76 84
66
3 50
63 51
83
53 11
96 67
75
44 72
60 50
87
21 50
66 70
249
51 34
91 65
197
99 46
82 91
225
34 9
61 78
147
74 63
81 50
170
55 27
78 66
65
28 54
76 86
96
61 35
51 98
202
99 45
88 51
133
99 27
57 67
212
21 67
69 87
54
97 9
76 59
125
32 74
63 55
208
50 2
52 69
153
49 72
75 52
89
54 37
55 88
214
22 1
90 87
141
99 41
50 90
227
26 67
73 59
191
77 20
89 92
179
63 47
52 78
241
39 17
57 95
144
8 9
96 68
200
87 12
54 50
189
72 27
89 68
97
9 59
53 74
150
51 5
85 66
203
4 7
54 94
161
14 91
59 72
62
23 22
74 52
78
4 91
59 50
143
21 99
75 54
226
80 6
72 77
217
81 32
79 71
136
20 34
56 50
129
81 64
66 53
55
8 31
83 61
119
82 6
60 92
207
19 19
98 89
191
83 56
79 75
162
13 61
63 82
122
77 11
66 55
144
49 10
74 54
182
30 75
68 66
141
37 23
64 62
237
20 3
78 70
249
91 82
64 65
154
78 37
92 82
246
4 28
82 96
78
57 30
97 59
177
72 2
64 64
87
19 52
72 57
200
57 9
74 93
121
63 98
82 51
107
12 98
94 63
244
74 94
55 53
173
59 31
97 96
125
51 33
92 94
76
51 96
90 83
