6.6743e-11 1500 1000
66
41 42
55 58
193
69 64
56 74
71
15 5
96 97
103
60 85
58 56
117
63 42
74 99
119
30 20
59 71
80
1 89
99 73
107
13 18
92 76
69
49 99
98 84
245
84 40
98 55
94
40 22
74 59
216
94 29
52 99
156
91 31
54 57
90
24 16
94 55
166
94 76
63 65
242
3 60
67 78
51
41 73
82 94
117
13 12
61 64
65
92 20
79 58
148
96 50
55 72
92
32 90
57 86
245
67 81
59 50
136
34 3
99 80
69
62 47
61 82
125
33 0
58 70
163
9 18
93 61
114
83 3
92 98
241
25 95
95 60
236
49 49
79 71
248
28 92
76 62
92
76 40
60 75
185
30 40
51 96
173
57 12
61 59
51
56 50
62 76
104
61 12
85 53
140
29 53
66 69
156
58 61
88 82
168
29 69
67 98
132
30 24
83 89
93
33 92
68 51
95
83 5
60 59
170
14 49
70 50
82
81 8
90 90
120
12 60
60 51
231
84 33
75 61
117
17 6
60 52
186
67 50
59 71
78
10 91
93 94
81
1 78
70 64
94
80 86
87 56
190
71 89
51 77
246
59 44
99 65
219
99 1
74 87
210
16 17
61 70
59
41 1
68 61
211
4 55
63 91
92
52 33
60 65
155
7 13
78 67
106
32 38
75 57
106
44 67
87 74
157
91 34
97 98
111
4 9
52 65
69
36 59
76 73
196
41 29
98 53
70
36 61
68 54
114
35 60
85 58
175
71 16
66 68
170
26 29
96 74
230
58 95
68 66
84
99 15
70 76
147
34 48
52 84
152
64 50
60 90
51
26 67
85 74
245
16 44
70 73
64
15 53
72 72
184
37 59
85 83
59
35 83
67 93
89
19 98
88 55
179
55 9
83 58
92
30 3
76 60
100
29 24
99 68
101
8 4
87 90
93
20 2
97 80
139
95 69
76 58
133
85 90
98 90
169
1 84
94 51
179
71 3
71 58
170
25 62
54 78
165
8 23
53 87
156
74 77
87 51
100
27 37
79 88
175
64 59
60 78
108
63 7
68 79
87
32 1
79 64
136
52 29
67 97
207
46 53
56 83
85
43 34
74 63
73
33 40
69 87
143
78 97
79 58
146
80 45
60 78
160
41 67
64 64
208
67 24
57 56
123
93 92
55 69
217
47 44
81 50
168
80 45
54 97
209
51 93
74 92
161
93 54
68 55
157
92 63
70 76
202
64 51
72 95
69
16 13
65 68
249
11 37
84 80
67
79 91
83 68
155
37 32
87 98
208
52 57
85 52
74
87 54
50 88
61
65 59
78 78
180
15 27
59 93
51
51 62
81 82
136
15 38
88 74
154
46 34
86 56
131
91 81
71 70
241
81 32
62 58
161
39 90
86 76
101
98 79
63 52
231
53 40
66 96
92
50 0
59 90
137
90 73
94 78
61
78 21
81 94
140
71 55
83 81
157
64 32
86 56
78
27 39
86 81
193
88 23
65 96
247
89 33
63 89
233
36 3
97 63
167
3 3
86 90
138
69 0
58 53
105
97 81
64 84
83
90 30
76 74
155
61 71
61 94
74
14 29
92 62
163
97 81
73 68
184
73 57
60 53
181
43 10
97 79
59
27 14
88 99
153
12 5
51 64
225
81 40
54 89
225
85 54
73 73
108
80 59
64 84
92
76 15
94 87
123
11 46
98 50
101
3 3
69 63
156
59 38
79 89
165
34 15
90 52
207
51 63
97 89
115
62 31
70 91
209
18 15
65 70
66
71 21
87 69
92
27 78
67 54
57
84 69
72 91
126
85 50
89 77
182
22 44
86 94
144
53 5
77 62
170
1 29
50 91
88
78 34
88 65
198
9 24
65 82
181
67 61
88 66
108
33 0
97 80
121
52 74
87 74
230
68 44
88 81
118
74 71
86 97
64
61 95
79 73
128
40 7
75 98
231
76 56
87 66
73
63 37
61 77
52
57 7
90 70
147
11 39
88 71
50
85 37
63 63
166
20 43
91 57
245
98 90
56 73
137
93 98
76 52
156
85 5
77 65
176
18 13
86 89
206
74 89
54 93
237
98 10
69 59
189
9 6
82 89
215
80 76
79 60
56
36 68
83 92
213
96 70
59 82
83
1 90
84 59
157
94 98
57 55
215
15 97
86 74
247
63 91
53 78
144
21 36
80 80
154
50 93
77 53
212
18 86
97 65
52
95 22
78 98
154
77 65
89 69
113
82 69
99 78
85
35 72
54 58
66
48 12
65 68
125
3 80
95 95
50
18 99
99 95
148
64 51
73 75
205
92 90
71 87
141
45 24
82 78
50
45 46
65 50
112
45 27
73 68
143
24 18
66 61
74
17 61
88 88
190
78 44
83 84
101
58 27
56 97
140
4 97
99 87
219
76 2
70 67
99
90 12
75 76
106
36 50
90 76
74
34 66
53 54
170
30 6
53 78
238
52 20
60 93
151
14 14
83 79
136
45 79
55 76
170
7 85
63 58
147
81 84
89 84
134
45 4
84 65
50
6 3
98 54
168
63 57
86 82
246
65 18
97 94
172
84 66
75 81
97
59 79
63 78
200
19 13
78 97
103
83 47
53 59
182
60 78
62 97
197
33 95
89 64
182
56 39
70 66
233
99 63
93 92
164
56 93
90 85
186
40 38
50 72
193
80 56
53 56
92
98 3
67 77
90
6 59
75 96
77
90 31
73 78
184
18 45
80 92
161
21 79
53 53
221
59 98
54 53
112
57 97
75 62
127
84 52
50 83
110
31 62
93 52
107
38 36
79 77
170
10 90
93 91
163
44 64
67 74
248
17 38
50 58
92
3 85
70 76
105
83 38
91 87
226
29 44
71 66
210
62 86
80 72
57
44 87
61 51
114
49 2
62 83
202
99 75
53 55
69
44 10
99 54
87
93 30
96 66
67
35 79
51 81
165
89 38
92 61
202
96 27
60 52
108
87 54
61 59
91
23 28
83 85
223
65 22
90 68
64
19 87
68 99
71
9 16
79 62
153
59 14
68 99
121
74 9
70 59
185
98 0
87 61
183
59 36
54 51
101
42 65
66 71
62
34 44
58 71
63
24 76
77 74
143
36 96
55 67
56
7 55
66 57
94
54 42
93 55
158
58 6
79 52
226
25 67
90 60
233
17 76
50 58
94
96 53
72 83
53
27 91
98 60
95
91 54
61 99
234
68 60
64 95
99
81 71
84 75
124
62 10
70 91
112
75 35
68 61
98
12 66
77 77
110
83 73
74 53
147
36 40
87 67
101
10 66
93 84
94
56 58
99 56
128
37 21
84 54
207
50 2
81 69
129
54 82
85 65
81
77 12
79 67
214
95 70
55 75
91
65 19
78 97
217
51 27
81 54
85
35 13
85 87
67
17 17
82 73
104
96 54
74 82
75
44 96
71 72
249
43 65
62 67
123
90 84
88 74
173
53 59
98 59
238
65 28
51 57
99
58 12
94 97
82
92 22
97 76
214
12 28
95 59
77
29 32
58 69
119
19 92
53 74
117
83 63
70 85
137
84 34
82 95
230
6 29
55 73
155
85 89
98 68
80
32 97
66 61
190
10 80
55 59
116
70 26
63 99
92
98 36
83 77
232
62 59
82 90
170
73 46
66 55
123
13 88
99 55
229
32 97
58 91
89
35 7
59 59
200
97 3
80 98
81
42 82
75 95
224
21 65
73 50
239
11 73
79 52
160
28 33
74 92
87
34 33
92 74
193
46 74
75 90
78
9 71
69 70
134
34 97
97 57
107
22 46
98 68
103
33 31
75 82
58
59 19
93 92
203
17 37
77 99
194
1 80
52 54
120
51 38
96 56
150
94 14
84 73
245
17 76
58 78
93
29 88
82 54
222
19 7
59 92
247
39 86
90 50
143
31 20
76 95
177
42 97
70 73
179
49 68
97 96
157
85 89
93 89
218
3 61
55 87
212
94 36
88 53
84
10 46
93 65
89
41 44
68 81
63
86 10
57 62
185
98 22
61 71
244
72 41
80 97
230
17 11
64 74
57
62 60
78 68
208
22 57
88 99
242
1 12
77 81
160
49 18
89 58
210
32 2
51 84
63
62 64
90 82
128
51 89
57 91
79
16 99
50 53
105
14 48
81 58
191
49 18
78 90
191
33 50
87 73
186
51 38
70 99
244
62 77
70 95
171
21 26
81 88
221
29 45
53 88
162
23 79
72 62
103
24 3
78 88
61
67 75
74 65
89
3 9
54 51
224
32 23
61 95
63
6 19
57 95
61
88 7
71 86
160
24 39
78 85
155
53 98
63 72
229
74 11
65 84
230
88 60
56 62
151
27 78
73 57
234
32 70
56 72
204
47 35
72 80
75
72 35
57 80
136
71 61
96 62
86
56 93
57 76
214
35 77
86 93
210
58 27
52 93
164
39 47
77 63
111
65 39
71 83
174
35 71
86 95
233
29 83
59 91
136
88 56
99 72
226
79 34
77 84
133
26 48
62 74
106
53 87
72 71
76
96 45
91 61
182
76 96
88 61
238
44 99
73 76
145
8 53
89 76
185
40 61
85 62
152
74 18
89 57
197
36 85
99 93
79
95 75
88 56
133
87 94
72 79
111
27 27
55 69
217
19 56
70 57
104
40 61
70 79
181
57 28
71 68
206
98 97
55 54
136
1 87
69 73
226
46 86
57 53
53
16 22
81 72
136
42 29
60 77
164
38 10
78 72
59
28 80
84 57
233
24 45
68 85
193
57 61
66 91
114
91 44
67 82
222
96 19
98 67
56
8 81
55 96
137
86 57
66 67
72
61 50
87 96
81
0 89
80 88
119
27 5
87 60
144
8 32
99 92
156
33 0
98 67
140
5 6
73 78
71
23 51
97 84
113
39 65
56 65
71
63 84
94 98
102
77 94
88 61
78
40 19
86 63
238
92 4
82 93
115
83 66
50 91
183
18 56
71 74
74
56 45
96 89
150
92 91
52 79
231
24 10
73 71
160
79 62
55 55
62
74 20
63 97
124
69 32
56 92
91
54 68
57 97
102
99 49
81 94
153
93 77
51 77
66
13 90
95 98
70
17 12
59 94
81
44 69
63 52
102
34 93
92 58
91
44 10
55 92
225
32 96
75 68
233
17 36
84 98
112
96 69
63 82
158
84 15
67 54
100
13 56
65 84
157
25 77
70 51
182
18 78
98 67
195
87 52
51 63
173
70 77
59 72
135
24 80
84 70
94
92 72
56 57
109
85 64
68 85
205
46 69
88 75
247
91 23
88 84
94
15 7
79 66
127
11 51
73 51
97
45 97
54 90
203
71 99
86 89
89
58 46
74 87
246
47 34
68 89
235
26 35
51 52
207
5 29
83 69
80
80 16
58 78
137
60 33
72 58
98
71 97
84 56
97
21 55
94 96
189
30 83
87 67
233
17 75
96 90
102
64 71
99 82
75
32 71
79 85
107
78 33
92 80
115
47 79
75 86
243
60 77
95 75
97
22 11
51 64
220
22 68
51 84
123
24 59
96 56
204
30 15
97 84
224
26 1
87 73
101
17 18
96 63
62
57 10
77 86
58
95 56
92 83
146
2 56
64 73
248
81 27
63 80
178
65 6
79 54
54
50 57
70 71
146
31 85
71 53
108
79 13
98 53
172
57 2
75 76
173
54 26
57 55
167
13 85
90 84
95
49 39
60 95
120
46 91
96 53
119
61 63
68 99
160
22 23
99 69
99
25 42
99 53
234
85 73
57 50
227
98 95
90 76
209
33 48
51 57
131
64 26
77 92
135
50 4
73 57
151
18 57
62 79
67
37 63
63 52
147
60 31
58 95
52
6 6
63 87
110
42 68
61 76
219
15 61
71 72
241
78 25
54 59
192
20 78
83 80
135
64 29
74 96
72
31 0
88 81
196
56 93
69 88
169
83 58
82 87
54
7 78
89 82
62
17 76
56 84
100
85 69
67 67
112
68 89
72 95
206
15 91
80 62
187
90 84
71 70
174
49 24
58 81
90
34 95
79 57
141
49 60
77 78
66
68 90
85 84
141
79 92
57 58
61
41 95
67 53
162
91 77
58 63
199
4 53
60 84
85
22 27
55 84
199
98 53
89 68
235
34 61
71 64
141
19 27
80 84
136
57 96
61 78
116
14 79
63 72
126
90 57
94 51
148
99 0
70 96
138
83 81
98 74
157
25 65
99 76
156
97 64
92 63
160
22 81
55 76
87
13 53
56 80
109
56 78
74 58
129
7 98
73 62
107
38 21
97 83
190
12 41
56 89
156
90 0
78 80
195
33 18
50 60
239
28 69
77 98
104
78 77
91 63
201
13 71
56 91
162
99 33
75 74
205
27 83
63 97
205
33 43
55 89
133
75 78
76 61
204
53 17
81 82
247
2 35
77 60
158
62 22
99 57
187
82 14
64 64
147
7 20
59 81
162
87 14
78 89
166
95 94
78 69
76
14 18
80 80
93
55 40
99 55
104
14 43
57 88
228
79 85
68 87
138
35 1
91 78
163
87 44
65 60
115
84 39
69 81
114
60 74
82 71
109
75 25
65 75
184
51 55
92 64
221
46 54
82 56
189
78 19
82 76
94
71 43
75 80
240
1 96
68 52
183
45 14
89 60
161
47 95
61 64
141
15 85
92 87
200
63 76
54 78
245
98 24
56 66
75
53 9
63 76
223
77 12
72 70
219
19 81
97 66
82
85 7
97 50
127
73 2
80 92
78
7 88
56 78
113
67 3
81 68
181
45 93
64 58
120
97 77
93 89
95
53 74
74 82
100
76 59
53 73
108
43 3
83 67
100
36 33
53 67
120
47 48
57 65
113
86 85
77 60
82
1 57
89 85
177
50 35
60 55
204
66 13
81 97
249
16 99
67 86
219
17 58
73 66
176
11 79
92 63
188
49 45
82 91
139
17 18
73 91
77
38 45
95 93
71
94 93
81 87
213
39 7
75 81
214
7 7
72 75
249
69 65
56 50
201
26 41
83 68
201
78 48
93 90
75
38 63
51 70
121
60 83
66 62
185
24 79
54 92
198
72 93
94 68
130
35 69
90 59
118
90 10
52 99
233
16 24
96 74
219
80 97
60 79
146
39 64
59 72
195
52 73
91 69
96
12 50
59 82
152
71 50
51 94
126
26 80
54 92
72
3 61
90 54
113
6 3
77 54
215
0 52
71 68
193
23 64
98 56
234
49 10
57 56
200
87 32
76 78
143
89 3
57 96
181
60 12
66 87
90
18 55
73 90
142
89 36
94 65
138
54 0
56 89
211
40 91
70 50
218
23 93
90 57
182
54 88
77 95
70
84 85
77 91
107
13 83
98 99
107
98 39
78 64
156
71 77
80 98
93
23 66
75 68
115
15 51
96 69
195
33 40
83 79
160
66 39
88 76
166
29 85
51 67
207
79 25
76 80
159
42 24
92 84
220
45 50
71 87
143
13 82
62 76
246
51 89
65 64
191
2 31
50 70
54
75 79
59 85
101
35 96
80 96
80
82 68
55 75
54
88 69
97 67
202
36 14
80 55
51
11 48
68 54
163
49 60
95 91
210
91 92
90 98
173
10 78
55 56
66
74 62
79 56
124
45 8
65 60
76
63 64
70 89
83
80 55
96 82
225
40 94
92 68
133
20 93
99 93
176
13 9
65 52
243
25 26
89 90
142
53 68
60 55
123
65 88
72 53
111
17 80
50 53
209
43 36
80 80
145
39 58
62 58
207
89 53
94 84
128
64 27
84 83
124
75 56
61 89
247
93 52
56 66
245
42 26
58 88
222
68 33
94 64
80
47 73
59 71
193
86 49
82 60
123
40 34
76 98
103
78 97
64 96
186
90 41
82 79
50
17 3
69 68
61
44 98
70 61
154
71 6
66 92
106
53 15
63 96
129
61 50
98 59
227
42 46
77 67
224
32 67
85 93
154
85 55
68 98
205
24 52
95 77
193
10 83
81 96
176
81 75
86 89
232
82 16
85 74
161
54 50
93 96
139
0 0
98 74
168
1 82
59 95
198
44 38
84 58
125
61 36
77 59
147
95 91
67 82
80
17 95
91 84
112
91 25
52 63
190
34 33
78 93
245
66 41
51 89
102
88 14
73 65
117
66 63
97 63
183
42 93
80 52
184
55 65
78 75
57
61 17
60 93
192
51 88
77 60
153
42 13
80 93
167
93 10
73 84
190
19 17
70 85
99
37 69
96 56
167
64 64
57 80
224
46 72
83 76
175
98 81
74 67
178
86 37
71 74
62
90 66
51 81
212
22 32
88 99
119
4 16
97 83
212
71 7
85 60
106
18 85
55 54
192
94 35
59 81
65
27 93
76 57
179
60 20
71 51
98
40 72
55 53
189
65 67
79 60
152
16 67
73 71
123
60 15
96 67
219
41 34
92 99
67
64 78
81 77
185
6 78
83 75
61
2 14
77 78
83
96 31
52 99
71
67 75
94 82
114
29 3
52 55
123
82 75
54 87
66
82 72
50 72
115
66 33
62 67
245
45 52
52 91
147
29 13
95 66
173
50 80
88 52
53
65 77
64 85
219
39 1
73 52
189
9 69
89 57
173
41 53
96 68
245
9 17
83 74
106
66 48
52 57
206
30 62
97 71
246
1 42
94 85
126
16 26
84 87
55
37 60
80 96
135
49 94
68 97
185
18 3
62 51
121
76 9
82 53
74
24 49
85 77
69
11 53
93 87
97
55 92
90 86
86
84 22
69 87
153
24 72
75 73
89
34 96
99 65
166
51 91
68 91
138
74 12
99 51
67
43 99
87 72
183
9 60
50 70
80
22 25
98 55
50
95 94
59 84
246
53 3
94 99
171
8 87
91 97
209
42 16
89 52
79
1 35
57 91
101
82 21
76 76
131
22 26
62 76
134
15 24
74 87
61
63 10
58 71
204
26 30
82 96
165
20 26
67 69
127
38 72
50 60
217
28 41
69 91
91
45 25
64 58
119
25 20
91 83
185
74 87
84 61
156
62 29
50 76
181
74 56
66 69
75
9 88
80 53
180
7 46
55 75
172
27 45
80 99
220
17 34
97 94
203
76 3
81 67
76
37 98
70 51
155
8 78
83 64
140
30 44
70 98
187
17 72
71 66
97
57 38
85 66
154
90 22
89 83
121
88 59
62 59
158
42 14
81 68
76
25 11
59 58
247
33 97
63 64
54
3 13
80 63
140
4 17
50 80
143
62 52
63 83
176
79 93
62 69
210
73 95
55 88
84
52 35
52 67
67
67 23
86 70
99
5 63
93 53
206
95 47
82 70
210
26 96
67 90
138
64 0
88 63
169
26 47
66 71
230
89 40
63 97
127
76 97
50 82
69
49 90
62 67
132
61 27
67 58
228
20 96
59 93
60
8 14
88 86
224
78 16
64 65
241
13 92
76 67
113
69 39
56 63
231
85 47
55 92
103
3 73
68 73
214
82 83
72 72
170
40 98
63 51
206
57 42
62 69
85
1 33
98 54
209
45 38
80 94
202
5 97
72 55
223
58 19
93 56
132
41 28
79 72
56
22 79
50 63
186
85 98
53 87
133
41 96
90 80
123
90 32
87 79
214
58 4
62 72
51
41 4
79 94
170
10 0
63 94
160
14 30
69 96
119
15 31
62 62
158
96 35
66 98
186
23 62
87 94
185
93 48
92 76
122
43 49
93 84
108
26 45
93 72
95
24 41
53 63
238
91 73
71 85
159
85 73
69 82
124
67 68
96 68
212
45 92
77 57
191
24 15
90 67
167
33 64
79 93
87
2 82
69 80
75
92 41
74 63
113
94 37
57 83
240
50 45
52 86
79
69 29
98 55
59
12 22
67 93
244
49 32
64 98
70
5 74
87 64
181
26 28
61 77
234
8 68
56 84
212
37 15
70 81
135
94 93
88 99
111
72 43
92 63
238
18 35
50 93
157
28 77
54 83
141
74 69
55 99
232
70 61
94 69
92
89 4
54 88
179
49 2
65 51
143
52 89
85 63
102
64 70
56 82
120
25 23
74 97
183
87 79
51 53
234
55 98
86 73
111
88 3
56 61
155
98 56
70 58
235
90 10
93 51
148
18 71
68 76
195
0 9
64 82
201
62 16
90 56
199
45 20
83 87
103
39 43
51 53
209
63 88
89 52
108
13 52
78 79
131
37 74
56 81
52
75 32
91 66
67
11 65
55 62
244
50 67
71 85
201
59 97
51 66
151
3 77
56 64
182
80 47
79 71
188
13 75
92 63
54
9 30
92 67
214
12 13
99 64
233
48 17
86 94
249
13 47
61 52
169
9 86
60 99
240
35 37
51 53
129
33 60
77 89
228
93 5
72 90
94
89 73
69 92
175
67 91
95 88
230
32 9
60 91
242
98 83
89 79
151
99 11
50 86
128
57 64
54 73
79
79 67
59 71
149
2 96
87 68
98
96 50
94 80
207
27 24
55 57
216
66 60
96 67
68
11 48
71 76
167
39 57
78 97
100
25 48
66 53
214
68 1
83 62
62
9 69
78 90
214
40 58
78 81
89
76 1
77 52
249
35 19
66 88
213
64 41
94 90
232
47 56
69 53
82
90 15
57 91
221
18 57
88 61
196
90 50
52 74
169
24 73
64 56
90
5 22
64 57
101
71 91
94 50
190
10 82
73 80
119
32 1
65 87
171
67 85
59 63
170
33 34
93 96
147
15 36
93 54
231
37 5
55 52
81
89 92
75 93
114
28 63
52 96
95
88 69
84 63
197
19 85
81 80
162
17 29
83 79
213
40 60
65 50
97
9 83
77 86
134
92 0
99 65
244
18 10
73 82
153
60 82
64 72
191
44 86
67 61
229
29 74
76 70
144
61 67
56 54
88
56 40
57 82
55
20 77
61 74
193
93 79
53 56
158
39 97
58 54
158
34 83
53 87
210
23 84
90 74
229
80 12
95 85
240
24 93
69 60
185
48 5
61 81
51
59 41
95 92
217
80 52
89 52
234
25 14
88 57
115
53 38
75 98
50
18 88
98 74
189
3 11
94 89
215
85 40
84 76
132
36 95
99 63
228
16 99
58 53
54
96 21
69 59
171
7 61
85 92
55
49 31
71 60
95
63 77
53 83
50
1 65
80 86
200
79 66
72 66
139
43 23
82 85
112
94 59
51 69
81
34 26
88 82
155
16 78
63 71
71
30 21
59 72
61
28 25
91 92
100
14 32
69 93
149
28 7
78 95
129
54 28
61 64
194
91 71
94 62
106
65 86
58 86
77
85 97
92 57
127
76 57
52 93
195
9 42
89 74
187
68 5
71 93
131
95 87
50 74
89
86 80
66 57
96
16 84
93 82
58
0 61
54 86
52
99 81
57 63
88
13 52
95 58
186
34 91
65 81
184
47 71
78 72
64
64 19
53 82
57
16 42
78 59
222
59 13
76 71
217
28 62
72 82
125
64 20
52 59
129
23 96
68 77
153
39 93
75 69
244
69 26
87 60
97
50 83
56 58
228
20 77
59 56
243
82 33
92 57
184
38 88
67 59
57
60 64
83 98
137
61 93
53 56
248
86 55
64 98
95
91 26
84 65
103
17 58
67 85
161
56 21
80 50
73
94 9
57 86
179
52 75
84 90
206
39 40
90 94
155
18 39
55 97
52
63 50
87 71
133
58 34
86 89
138
45 14
52 84
155
78 15
57 57
64
97 65
60 55
87
99 11
58 55
206
10 9
82 72
97
66 55
94 55
53
60 45
81 50
113
98 57
65 93
205
80 7
62 52
242
23 41
98 94
133
9 0
72 93
91
79 92
99 57
175
46 62
63 86
127
20 1
94 75
137
53 82
86 70
167
27 12
56 93
177
9 76
72 86
83
14 77
87 63
66
99 38
76 62
164
77 92
69 85
73
2 74
94 78
138
59 46
89 68
65
67 95
82 76
91
61 10
75 56
148
13 72
86 50
92
78 64
51 71
248
26 95
73 50
170
21 40
58 79
62
4 47
73 80
138
85 73
79 99
210
53 48
98 76
142
14 68
89 70
116
86 68
70 92
112
61 64
96 85
171
95 48
80 75
120
53 13
65 56
85
15 68
94 90
163
14 32
53 79
156
23 45
89 92
146
6 6
92 57
152
90 78
56 97
172
21 67
75 75
186
44 62
53 51
88
35 16
96 55
140
93 11
55 66
185
62 62
69 91
206
49 43
92 96
107
59 20
95 81
185
10 19
73 79
63
39 69
74 50
237
37 91
57 83
243
71 68
59 57
92
52 63
61 91
94
81 1
82 55
178
51 42
71 88
224
43 51
54 66
219
95 5
88 57
54
58 52
59 75
117
74 17
60 71
185
13 67
73 66
95
17 96
85 99
189
38 75
93 84
192
99 3
62 89
139
66 45
70 98
175
89 67
89 51
152
58 86
54 65
231
51 13
64 51
136
89 90
76 76
133
31 19
60 82
96
6 23
71 62
228
39 90
91 68
180
80 22
87 88
184
2 22
73 85
166
15 23
50 56
141
71 41
75 74
81
98 20
85 89
172
75 68
86 61
218
58 43
81 98
197
53 83
68 50
176
44 18
76 91
246
17 84
59 67
94
31 50
90 93
166
8 17
78 91
146
21 12
60 56
54
95 5
57 58
66
26 36
80 60
152
14 56
73 72
175
25 16
61 57
215
28 73
67 75
108
29 21
79 81
191
85 36
96 87
142
82 53
63 70
62
21 25
97 79
146
65 4
61 71
79
87 39
64 57
54
38 68
99 85
219
87 26
63 54
135
16 99
69 70
231
94 32
63 52
93
68 98
72 61
231
11 90
97 68
77
67 72
57 67
69
84 87
91 56
149
92 44
64 68
64
48 1
54 60
162
54 4
65 80
128
55 61
80 89
204
54 69
86 72
162
73 93
99 98
117
95 99
67 61
109
69 25
86 58
75
42 20
50 81
57
13 10
51 64
245
20 20
94 50
109
87 14
62 84
89
61 3
65 84
231
40 94
52 50
128
22 27
58 70
224
68 79
95 89
170
66 35
85 92
210
99 3
88 98
63
91 87
71 76
156
67 7
59 99
219
36 77
50 93
245
29 69
59 65
125
96 87
82 93
231
35 53
53 82
173
92 97
73 65
64
83 73
72 83
142
2 3
98 81
102
68 28
93 83
179
83 60
53 75
65
59 58
92 50
162
39 26
91 57
64
66 23
56 97
189
59 42
75 93
160
3 97
80 80
148
43 59
86 81
146
46 96
99 57
190
25 72
79 81
68
52 45
95 84
158
89 75
68 70
214
65 30
62 67
198
23 65
99 91
109
47 39
97 57
96
71 97
78 73
50
25 93
78 54
222
5 12
84 61
224
66 77
94 91
228
62 39
82 51
111
22 12
71 58
71
18 7
80 94
148
76 44
50 76
204
12 48
62 59
199
39 85
79 65
186
20 46
97 50
153
12 11
71 77
183
78 50
94 54
111
90 2
80 87
240
79 43
54 54
143
92 3
71 84
171
17 20
70 91
214
33 96
73 78
207
23 62
66 87
167
20 48
87 57
101
32 49
54 82
189
7 75
59 81
228
32 4
97 95
104
94 12
90 88
69
54 45
82 93
170
33 12
72 91
172
21 44
76 57
75
53 46
79 85
62
33 15
61 96
132
75 51
91 76
217
88 96
91 72
222
55 42
85 55
177
31 80
89 51
207
85 26
63 60
216
79 75
71 51
192
74 33
62 67
115
10 36
58 53
51
53 26
83 56
90
15 36
87 72
104
15 29
92 91
229
19 57
58 58
92
94 52
71 67
106
57 34
90 66
166
66 19
77 69
151
63 9
81 69
50
63 23
65 68
105
24 47
57 76
183
9 68
85 79
180
20 35
53 87
162
72 55
74 80
249
86 31
52 63
69
76 15
83 82
193
82 89
65 67
189
84 52
83 50
171
18 30
70 93
221
25 5
85 93
52
19 95
60 88
121
25 7
92 99
111
83 42
62 93
101
66 35
85 87
200
18 8
54 70
138
11 92
87 63
249
82 67
55 68
142
15 41
93 70
59
87 83
78 92
151
13 43
80 68
199
91 70
90 67
195
34 7
72 58
224
40 7
77 58
97
71 53
75 62
114
58 23
66 51
186
11 53
73 50
192
43 51
70 83
235
77 30
88 72
151
98 46
56 91
125
59 41
55 96
184
79 10
62 92
145
67 81
83 56
190
34 0
85 83
206
67 20
92 85
108
90 86
80 56
147
21 83
80 58
226
92 43
87 57
156
68 2
61 73
153
13 65
98 89
101
21 45
80 68
115
69 76
84 58
99
68 5
65 72
200
8 50
58 94
198
12 1
76 68
123
92 72
61 89
142
7 90
60 63
239
37 31
89 58
123
96 59
81 93
111
32 43
88 70
192
91 70
88 54
67
10 80
69 61
222
9 54
69 81
71
50 72
81 58
191
42 84
77 87
126
21 99
71 60
61
91 2
56 52
231
36 71
83 92
105
87 16
97 66
108
71 38
98 61
52
32 2
90 97
112
91 73
85 83
114
87 46
50 57
93
71 88
82 80
154
48 87
56 93
197
46 2
65 69
144
17 73
72 79
59
95 93
78 50
230
74 16
73 69
224
64 63
95 97
246
34 54
97 95
192
51 44
65 88
216
89 35
66 84
61
59 45
96 59
237
62 91
61 61
188
26 87
84 52
223
38 50
97 57
138
92 50
90 91
57
25 58
94 98
241
39 12
71 50
87
14 89
52 52
175
89 42
96 53
176
46 76
86 64
244
38 4
96 86
78
6 45
94 56
102
6 97
50 93
79
41 81
85 93
94
27 21
74 83
73
53 59
76 69
91
32 15
53 79
78
99 59
65 84
195
15 86
80 51
117
63 32
77 58
150
48 52
88 77
75
49 2
73 78
127
39 71
50 60
142
61 38
75 93
77
63 88
91 94
195
23 61
71 58
201
74 8
87 51
214
41 76
56 63
215
77 91
51 56
129
91 0
94 91
166
84 20
64 80
126
27 25
86 51
98
46 54
58 74
84
34 38
54 77
243
95 44
50 72
98
53 2
95 89
99
15 56
88 83
231
13 61
65 60
149
71 60
85 96
79
25 32
59 66
131
4 9
81 78
106
85 76
68 59
230
76 58
94 97
214
5 80
90 79
120
53 29
77 92
190
59 23
89 65
120
48 99
77 76
82
56 83
94 69
226
3 2
51 52
249
82 68
97 54
124
26 27
71 77
155
44 67
85 66
134
36 87
63 84
213
48 68
88 71
243
92 47
51 98
143
19 47
53 77
67
30 2
81 95
101
1 1
67 98
188
56 32
66 74
120
85 89
61 70
225
60 15
63 67
114
62 12
90 83
116
94 0
98 98
225
49 52
50 76
168
32 14
90 75
50
30 97
67 87
93
83 64
81 53
148
44 67
53 61
86
55 79
77 80
53
79 5
84 54
181
0 23
98 63
191
95 16
55 73
164
70 66
69 97
103
89 96
59 99
242
88 85
65 97
217
73 3
57 99
157
30 30
96 59
178
14 52
75 75
69
41 90
87 89
213
35 43
92 54
146
30 96
95 86
95
98 4
55 68
208
85 77
89 88
133
41 69
94 97
219
86 69
58 62
176
53 25
81 61
248
29 10
96 78
75
50 73
94 75
155
73 33
74 93
212
43 26
76 56
89
45 77
89 76
205
17 52
65 59
248
75 7
87 78
172
60 5
80 74
206
66 30
75 80
90
3 44
52 85
229
29 26
52 76
171
56 84
93 88
72
52 88
66 99
89
21 71
96 51
204
78 60
92 72
53
38 64
51 56
241
77 38
66 72
132
50 93
83 88
93
72 12
62 97
190
85 38
92 64
83
2 20
92 63
194
8 18
75 82
209
15 25
50 88
231
95 70
61 82
229
73 27
75 53
137
65 43
59 75
57
29 10
74 61
123
92 57
92 81
219
17 92
81 84
69
51 18
50 65
62
77 46
99 88
54
44 77
52 72
204
13 29
93 83
189
0 9
90 83
142
83 5
89 62
214
59 81
96 67
59
94 32
70 89
93
47 95
67 90
52
99 94
79 67
92
38 58
91 92
231
46 87
99 64
238
30 80
99 97
229
31 9
50 73
103
95 69
59 53
115
55 55
74 66
234
32 58
52 75
75
39 56
72 72
90
4 12
61 73
153
20 2
77 87
122
96 40
93 70
207
0 85
53 62
176
11 49
74 58
65
80 36
58 57
154
72 99
72 58
233
24 11
98 56
54
91 28
98 52
186
85 10
74 89
88
23 15
76 51
197
62 69
78 79
172
27 83
93 94
100
55 77
83 76
55
14 30
85 98
64
45 85
74 50
221
41 90
92 95
117
13 94
76 79
91
61 51
95 68
155
75 70
97 62
110
79 69
68 74
116
55 89
91 61
131
31 35
80 72
225
76 42
71 88
204
75 81
50 66
122
72 73
85 99
171
6 60
86 51
74
27 67
81 81
218
18 12
87 52
50
29 27
68 76
202
49 31
99 77
101
72 52
51 74
59
63 45
98 65
100
18 40
73 77
151
88 98
50 69
225
29 19
97 56
99
30 8
88 99
179
92 2
78 51
93
24 10
76 57
224
18 57
86 94
243
84 45
66 81
136
87 8
64 68
85
25 17
68 65
163
71 47
50 55
99
11 0
57 75
239
16 52
96 59
205
94 4
86 91
112
94 78
98 50
109
15 85
52 86
86
49 1
56 57
200
58 8
86 63
168
90 54
65 84
88
69 41
83 82
105
63 47
97 52
111
34 13
99 78
186
50 64
73 88
158
84 40
53 66
220
59 84
71 62
74
12 50
85 93
147
82 1
53 60
229
68 73
52 65
167
66 1
91 69
92
31 27
95 76
134
82 48
60 95
155
10 19
65 69
195
66 67
77 77
171
1 58
73 91
205
77 58
79 73
118
8 15
91 52
155
89 88
84 87
199
3 44
64 62
