6.6743e-11 300 1000
166
41 88
63 95
73
47 10
77 87
112
55 18
97 78
242
24 79
95 72
190
81 5
52 70
146
39 74
94 71
138
84 37
84 81
200
95 4
93 99
174
11 12
90 79
211
22 71
95 87
167
1 77
98 50
105
74 46
67 95
120
57 83
66 55
91
72 5
54 88
115
66 12
93 78
59
67 41
78 83
112
56 0
52 65
106
48 71
66 80
218
1 1
58 75
67
13 66
57 89
117
19 6
86 86
213
28 47
80 80
156
82 44
60 64
134
31 70
53 84
99
6 52
77 50
216
96 67
58 79
53
14 98
86 72
150
83 37
69 78
163
64 87
51 97
74
24 83
68 57
79
20 56
56 87
148
25 53
82 96
83
30 49
73 99
69
61 51
82 52
130
19 68
67 96
170
51 20
77 96
169
83 25
62 89
191
65 89
85 66
199
36 99
50 82
62
2 51
55 75
236
73 5
54 55
91
74 77
74 92
104
51 63
52 89
166
44 31
99 81
129
1 83
65 68
201
66 80
55 55
121
62 91
98 97
166
26 90
82 93
102
97 97
88 55
249
21 71
53 93
121
88 75
95 72
153
75 75
81 71
182
24 92
91 96
123
31 63
58 51
215
7 55
60 62
195
34 14
57 67
89
84 90
62 77
229
89 30
51 56
120
95 38
85 97
139
0 72
73 70
160
30 38
50 67
142
14 62
81 76
174
71 65
92 58
235
22 40
96 75
175
37 97
96 73
124
68 62
82 74
241
20 36
53 73
223
67 66
92 89
199
10 63
74 72
152
16 10
85 77
64
34 54
77 51
81
89 25
51 99
74
87 43
68 96
142
34 21
61 60
129
76 61
83 91
102
95 43
72 68
230
27 83
86 67
156
12 50
99 98
165
44 24
70 55
163
94 47
57 99
205
68 78
71 83
204
15 36
56 99
189
39 82
51 68
176
51 25
75 90
150
49 57
62 97
71
60 10
59 65
217
40 22
56 88
61
42 42
93 78
200
77 70
88 90
128
65 68
60 79
140
67 82
79 91
230
41 13
80 92
200
3 11
99 92
59
93 6
84 53
87
54 5
95 64
145
15 45
74 60
227
56 3
96 97
237
59 29
71 78
190
32 31
73 95
234
79 56
61 77
166
16 66
83 72
114
78 17
80 79
154
85 9
56 61
181
35 0
79 93
58
60 35
80 90
235
86 24
54 65
147
20 33
55 63
103
25 77
59 83
157
18 88
51 92
126
1 75
70 61
180
5 19
61 92
237
88 28
93 73
192
78 22
88 62
83
17 68
51 60
128
91 17
61 98
242
89 24
87 94
209
58 76
69 65
172
47 4
80 60
242
52 4
66 70
142
86 55
66 62
140
83 40
89 81
147
65 74
70 86
103
96 45
62 63
65
67 85
97 64
147
51 58
80 51
68
36 94
56 56
152
48 46
80 87
187
54 34
70 53
76
18 8
71 72
230
9 90
56 97
206
15 96
98 58
245
44 78
84 83
202
33 37
75 50
163
61 38
93 69
84
1 45
69 54
74
9 84
84 83
116
32 42
50 83
80
28 80
64 76
64
1 78
79 97
78
69 12
81 92
212
28 76
80 65
98
16 91
77 59
202
19 27
60 85
219
93 15
92 99
207
72 63
63 60
201
75 39
81 70
209
9 34
51 87
191
93 87
97 59
120
24 62
99 91
187
66 10
61 80
110
74 39
99 83
239
40 84
57 65
171
91 24
63 82
243
51 75
85 88
50
99 60
51 76
248
63 65
95 64
224
86 25
58 50
86
94 90
55 76
101
31 50
84 95
96
60 40
78 97
147
38 49
78 98
189
43 98
62 52
241
39 28
78 77
199
18 65
92 96
175
44 47
94 56
230
86 3
52 92
214
54 89
89 54
82
87 45
99 75
152
27 66
96 93
58
61 43
89 76
205
38 52
60 99
135
15 80
72 71
70
14 88
92 74
105
88 6
83 95
189
0 97
90 69
246
85 27
53 59
226
57 65
64 67
120
96 52
73 85
171
11 57
81 87
56
37 42
87 96
173
86 85
54 73
179
31 71
80 64
87
97 43
60 96
212
62 68
56 60
87
63 83
72 99
145
65 55
51 84
204
38 7
82 93
93
5 22
88 76
136
31 15
62 83
143
30 97
60 55
186
95 93
94 50
168
49 47
81 83
52
91 89
84 90
123
8 35
64 79
247
29 17
52 80
193
50 74
81 76
112
26 62
64 57
170
13 75
60 71
95
52 75
66 86
136
3 9
90 95
67
57 44
76 99
160
2 42
68 62
186
83 74
83 62
199
11 35
56 63
171
32 8
96 75
50
57 12
59 55
148
55 25
74 57
181
66 17
81 86
85
7 22
86 70
241
71 19
82 52
230
42 75
51 62
188
65 64
71 98
226
96 46
55 81
170
23 14
52 89
54
74 74
96 64
113
15 55
59 84
148
84 14
78 90
187
94 31
79 52
216
77 30
61 62
232
28 83
72 57
130
48 14
78 57
194
85 70
56 61
144
71 9
52 80
51
85 68
72 96
114
53 62
74 93
116
59 27
85 96
83
51 79
86 83
79
8 29
91 64
114
2 60
92 87
154
62 89
87 89
235
99 5
98 90
225
26 8
55 87
113
34 20
56 64
122
35 95
61 82
126
21 48
88 79
113
77 35
77 76
116
82 63
55 65
83
13 92
79 61
70
52 74
88 56
108
83 30
62 93
94
63 22
51 67
101
88 32
60 80
215
73 46
63 98
128
55 33
94 94
85
18 64
73 87
108
53 45
90 93
118
12 89
56 81
215
38 34
64 54
199
12 71
71 74
125
4 5
99 80
198
65 17
54 66
238
1 76
69 92
94
58 62
93 56
66
79 74
80 57
243
51 8
82 57
173
39 32
64 77
190
32 28
94 56
138
23 46
90 92
242
2 86
94 53
97
68 71
78 76
98
86 71
78 52
71
12 75
54 62
77
82 53
61 61
79
57 99
91 52
148
27 96
51 52
72
23 0
78 92
203
2 43
95 92
80
22 65
77 95
178
30 22
83 63
191
84 92
96 51
76
44 1
53 55
98
5 79
72 73
186
17 76
68 88
162
33 68
63 86
161
37 66
79 93
172
73 87
88 57
119
39 85
90 66
194
70 14
87 50
194
13 86
74 61
84
44 25
61 69
110
29 30
76 99
209
63 72
81 82
151
16 54
70 92
208
86 36
88 78
173
24 72
85 88
50
10 74
94 97
123
76 9
60 53
102
34 14
96 67
115
52 68
62 83
122
49 92
72 60
137
97 33
74 64
132
48 16
65 93
192
26 18
71 71
187
35 23
91 71
84
11 37
70 86
74
14 11
71 75
137
7 64
78 84
231
97 18
63 81
64
82 76
97 91
53
22 78
99 91
