6.6743e-11 840 1000
218
-8.000000 4.000000
62.000000 83.000000
187
70.000000 -4.000000
56.000000 62.000000
150
-44.000000 -24.000000
-67.000000 -38.000000
189
45.000000 50.000000
81.000000 87.000000
199
85.000000 71.000000
81.000000 58.000000
97
-11.000000 -59.000000
55.000000 87.000000
70
18.000000 -94.000000
81.000000 75.000000
141
31.000000 -47.000000
83.000000 -50.000000
94
-48.000000 -68.000000
-78.000000 -48.000000
100
-56.000000 -87.000000
-77.000000 65.000000
207
-55.000000 -32.000000
-55.000000 82.000000
186
97.000000 40.000000
-87.000000 84.000000
145
-60.000000 98.000000
59.000000 -33.000000
199
-2.000000 91.000000
-58.000000 -10.000000
222
-53.000000 93.000000
-78.000000 -37.000000
104
3.000000 71.000000
76.000000 -13.000000
104
-33.000000 -60.000000
63.000000 -9.000000
183
-48.000000 51.000000
-78.000000 -5.000000
132
-33.000000 -47.000000
57.000000 78.000000
111
-1.000000 -92.000000
82.000000 85.000000
93
37.000000 -25.000000
-56.000000 60.000000
137
-68.000000 -77.000000
95.000000 63.000000
56
55.000000 -19.000000
-83.000000 66.000000
163
-9.000000 -35.000000
70.000000 72.000000
129
16.000000 12.000000
-70.000000 66.000000
193
-9.000000 96.000000
-60.000000 -9.000000
99
-64.000000 40.000000
-66.000000 -8.000000
233
-65.000000 -34.000000
82.000000 -42.000000
169
-97.000000 64.000000
70.000000 -21.000000
215
38.000000 53.000000
-70.000000 -14.000000
241
16.000000 -33.000000
-83.000000 -5.000000
69
81.000000 -87.000000
57.000000 59.000000
241
77.000000 31.000000
86.000000 -4.000000
111
54.000000 -35.000000
-92.000000 -46.000000
60
-21.000000 4.000000
57.000000 97.000000
129
99.000000 -21.000000
91.000000 98.000000
88
-90.000000 -66.000000
-85.000000 -30.000000
168
43.000000 -50.000000
-84.000000 -3.000000
201
59.000000 4.000000
-85.000000 55.000000
175
-71.000000 27.000000
-56.000000 78.000000
79
-28.000000 69.000000
84.000000 -6.000000
169
-44.000000 88.000000
-50.000000 97.000000
183
-4.000000 76.000000
-75.000000 96.000000
144
3.000000 -33.000000
90.000000 -7.000000
243
-1.000000 -12.000000
77.000000 57.000000
245
78.000000 57.000000
96.000000 76.000000
144
10.000000 -62.000000
-61.000000 -10.000000
124
-59.000000 -60.000000
58.000000 59.000000
87
-87.000000 -6.000000
81.000000 -22.000000
65
45.000000 80.000000
84.000000 80.000000
95
0.000000 -18.000000
55.000000 -39.000000
209
3.000000 -85.000000
-63.000000 -15.000000
105
78.000000 0.000000
-63.000000 50.000000
79
-19.000000 -18.000000
67.000000 -19.000000
184
-53.000000 -16.000000
-79.000000 69.000000
67
-6.000000 -54.000000
-91.000000 -41.000000
177
-54.000000 -90.000000
90.000000 63.000000
201
77.000000 -11.000000
-51.000000 -39.000000
232
27.000000 85.000000
-63.000000 74.000000
196
-25.000000 -40.000000
74.000000 69.000000
131
-11.000000 44.000000
75.000000 96.000000
72
11.000000 -88.000000
99.000000 -18.000000
55
44.000000 -36.000000
-57.000000 -7.000000
194
-36.000000 -78.000000
73.000000 -17.000000
67
-61.000000 -31.000000
-66.000000 95.000000
142
30.000000 -47.000000
-99.000000 53.000000
227
-92.000000 24.000000
57.000000 -26.000000
216
-99.000000 -28.000000
58.000000 92.000000
52
69.000000 66.000000
91.000000 62.000000
241
78.000000 -27.000000
-97.000000 -8.000000
51
-37.000000 30.000000
98.000000 53.000000
241
39.000000 -4.000000
80.000000 -23.000000
65
84.000000 -18.000000
90.000000 -42.000000
245
-58.000000 -17.000000
-58.000000 -6.000000
134
86.000000 -57.000000
89.000000 -5.000000
125
65.000000 42.000000
96.000000 54.000000
156
-20.000000 -47.000000
-53.000000 74.000000
180
73.000000 36.000000
-57.000000 61.000000
213
-69.000000 54.000000
96.000000 -4.000000
210
26.000000 94.000000
-75.000000 -48.000000
60
-5.000000 61.000000
-68.000000 -11.000000
172
-35.000000 84.000000
69.000000 -25.000000
236
94.000000 -24.000000
63.000000 -47.000000
53
52.000000 -48.000000
-64.000000 94.000000
243
5.000000 -73.000000
83.000000 -9.000000
102
-11.000000 -23.000000
55.000000 86.000000
173
-31.000000 -56.000000
65.000000 84.000000
60
-99.000000 70.000000
72.000000 84.000000
99
90.000000 -0.000000
-65.000000 -12.000000
187
-60.000000 -35.000000
-92.000000 -37.000000
81
-76.000000 7.000000
69.000000 62.000000
120
-52.000000 77.000000
-69.000000 52.000000
108
60.000000 20.000000
-70.000000 -38.000000
232
-59.000000 -67.000000
79.000000 74.000000
164
96.000000 -15.000000
-90.000000 -8.000000
203
-12.000000 60.000000
-81.000000 -39.000000
51
74.000000 -0.000000
-94.000000 -38.000000
118
12.000000 46.000000
59.000000 -38.000000
169
-41.000000 60.000000
78.000000 -49.000000
144
67.000000 -17.000000
-94.000000 57.000000
227
-94.000000 -37.000000
69.000000 -19.000000
153
53.000000 -46.000000
59.000000 -35.000000
96
-70.000000 90.000000
-54.000000 -21.000000
234
26.000000 -67.000000
90.000000 -17.000000
145
41.000000 81.000000
89.000000 56.000000
213
-43.000000 -35.000000
-56.000000 78.000000
235
35.000000 -33.000000
94.000000 88.000000
165
56.000000 -5.000000
-93.000000 58.000000
124
1.000000 89.000000
-98.000000 71.000000
68
-35.000000 -6.000000
78.000000 -4.000000
147
82.000000 11.000000
84.000000 -34.000000
67
-62.000000 0.000000
80.000000 -45.000000
120
-29.000000 70.000000
-74.000000 66.000000
239
-55.000000 81.000000
-63.000000 51.000000
232
-2.000000 74.000000
-58.000000 64.000000
174
-84.000000 -7.000000
-61.000000 96.000000
112
71.000000 -3.000000
50.000000 -7.000000
64
44.000000 -66.000000
52.000000 65.000000
74
-20.000000 71.000000
-81.000000 -23.000000
191
-76.000000 27.000000
62.000000 73.000000
183
9.000000 76.000000
86.000000 88.000000
67
-27.000000 46.000000
93.000000 65.000000
225
84.000000 -38.000000
-58.000000 72.000000
130
-52.000000 48.000000
94.000000 54.000000
60
-48.000000 -96.000000
91.000000 83.000000
58
70.000000 -89.000000
51.000000 92.000000
190
-54.000000 57.000000
91.000000 85.000000
88
-34.000000 -65.000000
-75.000000 -39.000000
205
63.000000 68.000000
-98.000000 -41.000000
207
-83.000000 14.000000
-61.000000 -16.000000
154
-25.000000 -93.000000
67.000000 82.000000
105
32.000000 -91.000000
-59.000000 55.000000
111
-37.000000 76.000000
-68.000000 -2.000000
149
75.000000 38.000000
67.000000 61.000000
228
-88.000000 59.000000
-99.000000 55.000000
133
-69.000000 2.000000
50.000000 -11.000000
201
-57.000000 -66.000000
-92.000000 -17.000000
137
-33.000000 -88.000000
-57.000000 -44.000000
54
-57.000000 -85.000000
90.000000 75.000000
61
87.000000 -43.000000
53.000000 59.000000
117
45.000000 -31.000000
53.000000 57.000000
196
-22.000000 1.000000
65.000000 -31.000000
120
10.000000 35.000000
87.000000 -25.000000
112
-39.000000 -22.000000
84.000000 58.000000
67
-94.000000 76.000000
97.000000 87.000000
149
42.000000 -42.000000
76.000000 94.000000
200
24.000000 30.000000
-83.000000 -44.000000
112
-92.000000 43.000000
-57.000000 62.000000
115
10.000000 37.000000
80.000000 -22.000000
166
-12.000000 -5.000000
-81.000000 53.000000
104
4.000000 -84.000000
-91.000000 76.000000
102
-92.000000 21.000000
97.000000 85.000000
209
5.000000 66.000000
97.000000 59.000000
131
29.000000 -93.000000
54.000000 84.000000
88
78.000000 -44.000000
90.000000 95.000000
62
36.000000 -21.000000
87.000000 99.000000
104
-20.000000 -64.000000
76.000000 78.000000
154
-36.000000 90.000000
-57.000000 78.000000
59
-45.000000 -83.000000
83.000000 92.000000
79
15.000000 26.000000
-52.000000 80.000000
229
9.000000 74.000000
-67.000000 94.000000
124
53.000000 31.000000
-87.000000 -30.000000
119
46.000000 -15.000000
-62.000000 79.000000
192
-69.000000 -12.000000
51.000000 -10.000000
222
-97.000000 -97.000000
77.000000 70.000000
204
-73.000000 -54.000000
-71.000000 70.000000
207
-18.000000 -85.000000
-97.000000 93.000000
126
46.000000 24.000000
96.000000 87.000000
58
73.000000 -32.000000
-61.000000 89.000000
249
-16.000000 88.000000
-66.000000 -26.000000
140
27.000000 52.000000
-74.000000 -23.000000
154
-15.000000 -62.000000
-96.000000 53.000000
142
-9.000000 -74.000000
91.000000 -7.000000
173
-27.000000 90.000000
60.000000 -40.000000
106
82.000000 -30.000000
51.000000 -23.000000
159
2.000000 4.000000
57.000000 -29.000000
202
43.000000 4.000000
-57.000000 -20.000000
62
-50.000000 86.000000
75.000000 -44.000000
193
-93.000000 30.000000
94.000000 96.000000
211
59.000000 -53.000000
-99.000000 -43.000000
132
97.000000 50.000000
67.000000 -17.000000
129
-72.000000 -32.000000
-73.000000 83.000000
62
58.000000 -13.000000
85.000000 -26.000000
70
-60.000000 -37.000000
68.000000 84.000000
189
-67.000000 -42.000000
-93.000000 50.000000
206
-83.000000 59.000000
-83.000000 67.000000
180
-63.000000 -46.000000
-77.000000 68.000000
230
-31.000000 -85.000000
-94.000000 99.000000
148
-30.000000 17.000000
-58.000000 78.000000
54
47.000000 -12.000000
57.000000 85.000000
248
39.000000 -2.000000
65.000000 -31.000000
50
73.000000 64.000000
94.000000 59.000000
172
-75.000000 31.000000
-84.000000 56.000000
50
-4.000000 15.000000
-55.000000 62.000000
207
3.000000 6.000000
-80.000000 -24.000000
107
93.000000 -24.000000
-73.000000 68.000000
196
97.000000 40.000000
98.000000 53.000000
70
-69.000000 -36.000000
98.000000 83.000000
160
-3.000000 46.000000
50.000000 -4.000000
111
-65.000000 -38.000000
-84.000000 -39.000000
210
-30.000000 92.000000
82.000000 90.000000
141
-31.000000 66.000000
-84.000000 -16.000000
201
-45.000000 77.000000
-56.000000 -18.000000
78
-84.000000 11.000000
-53.000000 96.000000
130
-18.000000 11.000000
-86.000000 -36.000000
191
-33.000000 42.000000
91.000000 -43.000000
157
79.000000 8.000000
70.000000 -35.000000
81
-95.000000 60.000000
59.000000 -43.000000
207
3.000000 -16.000000
93.000000 -5.000000
90
-39.000000 -20.000000
58.000000 -9.000000
61
-99.000000 91.000000
70.000000 -37.000000
53
15.000000 -63.000000
73.000000 82.000000
213
-54.000000 -8.000000
90.000000 -43.000000
179
11.000000 -33.000000
-96.000000 -12.000000
126
32.000000 -41.000000
-64.000000 96.000000
82
26.000000 82.000000
52.000000 -49.000000
170
56.000000 39.000000
83.000000 -25.000000
192
-55.000000 97.000000
60.000000 -39.000000
87
4.000000 58.000000
68.000000 -44.000000
100
-54.000000 83.000000
61.000000 98.000000
173
-45.000000 15.000000
64.000000 -49.000000
77
-87.000000 55.000000
99.000000 -4.000000
67
22.000000 48.000000
54.000000 93.000000
176
99.000000 2.000000
73.000000 -23.000000
54
82.000000 39.000000
-53.000000 -44.000000
119
-62.000000 64.000000
-55.000000 99.000000
168
16.000000 34.000000
61.000000 60.000000
57
93.000000 14.000000
-55.000000 51.000000
200
-1.000000 76.000000
-59.000000 -10.000000
100
54.000000 -34.000000
-70.000000 65.000000
222
61.000000 -51.000000
52.000000 -43.000000
178
97.000000 -48.000000
51.000000 -37.000000
115
-88.000000 52.000000
59.000000 -42.000000
134
-66.000000 71.000000
58.000000 -15.000000
68
-48.000000 85.000000
62.000000 -2.000000
200
63.000000 -85.000000
91.000000 -47.000000
95
-7.000000 -10.000000
63.000000 -8.000000
129
75.000000 72.000000
-91.000000 -16.000000
73
-21.000000 26.000000
92.000000 99.000000
173
84.000000 -31.000000
87.000000 -45.000000
100
-90.000000 -28.000000
84.000000 91.000000
126
76.000000 -9.000000
53.000000 55.000000
139
-91.000000 75.000000
-85.000000 59.000000
94
50.000000 92.000000
84.000000 55.000000
163
-47.000000 -75.000000
-79.000000 58.000000
82
-16.000000 69.000000
-54.000000 -28.000000
54
-44.000000 43.000000
-87.000000 52.000000
75
-40.000000 -59.000000
72.000000 -44.000000
149
-42.000000 -49.000000
97.000000 -37.000000
213
-86.000000 94.000000
97.000000 73.000000
248
-43.000000 17.000000
87.000000 -39.000000
231
-93.000000 -28.000000
-74.000000 -42.000000
248
22.000000 65.000000
64.000000 85.000000
128
90.000000 -10.000000
-54.000000 52.000000
204
40.000000 29.000000
56.000000 -36.000000
157
-96.000000 93.000000
-65.000000 -17.000000
122
-60.000000 -69.000000
-90.000000 -13.000000
197
47.000000 -82.000000
-81.000000 -16.000000
146
42.000000 -80.000000
-86.000000 50.000000
145
-8.000000 75.000000
-59.000000 -23.000000
74
73.000000 -54.000000
51.000000 -49.000000
211
10.000000 -34.000000
-74.000000 -47.000000
67
-10.000000 86.000000
-93.000000 55.000000
246
75.000000 80.000000
-80.000000 71.000000
245
39.000000 9.000000
-85.000000 64.000000
68
11.000000 -52.000000
-82.000000 -36.000000
249
-4.000000 -1.000000
74.000000 73.000000
193
-20.000000 20.000000
-57.000000 71.000000
217
-18.000000 71.000000
-51.000000 -17.000000
157
-7.000000 -94.000000
-99.000000 90.000000
123
-3.000000 -22.000000
-90.000000 -15.000000
238
-84.000000 92.000000
-79.000000 83.000000
151
56.000000 23.000000
89.000000 72.000000
238
-30.000000 -89.000000
-66.000000 -7.000000
83
86.000000 -34.000000
-56.000000 93.000000
131
6.000000 75.000000
85.000000 59.000000
107
-75.000000 -33.000000
51.000000 71.000000
190
51.000000 99.000000
-68.000000 86.000000
147
-54.000000 -68.000000
-58.000000 -8.000000
152
-94.000000 40.000000
74.000000 87.000000
149
-85.000000 71.000000
-64.000000 -39.000000
74
-33.000000 -18.000000
74.000000 83.000000
145
-14.000000 67.000000
64.000000 85.000000
209
-69.000000 -92.000000
-78.000000 -18.000000
246
-41.000000 -65.000000
74.000000 81.000000
189
24.000000 27.000000
-88.000000 91.000000
103
-40.000000 -10.000000
88.000000 -29.000000
235
82.000000 22.000000
-60.000000 -39.000000
176
26.000000 -16.000000
84.000000 -44.000000
244
5.000000 52.000000
-50.000000 78.000000
57
73.000000 53.000000
72.000000 -40.000000
229
-84.000000 17.000000
-69.000000 -41.000000
220
-50.000000 -22.000000
-74.000000 -43.000000
151
1.000000 -11.000000
92.000000 -28.000000
201
81.000000 11.000000
76.000000 51.000000
133
2.000000 90.000000
-62.000000 -8.000000
114
-82.000000 85.000000
-90.000000 -1.000000
124
36.000000 -31.000000
-65.000000 -25.000000
176
73.000000 39.000000
78.000000 -12.000000
137
99.000000 85.000000
-84.000000 -50.000000
88
-57.000000 -37.000000
52.000000 -40.000000
198
-65.000000 -75.000000
-76.000000 -1.000000
201
-1.000000 71.000000
-58.000000 89.000000
118
-57.000000 -47.000000
94.000000 67.000000
148
-92.000000 67.000000
-83.000000 -41.000000
52
30.000000 -46.000000
51.000000 61.000000
125
-19.000000 21.000000
98.000000 79.000000
213
96.000000 36.000000
-78.000000 78.000000
90
53.000000 32.000000
-66.000000 75.000000
105
29.000000 50.000000
-97.000000 -50.000000
242
-8.000000 43.000000
-57.000000 -24.000000
51
-46.000000 -87.000000
82.000000 -23.000000
100
77.000000 77.000000
-64.000000 -15.000000
105
49.000000 27.000000
78.000000 -45.000000
167
32.000000 -51.000000
99.000000 63.000000
105
71.000000 -24.000000
53.000000 56.000000
189
4.000000 10.000000
67.000000 84.000000
73
-40.000000 8.000000
58.000000 -14.000000
232
-77.000000 -88.000000
-65.000000 65.000000
162
4.000000 71.000000
-66.000000 -41.000000
147
-3.000000 84.000000
-99.000000 -46.000000
77
-66.000000 -67.000000
-78.000000 -21.000000
223
16.000000 34.000000
-53.000000 -37.000000
74
-3.000000 -66.000000
70.000000 -23.000000
105
-38.000000 59.000000
55.000000 55.000000
59
-82.000000 -12.000000
54.000000 69.000000
187
-14.000000 -69.000000
98.000000 -11.000000
186
23.000000 1.000000
96.000000 -13.000000
116
72.000000 -26.000000
-70.000000 -4.000000
127
95.000000 -45.000000
-99.000000 60.000000
209
-65.000000 -6.000000
68.000000 -44.000000
230
-7.000000 -79.000000
-69.000000 89.000000
236
24.000000 27.000000
-51.000000 -7.000000
126
81.000000 71.000000
97.000000 -17.000000
247
64.000000 88.000000
77.000000 -21.000000
66
44.000000 -18.000000
80.000000 72.000000
135
62.000000 -96.000000
55.000000 -46.000000
76
54.000000 -44.000000
56.000000 73.000000
183
-59.000000 -83.000000
95.000000 91.000000
179
59.000000 37.000000
87.000000 -22.000000
99
36.000000 78.000000
60.000000 -48.000000
245
-41.000000 66.000000
-60.000000 87.000000
208
-58.000000 64.000000
57.000000 76.000000
121
-23.000000 -2.000000
-91.000000 -33.000000
134
28.000000 -13.000000
53.000000 -47.000000
170
-9.000000 67.000000
85.000000 79.000000
174
-24.000000 -78.000000
-72.000000 89.000000
183
9.000000 54.000000
-68.000000 99.000000
148
52.000000 1.000000
-83.000000 -18.000000
248
-24.000000 -81.000000
80.000000 75.000000
151
-94.000000 96.000000
88.000000 -46.000000
230
-42.000000 -85.000000
89.000000 66.000000
92
2.000000 56.000000
-81.000000 -47.000000
76
52.000000 -43.000000
89.000000 89.000000
109
5.000000 -22.000000
-96.000000 96.000000
135
-25.000000 57.000000
-51.000000 -21.000000
53
66.000000 2.000000
84.000000 -39.000000
98
18.000000 -39.000000
-55.000000 -31.000000
175
-58.000000 74.000000
88.000000 -23.000000
162
-47.000000 38.000000
-59.000000 84.000000
77
33.000000 -18.000000
86.000000 90.000000
151
-75.000000 68.000000
-54.000000 -30.000000
74
-2.000000 -35.000000
98.000000 59.000000
219
36.000000 -64.000000
-79.000000 -19.000000
176
-66.000000 12.000000
-88.000000 56.000000
234
-69.000000 -85.000000
-66.000000 -8.000000
204
-59.000000 50.000000
57.000000 56.000000
154
-3.000000 43.000000
-89.000000 -6.000000
249
1.000000 54.000000
-62.000000 85.000000
101
-94.000000 -55.000000
-68.000000 65.000000
245
-97.000000 91.000000
52.000000 -11.000000
123
-83.000000 46.000000
50.000000 -42.000000
118
65.000000 9.000000
-58.000000 67.000000
148
85.000000 -95.000000
-89.000000 -8.000000
71
83.000000 69.000000
-77.000000 -10.000000
195
-96.000000 10.000000
-96.000000 51.000000
78
-7.000000 -27.000000
62.000000 68.000000
151
42.000000 93.000000
-50.000000 69.000000
178
-68.000000 -39.000000
83.000000 53.000000
211
-76.000000 -43.000000
-80.000000 -42.000000
120
80.000000 -89.000000
-86.000000 92.000000
103
-67.000000 -23.000000
-73.000000 52.000000
165
48.000000 85.000000
-76.000000 -34.000000
187
74.000000 76.000000
-78.000000 -39.000000
167
76.000000 -13.000000
85.000000 -36.000000
192
-31.000000 -47.000000
-63.000000 81.000000
174
-13.000000 92.000000
57.000000 -16.000000
96
-1.000000 80.000000
76.000000 -23.000000
157
-29.000000 -67.000000
93.000000 -23.000000
156
-87.000000 -51.000000
90.000000 -3.000000
229
13.000000 -26.000000
76.000000 69.000000
205
99.000000 19.000000
-58.000000 -40.000000
208
-50.000000 35.000000
80.000000 -33.000000
54
-36.000000 -76.000000
-73.000000 -37.000000
244
10.000000 -51.000000
-58.000000 -16.000000
217
-90.000000 -39.000000
-99.000000 -42.000000
176
73.000000 -56.000000
-98.000000 61.000000
71
-10.000000 23.000000
-77.000000 95.000000
210
-25.000000 -84.000000
-92.000000 54.000000
208
-11.000000 1.000000
52.000000 -38.000000
208
-31.000000 12.000000
96.000000 -5.000000
172
78.000000 22.000000
58.000000 -22.000000
246
-1.000000 58.000000
82.000000 77.000000
220
47.000000 -29.000000
-71.000000 -27.000000
217
-83.000000 -49.000000
-99.000000 -21.000000
106
-36.000000 -93.000000
-94.000000 82.000000
239
-95.000000 -52.000000
-72.000000 65.000000
132
91.000000 41.000000
-94.000000 79.000000
229
-92.000000 71.000000
65.000000 95.000000
200
3.000000 -29.000000
64.000000 85.000000
105
62.000000 72.000000
97.000000 -24.000000
222
75.000000 97.000000
-71.000000 58.000000
75
-16.000000 -87.000000
-92.000000 -16.000000
136
99.000000 -80.000000
50.000000 -7.000000
211
50.000000 -95.000000
-93.000000 95.000000
144
-34.000000 23.000000
67.000000 -17.000000
75
80.000000 66.000000
-53.000000 -1.000000
245
95.000000 -37.000000
-50.000000 85.000000
241
-15.000000 39.000000
-69.000000 -26.000000
97
71.000000 60.000000
68.000000 60.000000
239
-78.000000 20.000000
-62.000000 -43.000000
54
59.000000 58.000000
67.000000 99.000000
86
-63.000000 80.000000
51.000000 -32.000000
67
83.000000 -91.000000
62.000000 -1.000000
162
22.000000 31.000000
97.000000 90.000000
83
-71.000000 -9.000000
-60.000000 -12.000000
150
8.000000 67.000000
-70.000000 -39.000000
188
56.000000 -73.000000
-60.000000 91.000000
129
-19.000000 44.000000
-50.000000 -12.000000
217
36.000000 30.000000
90.000000 -37.000000
218
16.000000 78.000000
-73.000000 -5.000000
168
47.000000 -61.000000
62.000000 91.000000
116
53.000000 -41.000000
-94.000000 -45.000000
215
17.000000 -1.000000
90.000000 -45.000000
236
22.000000 -67.000000
-85.000000 -38.000000
211
-81.000000 -13.000000
83.000000 60.000000
211
-98.000000 34.000000
68.000000 68.000000
233
9.000000 9.000000
-70.000000 51.000000
123
30.000000 -39.000000
86.000000 -14.000000
59
79.000000 -92.000000
-52.000000 -13.000000
115
59.000000 -78.000000
-73.000000 -31.000000
145
-84.000000 -84.000000
-87.000000 -20.000000
98
-16.000000 -86.000000
-76.000000 -39.000000
106
-47.000000 23.000000
98.000000 -50.000000
78
-45.000000 44.000000
-75.000000 74.000000
116
-1.000000 35.000000
-99.000000 58.000000
134
51.000000 -20.000000
-76.000000 -44.000000
124
-90.000000 83.000000
-58.000000 92.000000
156
39.000000 44.000000
62.000000 -5.000000
219
26.000000 -34.000000
72.000000 -1.000000
66
-63.000000 45.000000
62.000000 -11.000000
53
-86.000000 44.000000
90.000000 -46.000000
192
-23.000000 2.000000
-50.000000 65.000000
104
-34.000000 -59.000000
91.000000 57.000000
179
31.000000 2.000000
96.000000 -11.000000
245
63.000000 93.000000
61.000000 86.000000
161
-48.000000 65.000000
-55.000000 71.000000
167
97.000000 47.000000
59.000000 94.000000
133
-77.000000 -52.000000
63.000000 -6.000000
50
62.000000 -59.000000
70.000000 59.000000
95
-96.000000 30.000000
97.000000 85.000000
185
89.000000 -41.000000
-53.000000 80.000000
187
69.000000 14.000000
-76.000000 -47.000000
76
58.000000 50.000000
96.000000 76.000000
132
48.000000 -35.000000
61.000000 -34.000000
153
-85.000000 -52.000000
60.000000 -39.000000
235
-62.000000 27.000000
-62.000000 55.000000
87
15.000000 -8.000000
90.000000 88.000000
208
-2.000000 16.000000
-58.000000 -24.000000
160
-36.000000 -90.000000
89.000000 -43.000000
98
-5.000000 0.000000
-56.000000 85.000000
97
9.000000 46.000000
-58.000000 -12.000000
59
-28.000000 57.000000
-56.000000 62.000000
117
-29.000000 47.000000
-52.000000 82.000000
193
-24.000000 -62.000000
-71.000000 77.000000
186
0.000000 -54.000000
96.000000 98.000000
184
-23.000000 54.000000
53.000000 -29.000000
138
63.000000 11.000000
80.000000 -14.000000
170
-6.000000 -27.000000
-65.000000 -27.000000
248
-66.000000 87.000000
96.000000 94.000000
215
35.000000 -2.000000
55.000000 -16.000000
195
-95.000000 0.000000
-79.000000 99.000000
190
31.000000 28.000000
-96.000000 -30.000000
216
-34.000000 38.000000
90.000000 -8.000000
93
-83.000000 -99.000000
-92.000000 -8.000000
57
-24.000000 9.000000
-82.000000 76.000000
226
18.000000 -4.000000
-54.000000 94.000000
50
86.000000 13.000000
91.000000 -11.000000
71
-38.000000 -48.000000
-79.000000 92.000000
213
70.000000 -36.000000
-82.000000 -21.000000
117
17.000000 -90.000000
78.000000 -32.000000
198
-37.000000 -6.000000
-66.000000 68.000000
214
-7.000000 -52.000000
-85.000000 95.000000
112
63.000000 11.000000
-97.000000 -16.000000
137
-66.000000 -56.000000
-92.000000 -37.000000
55
83.000000 -64.000000
-87.000000 61.000000
87
-46.000000 69.000000
97.000000 77.000000
127
-54.000000 -68.000000
-73.000000 -36.000000
225
18.000000 -61.000000
-51.000000 -23.000000
90
69.000000 41.000000
-77.000000 65.000000
215
77.000000 19.000000
-50.000000 -30.000000
151
-22.000000 -14.000000
57.000000 -36.000000
214
23.000000 34.000000
96.000000 -23.000000
234
-87.000000 -84.000000
-79.000000 -44.000000
109
-37.000000 -16.000000
91.000000 69.000000
206
90.000000 -28.000000
65.000000 55.000000
106
16.000000 84.000000
-60.000000 -36.000000
111
-66.000000 49.000000
-98.000000 64.000000
93
6.000000 90.000000
88.000000 -46.000000
81
-13.000000 -15.000000
89.000000 -1.000000
59
-76.000000 44.000000
72.000000 -17.000000
143
-29.000000 46.000000
97.000000 -16.000000
212
60.000000 -23.000000
-69.000000 90.000000
77
-49.000000 14.000000
-99.000000 -2.000000
69
63.000000 -78.000000
-51.000000 73.000000
244
29.000000 56.000000
-81.000000 87.000000
196
11.000000 57.000000
-88.000000 -22.000000
213
68.000000 -73.000000
-58.000000 81.000000
71
38.000000 18.000000
-93.000000 -37.000000
192
-88.000000 49.000000
58.000000 75.000000
133
36.000000 73.000000
59.000000 -27.000000
123
28.000000 7.000000
71.000000 -6.000000
200
85.000000 26.000000
-58.000000 55.000000
177
91.000000 -13.000000
-84.000000 -13.000000
219
-37.000000 26.000000
79.000000 -5.000000
209
69.000000 -16.000000
-54.000000 -27.000000
181
-84.000000 8.000000
-79.000000 -33.000000
182
-10.000000 -72.000000
78.000000 77.000000
92
20.000000 43.000000
-76.000000 -26.000000
242
87.000000 -1.000000
68.000000 -43.000000
110
25.000000 -64.000000
-58.000000 -4.000000
104
-33.000000 7.000000
71.000000 -39.000000
219
62.000000 90.000000
71.000000 -3.000000
170
-65.000000 13.000000
-51.000000 66.000000
234
22.000000 -30.000000
-69.000000 82.000000
103
23.000000 64.000000
98.000000 -4.000000
67
1.000000 12.000000
97.000000 -35.000000
220
87.000000 -86.000000
94.000000 71.000000
247
80.000000 -86.000000
63.000000 -4.000000
133
64.000000 33.000000
-55.000000 90.000000
83
73.000000 8.000000
-67.000000 -42.000000
140
-0.000000 -32.000000
61.000000 64.000000
78
58.000000 -98.000000
98.000000 54.000000
181
-6.000000 -16.000000
74.000000 72.000000
239
22.000000 91.000000
-84.000000 -44.000000
213
67.000000 66.000000
-54.000000 -1.000000
193
2.000000 -93.000000
82.000000 -49.000000
91
-46.000000 12.000000
75.000000 70.000000
228
17.000000 75.000000
-58.000000 -43.000000
118
53.000000 97.000000
-96.000000 51.000000
189
-91.000000 -14.000000
-53.000000 73.000000
190
-96.000000 25.000000
72.000000 79.000000
145
99.000000 42.000000
-66.000000 -25.000000
58
37.000000 4.000000
-85.000000 80.000000
173
-52.000000 -5.000000
93.000000 -34.000000
86
-6.000000 80.000000
-74.000000 90.000000
209
-77.000000 -81.000000
-78.000000 -27.000000
73
60.000000 -78.000000
54.000000 -40.000000
170
44.000000 -11.000000
-56.000000 81.000000
85
88.000000 -41.000000
79.000000 -33.000000
180
-0.000000 -22.000000
-60.000000 -31.000000
165
-23.000000 13.000000
-81.000000 -9.000000
108
-67.000000 26.000000
-99.000000 -9.000000
122
82.000000 -58.000000
-90.000000 -5.000000
93
-16.000000 -45.000000
86.000000 68.000000
138
31.000000 -13.000000
91.000000 -39.000000
174
68.000000 -94.000000
51.000000 -19.000000
86
-81.000000 76.000000
-88.000000 62.000000
155
59.000000 -84.000000
-56.000000 77.000000
210
34.000000 37.000000
-82.000000 87.000000
141
-65.000000 23.000000
95.000000 85.000000
142
69.000000 81.000000
-99.000000 83.000000
159
60.000000 -96.000000
-90.000000 -45.000000
142
47.000000 -0.000000
-59.000000 74.000000
243
-1.000000 41.000000
54.000000 66.000000
185
44.000000 37.000000
61.000000 52.000000
167
86.000000 14.000000
-55.000000 -47.000000
113
52.000000 13.000000
-60.000000 -2.000000
201
-57.000000 10.000000
-89.000000 -23.000000
163
25.000000 51.000000
54.000000 54.000000
81
78.000000 43.000000
61.000000 81.000000
234
-20.000000 46.000000
-56.000000 60.000000
139
-66.000000 20.000000
61.000000 -50.000000
159
22.000000 -39.000000
-50.000000 70.000000
121
-61.000000 86.000000
-93.000000 -12.000000
221
28.000000 -53.000000
-58.000000 -33.000000
175
-95.000000 15.000000
-51.000000 57.000000
143
72.000000 -91.000000
76.000000 67.000000
152
-91.000000 -87.000000
87.000000 86.000000
208
-63.000000 -14.000000
-87.000000 -44.000000
188
19.000000 59.000000
76.000000 79.000000
169
10.000000 38.000000
83.000000 -41.000000
184
14.000000 74.000000
95.000000 -26.000000
114
1.000000 -26.000000
-87.000000 66.000000
119
63.000000 -87.000000
68.000000 -14.000000
245
15.000000 16.000000
64.000000 -12.000000
52
20.000000 -72.000000
-89.000000 -5.000000
191
-62.000000 79.000000
-64.000000 89.000000
146
-76.000000 50.000000
64.000000 84.000000
132
4.000000 92.000000
64.000000 -26.000000
118
83.000000 91.000000
97.000000 -15.000000
124
-22.000000 -7.000000
81.000000 51.000000
176
60.000000 76.000000
63.000000 58.000000
87
-51.000000 36.000000
90.000000 -37.000000
93
27.000000 -26.000000
-74.000000 52.000000
233
83.000000 64.000000
-52.000000 68.000000
210
67.000000 65.000000
-55.000000 -20.000000
153
51.000000 13.000000
85.000000 58.000000
102
-61.000000 -16.000000
83.000000 -1.000000
224
-53.000000 35.000000
-66.000000 -37.000000
179
-69.000000 -6.000000
64.000000 -14.000000
209
69.000000 -62.000000
-77.000000 93.000000
154
48.000000 32.000000
61.000000 65.000000
160
27.000000 -58.000000
59.000000 87.000000
136
-30.000000 62.000000
92.000000 76.000000
103
-48.000000 -97.000000
51.000000 51.000000
141
-56.000000 -47.000000
85.000000 -18.000000
174
74.000000 -87.000000
56.000000 97.000000
66
58.000000 66.000000
68.000000 -39.000000
230
40.000000 -47.000000
96.000000 65.000000
248
-72.000000 -33.000000
-85.000000 -3.000000
154
-74.000000 -75.000000
99.000000 96.000000
150
-14.000000 28.000000
51.000000 85.000000
247
-73.000000 65.000000
-85.000000 -40.000000
182
7.000000 -42.000000
74.000000 82.000000
86
-6.000000 -63.000000
-81.000000 -46.000000
132
58.000000 63.000000
-86.000000 -18.000000
95
-66.000000 -21.000000
62.000000 -23.000000
106
-32.000000 2.000000
95.000000 -35.000000
213
-78.000000 42.000000
85.000000 -23.000000
75
-22.000000 20.000000
82.000000 -49.000000
185
-13.000000 7.000000
-97.000000 -26.000000
183
65.000000 -57.000000
51.000000 -45.000000
59
-51.000000 46.000000
95.000000 -10.000000
134
42.000000 53.000000
-53.000000 97.000000
90
-56.000000 20.000000
69.000000 -29.000000
126
-61.000000 -50.000000
62.000000 -7.000000
119
-27.000000 -93.000000
71.000000 -34.000000
169
84.000000 -87.000000
-84.000000 84.000000
220
-16.000000 5.000000
94.000000 -39.000000
206
-22.000000 -75.000000
74.000000 -22.000000
152
-10.000000 -46.000000
-99.000000 69.000000
208
-97.000000 -97.000000
-83.000000 88.000000
219
41.000000 48.000000
78.000000 93.000000
203
63.000000 -16.000000
82.000000 61.000000
163
10.000000 -56.000000
66.000000 -26.000000
231
-5.000000 -24.000000
86.000000 -24.000000
166
7.000000 -63.000000
-81.000000 79.000000
85
-13.000000 -75.000000
51.000000 90.000000
218
60.000000 95.000000
-83.000000 50.000000
166
-0.000000 56.000000
-80.000000 -3.000000
192
-43.000000 54.000000
54.000000 -25.000000
217
75.000000 98.000000
-79.000000 65.000000
202
-98.000000 -19.000000
87.000000 83.000000
83
-0.000000 3.000000
-91.000000 92.000000
77
-94.000000 -18.000000
62.000000 87.000000
231
-74.000000 -64.000000
-67.000000 -44.000000
187
45.000000 1.000000
-86.000000 85.000000
178
-12.000000 88.000000
-61.000000 -6.000000
91
47.000000 -77.000000
-85.000000 60.000000
238
-83.000000 38.000000
-73.000000 -3.000000
53
-38.000000 -59.000000
99.000000 61.000000
158
91.000000 53.000000
91.000000 67.000000
196
-23.000000 -73.000000
-96.000000 -49.000000
218
3.000000 13.000000
54.000000 63.000000
139
18.000000 68.000000
-69.000000 57.000000
77
53.000000 58.000000
80.000000 69.000000
168
99.000000 51.000000
77.000000 -7.000000
216
-70.000000 4.000000
-63.000000 87.000000
81
-86.000000 -23.000000
-56.000000 97.000000
201
-85.000000 -25.000000
-94.000000 -15.000000
209
-71.000000 99.000000
87.000000 -10.000000
226
-44.000000 -62.000000
82.000000 -23.000000
230
33.000000 14.000000
53.000000 -37.000000
154
13.000000 19.000000
53.000000 -45.000000
240
-28.000000 42.000000
-65.000000 -26.000000
160
42.000000 -50.000000
65.000000 -30.000000
146
57.000000 -34.000000
51.000000 -36.000000
71
-43.000000 -1.000000
-73.000000 -8.000000
79
-3.000000 56.000000
61.000000 80.000000
178
-18.000000 -92.000000
98.000000 64.000000
178
75.000000 13.000000
80.000000 61.000000
218
-33.000000 -35.000000
70.000000 -15.000000
93
-7.000000 28.000000
-79.000000 -40.000000
151
5.000000 -43.000000
-99.000000 -33.000000
224
30.000000 -25.000000
81.000000 -29.000000
95
51.000000 45.000000
-98.000000 -10.000000
130
33.000000 -35.000000
93.000000 -24.000000
204
-57.000000 -7.000000
-64.000000 -21.000000
114
54.000000 25.000000
74.000000 55.000000
104
-58.000000 93.000000
-61.000000 -17.000000
217
70.000000 48.000000
-63.000000 -25.000000
52
79.000000 -6.000000
-76.000000 50.000000
95
-43.000000 -92.000000
57.000000 -8.000000
76
-99.000000 -98.000000
-89.000000 81.000000
93
-54.000000 63.000000
-99.000000 -41.000000
84
9.000000 89.000000
-80.000000 52.000000
202
72.000000 23.000000
51.000000 -42.000000
136
-75.000000 -19.000000
71.000000 80.000000
189
-72.000000 -3.000000
50.000000 88.000000
139
42.000000 8.000000
85.000000 -22.000000
211
-39.000000 -92.000000
56.000000 -47.000000
187
-35.000000 -34.000000
-96.000000 94.000000
224
-49.000000 -32.000000
64.000000 -5.000000
135
15.000000 -17.000000
72.000000 -15.000000
52
72.000000 -79.000000
-52.000000 -41.000000
108
-93.000000 -38.000000
-62.000000 -37.000000
174
-82.000000 -19.000000
72.000000 -28.000000
215
-31.000000 71.000000
97.000000 53.000000
166
-1.000000 9.000000
-62.000000 64.000000
97
84.000000 -91.000000
50.000000 -37.000000
209
-64.000000 80.000000
-78.000000 64.000000
246
-18.000000 -37.000000
-56.000000 98.000000
158
-38.000000 -90.000000
-74.000000 -29.000000
146
-64.000000 -63.000000
89.000000 -27.000000
171
-10.000000 -81.000000
-95.000000 -12.000000
195
12.000000 -39.000000
88.000000 91.000000
65
6.000000 71.000000
-84.000000 -32.000000
75
95.000000 41.000000
-75.000000 65.000000
184
79.000000 74.000000
86.000000 80.000000
121
-2.000000 80.000000
-53.000000 93.000000
128
21.000000 5.000000
75.000000 -11.000000
125
20.000000 -72.000000
-88.000000 55.000000
194
24.000000 20.000000
96.000000 96.000000
190
-53.000000 -4.000000
56.000000 -46.000000
141
-45.000000 16.000000
63.000000 86.000000
131
11.000000 75.000000
-96.000000 -45.000000
225
-69.000000 -95.000000
88.000000 -49.000000
123
-60.000000 -40.000000
80.000000 59.000000
158
-54.000000 -56.000000
52.000000 -8.000000
198
-97.000000 -29.000000
-76.000000 56.000000
145
-82.000000 -47.000000
83.000000 -25.000000
134
-38.000000 5.000000
71.000000 -4.000000
97
12.000000 14.000000
-59.000000 -30.000000
183
-76.000000 -3.000000
83.000000 -47.000000
237
97.000000 -58.000000
-82.000000 66.000000
136
74.000000 87.000000
-50.000000 -29.000000
87
16.000000 -75.000000
-88.000000 -50.000000
176
-4.000000 0.000000
88.000000 -6.000000
81
-64.000000 76.000000
87.000000 -39.000000
142
-77.000000 52.000000
55.000000 78.000000
125
-26.000000 -79.000000
62.000000 -21.000000
59
-2.000000 77.000000
75.000000 85.000000
140
40.000000 -46.000000
-70.000000 92.000000
170
-61.000000 -94.000000
-98.000000 70.000000
217
87.000000 -63.000000
76.000000 -31.000000
230
-80.000000 -53.000000
85.000000 52.000000
210
95.000000 27.000000
59.000000 59.000000
106
86.000000 99.000000
57.000000 -9.000000
248
-76.000000 52.000000
65.000000 97.000000
136
-30.000000 -83.000000
-91.000000 -45.000000
56
86.000000 79.000000
-76.000000 -35.000000
60
78.000000 55.000000
-82.000000 -6.000000
122
15.000000 -66.000000
83.000000 80.000000
199
6.000000 -30.000000
76.000000 50.000000
87
72.000000 93.000000
82.000000 70.000000
211
42.000000 7.000000
-97.000000 -25.000000
118
-98.000000 91.000000
99.000000 -4.000000
69
-8.000000 -72.000000
86.000000 56.000000
246
-72.000000 -2.000000
56.000000 -48.000000
58
-89.000000 -95.000000
63.000000 75.000000
150
87.000000 -32.000000
-64.000000 91.000000
56
-17.000000 -38.000000
-57.000000 93.000000
164
51.000000 -90.000000
90.000000 62.000000
59
77.000000 -94.000000
83.000000 -22.000000
190
45.000000 85.000000
-59.000000 86.000000
132
-91.000000 -23.000000
90.000000 73.000000
222
2.000000 75.000000
64.000000 62.000000
76
-58.000000 63.000000
-53.000000 79.000000
194
-18.000000 41.000000
-66.000000 -43.000000
124
-0.000000 -76.000000
-53.000000 64.000000
180
-41.000000 -1.000000
-87.000000 -22.000000
116
40.000000 95.000000
-58.000000 78.000000
82
-31.000000 61.000000
-90.000000 96.000000
187
-88.000000 -58.000000
80.000000 -46.000000
83
-16.000000 -67.000000
-73.000000 -33.000000
185
88.000000 -48.000000
-61.000000 80.000000
207
54.000000 -33.000000
-58.000000 -32.000000
212
96.000000 -63.000000
-63.000000 -40.000000
236
-97.000000 -70.000000
-95.000000 69.000000
98
-18.000000 58.000000
71.000000 -5.000000
197
-56.000000 81.000000
91.000000 -8.000000
159
-53.000000 -10.000000
96.000000 73.000000
193
-44.000000 13.000000
-81.000000 86.000000
103
73.000000 59.000000
65.000000 57.000000
144
32.000000 -14.000000
-79.000000 56.000000
211
44.000000 -3.000000
92.000000 66.000000
212
-67.000000 -50.000000
-79.000000 -30.000000
103
-7.000000 81.000000
61.000000 -42.000000
59
-66.000000 -99.000000
57.000000 -34.000000
184
-64.000000 81.000000
60.000000 -40.000000
148
77.000000 -55.000000
-68.000000 -20.000000
229
64.000000 21.000000
-98.000000 -32.000000
196
-12.000000 17.000000
67.000000 -29.000000
233
-1.000000 45.000000
70.000000 85.000000
130
39.000000 91.000000
-86.000000 85.000000
178
11.000000 -64.000000
74.000000 -16.000000
122
-40.000000 -47.000000
-86.000000 50.000000
53
-49.000000 -37.000000
-57.000000 -44.000000
100
-19.000000 -67.000000
-58.000000 81.000000
173
-61.000000 9.000000
73.000000 67.000000
219
14.000000 -43.000000
-98.000000 76.000000
90
71.000000 63.000000
85.000000 -27.000000
120
-14.000000 22.000000
58.000000 91.000000
151
-54.000000 -28.000000
-64.000000 -6.000000
171
68.000000 -48.000000
60.000000 -44.000000
198
-19.000000 49.000000
-87.000000 -18.000000
243
-19.000000 -73.000000
-81.000000 -33.000000
167
-10.000000 -76.000000
-67.000000 -19.000000
162
-34.000000 -42.000000
60.000000 82.000000
226
55.000000 -13.000000
78.000000 67.000000
164
33.000000 -1.000000
81.000000 53.000000
249
70.000000 -84.000000
-81.000000 62.000000
136
94.000000 -25.000000
-59.000000 78.000000
109
53.000000 -6.000000
55.000000 68.000000
133
35.000000 -73.000000
92.000000 54.000000
118
-71.000000 -96.000000
-79.000000 61.000000
117
56.000000 69.000000
83.000000 -18.000000
93
81.000000 -13.000000
83.000000 -14.000000
207
61.000000 -40.000000
82.000000 -1.000000
60
-25.000000 20.000000
95.000000 -13.000000
86
-94.000000 -70.000000
-97.000000 67.000000
144
-55.000000 -48.000000
-68.000000 91.000000
59
-96.000000 -15.000000
-52.000000 54.000000
103
71.000000 -56.000000
-88.000000 -39.000000
190
-57.000000 48.000000
-50.000000 72.000000
249
-49.000000 -8.000000
67.000000 69.000000
86
-82.000000 -81.000000
-58.000000 -41.000000
84
-11.000000 -33.000000
-83.000000 -8.000000
209
-92.000000 -41.000000
92.000000 97.000000
213
-11.000000 76.000000
97.000000 67.000000
71
24.000000 -70.000000
68.000000 50.000000
214
-53.000000 -55.000000
-57.000000 56.000000
241
59.000000 -51.000000
-78.000000 -30.000000
215
71.000000 40.000000
88.000000 54.000000
241
19.000000 60.000000
-79.000000 86.000000
188
88.000000 21.000000
72.000000 -36.000000
153
40.000000 17.000000
-54.000000 51.000000
80
-93.000000 -94.000000
54.000000 -32.000000
111
-14.000000 38.000000
67.000000 -5.000000
