6.6743e-11 1600 1000
128
71 81
67 79
90
63 16
98 87
117
37 58
95 87
115
85 18
55 63
165
43 45
58 76
244
45 86
96 87
135
29 15
96 58
96
15 48
85 62
63
96 29
66 52
241
36 19
84 78
193
82 43
71 88
140
8 32
71 87
106
88 72
80 88
237
29 36
98 54
164
79 19
72 60
195
41 54
82 83
228
78 77
65 60
149
0 2
89 59
223
61 68
56 64
91
94 1
55 70
243
26 37
99 72
198
53 70
53 92
186
80 20
82 64
198
34 65
77 98
173
45 21
85 84
153
88 25
98 97
145
85 42
65 72
86
37 22
66 90
190
88 78
94 73
70
9 73
71 54
136
94 77
63 83
132
91 86
86 72
189
78 18
92 76
195
14 12
54 82
81
32 75
50 71
126
73 92
98 88
96
28 76
60 90
91
98 74
97 82
136
15 23
99 65
157
64 62
95 73
168
72 56
78 53
222
72 79
69 95
120
46 91
83 50
208
58 92
76 58
105
52 47
64 72
201
26 29
54 67
73
11 86
89 95
189
20 67
64 61
92
7 33
84 88
241
28 98
58 99
206
5 56
78 58
219
59 12
79 98
63
17 71
67 74
108
86 15
78 79
153
64 21
61 60
50
11 1
52 78
219
58 36
95 77
238
57 96
96 99
138
68 65
89 56
237
57 64
95 73
85
68 76
89 51
79
40 51
81 92
245
68 62
89 53
215
37 94
93 74
184
58 62
70 54
150
37 41
66 59
234
95 96
98 53
184
99 34
77 76
233
41 21
77 51
180
21 68
92 69
216
56 5
59 77
179
52 29
88 66
69
34 50
55 66
132
90 52
78 84
119
0 17
70 60
129
88 92
61 50
232
17 18
97 88
78
76 67
85 81
216
88 52
70 53
193
22 35
71 85
50
90 54
66 52
212
8 31
83 50
222
54 84
73 91
51
42 69
52 80
178
6 96
99 66
226
37 11
97 50
160
3 3
55 53
122
39 15
68 80
172
2 52
95 78
227
15 30
62 70
119
60 48
66 78
112
79 56
57 51
78
10 61
64 84
167
82 56
88 56
50
41 31
59 52
136
41 80
52 53
103
52 75
53 66
218
59 28
79 97
68
92 28
62 80
157
68 98
56 89
106
37 41
93 99
99
75 88
93 90
77
68 96
62 81
73
90 99
99 85
119
27 53
84 61
89
84 20
61 59
240
54 15
65 78
100
53 77
69 75
96
15 5
86 67
127
88 90
75 69
189
31 40
54 68
115
26 9
68 51
138
35 91
69 92
150
48 44
70 55
218
27 4
73 85
165
13 65
84 55
141
77 46
64 74
181
25 91
92 57
143
83 97
92 81
205
36 33
91 53
208
95 23
59 87
220
24 53
60 85
110
7 26
52 87
221
43 20
80 97
85
27 42
75 69
221
9 74
79 60
150
53 18
56 97
162
61 17
54 88
71
83 0
90 78
185
62 52
51 79
242
95 14
83 72
221
59 43
55 80
139
74 32
79 92
232
48 6
96 95
202
98 16
97 85
238
49 71
50 51
100
64 43
67 95
200
63 68
50 59
68
32 50
92 92
213
50 26
71 61
98
90 16
51 97
137
74 87
88 86
126
34 38
85 93
51
4 43
54 64
54
55 35
77 89
249
6 52
64 52
177
80 50
99 69
133
37 56
92 58
125
82 34
77 61
68
22 15
79 72
77
14 78
67 84
144
20 85
87 52
86
90 31
51 68
89
57 51
59 76
52
96 4
65 84
225
80 2
76 98
62
7 77
61 78
176
48 24
78 98
86
60 34
52 76
111
54 17
94 70
165
50 24
59 63
117
63 39
89 50
142
66 64
94 51
179
19 77
76 77
149
10 65
93 59
115
61 72
95 69
57
19 86
50 57
130
41 76
76 94
80
40 88
89 98
185
16 77
56 56
242
24 5
67 55
217
41 20
91 78
186
29 87
96 56
181
73 36
82 72
199
72 54
52 90
61
31 77
85 80
240
92 24
79 64
59
51 81
62 51
144
49 39
97 74
196
36 55
80 69
218
34 20
62 91
139
39 4
84 70
176
9 10
74 69
90
58 80
81 92
70
23 86
62 71
220
70 67
88 56
100
11 27
70 84
223
24 73
96 65
111
56 91
62 70
83
43 62
54 91
76
93 63
84 99
157
4 20
78 77
244
5 27
64 55
175
89 31
96 50
85
39 11
83 94
52
95 29
72 97
52
35 23
73 97
221
45 54
82 77
125
11 74
79 81
77
62 6
58 67
60
71 4
98 50
106
77 4
51 52
51
24 6
53 86
99
59 60
87 96
193
13 22
55 57
95
61 34
51 57
172
56 18
70 95
106
24 2
56 86
175
12 87
76 51
167
36 3
51 78
125
23 72
81 89
128
65 34
93 92
167
11 66
61 75
81
13 33
69 57
69
7 84
88 83
85
41 52
81 73
92
5 50
89 68
86
25 48
92 51
221
58 70
97 82
220
81 66
73 85
50
58 7
90 59
246
43 94
67 89
226
68 83
53 81
109
54 17
70 87
96
41 8
92 57
138
8 79
64 69
84
21 22
81 94
214
28 92
83 59
247
16 35
68 67
72
37 29
66 76
157
26 74
81 50
218
62 89
60 79
227
32 63
59 50
116
51 66
77 94
234
64 43
61 52
182
90 74
52 69
158
77 29
79 84
210
18 54
83 73
131
98 52
54 65
159
21 83
79 60
200
73 96
99 65
84
75 47
69 76
228
98 84
68 55
77
24 67
90 98
210
94 31
96 60
199
80 20
82 72
159
29 72
89 84
128
87 68
94 53
58
80 83
88 56
200
58 85
83 75
150
14 35
97 95
113
17 96
70 93
200
42 4
89 81
184
59 9
64 71
106
98 81
87 86
238
24 87
62 96
58
49 47
94 74
196
90 37
82 66
210
37 18
99 54
78
10 88
61 89
174
42 95
82 74
131
71 15
61 56
135
60 66
90 86
204
30 84
50 96
112
18 56
63 51
169
51 79
69 79
215
66 6
80 59
248
47 41
99 71
159
65 6
92 71
207
77 28
74 87
179
33 50
53 98
146
33 19
99 99
54
7 64
76 72
89
69 73
94 87
118
1 48
69 85
143
97 42
82 72
124
84 52
52 57
87
71 55
54 70
122
71 26
99 79
149
22 19
58 68
218
6 36
73 69
125
15 15
87 75
99
41 99
58 83
243
13 71
93 67
69
72 89
71 92
171
92 93
61 95
200
97 63
85 58
72
0 35
60 90
139
11 39
73 83
171
96 76
95 86
239
35 58
50 61
58
46 34
81 52
157
97 54
62 57
132
97 79
69 84
60
9 75
58 71
84
35 43
81 80
130
39 71
83 67
90
19 27
81 88
51
85 45
52 98
197
34 32
66 97
153
41 7
80 64
150
75 50
80 87
207
52 19
89 96
187
18 88
76 56
200
24 9
57 85
76
39 35
84 60
207
43 16
80 51
173
31 3
92 51
113
13 60
58 67
102
49 56
65 73
177
74 25
60 51
84
47 30
90 75
81
58 83
84 76
189
89 2
53 72
181
65 37
57 94
223
13 49
72 74
80
97 2
53 55
159
83 39
66 59
176
99 40
69 84
135
21 75
99 74
224
87 5
50 91
146
99 16
91 61
173
93 92
99 72
196
88 81
90 82
206
83 8
94 56
152
20 93
68 73
219
25 49
90 58
177
8 4
68 78
249
10 1
73 92
109
7 91
75 99
247
33 55
63 82
179
57 34
59 99
227
58 71
79 52
200
36 30
60 61
204
62 10
55 66
237
98 27
78 94
173
85 44
76 58
199
11 37
87 58
122
58 35
89 83
139
71 85
96 77
182
7 83
51 94
64
78 33
78 62
206
72 35
95 92
98
32 43
51 61
121
88 84
67 81
127
52 23
50 99
99
84 81
77 58
185
60 22
84 66
138
21 74
68 62
166
11 61
74 50
214
60 72
55 52
77
28 82
81 82
179
64 33
91 65
241
15 52
68 51
51
45 92
54 74
163
17 90
92 77
92
14 93
96 52
222
80 82
66 50
61
99 29
96 77
242
51 18
71 57
171
13 60
84 66
120
76 80
59 87
68
2 81
84 85
50
18 57
57 80
234
39 43
70 83
87
40 27
86 88
112
46 10
76 75
130
8 45
85 56
67
66 74
59 72
152
68 72
55 70
76
0 4
89 67
121
66 54
93 61
102
53 25
53 98
131
50 30
86 90
85
13 59
81 52
74
56 4
77 93
211
81 71
88 61
223
94 84
98 91
87
73 44
94 92
76
25 24
64 77
113
73 64
66 78
107
23 5
50 63
50
21 74
87 83
111
72 6
98 55
122
94 93
85 95
90
11 24
53 67
75
17 33
61 51
186
66 8
71 59
166
47 11
94 89
184
3 50
58 58
203
3 30
78 97
140
4 39
57 52
107
90 27
78 74
101
38 10
71 70
209
32 38
80 56
227
82 93
53 82
90
86 85
84 93
64
23 34
86 70
130
15 27
53 70
96
16 74
96 84
187
86 96
54 70
116
47 99
81 99
53
16 89
85 89
202
19 55
75 75
157
52 56
78 74
107
4 20
57 73
102
53 11
83 89
57
32 57
56 57
165
48 10
99 83
235
6 35
60 56
81
18 63
89 85
247
10 92
66 53
217
29 6
97 72
112
54 79
86 96
63
96 13
96 61
197
83 98
54 53
95
69 36
71 64
108
16 13
66 70
232
24 87
61 63
171
91 77
75 76
179
88 89
52 76
86
0 25
81 69
156
67 64
80 75
241
93 33
54 57
62
93 41
56 86
155
33 10
88 98
158
79 77
53 96
231
81 84
55 83
162
19 39
66 81
102
99 74
83 95
155
26 9
98 99
132
8 56
54 67
196
81 75
73 75
187
7 58
93 68
164
34 82
65 84
50
92 38
83 51
175
45 57
56 52
193
64 86
54 51
118
81 49
76 99
107
36 86
56 66
181
90 31
67 65
106
55 17
68 98
240
25 25
79 85
83
68 78
81 97
224
82 65
67 55
210
5 12
79 96
112
60 79
94 54
127
61 12
62 84
180
38 74
60 57
169
88 41
88 87
172
56 61
67 54
73
81 65
63 78
112
93 42
97 74
239
11 3
87 53
174
62 85
92 62
222
85 81
71 62
226
82 34
91 82
101
8 7
87 85
223
82 47
72 66
131
25 8
61 92
163
96 16
78 75
190
12 99
61 76
135
98 2
86 67
91
93 71
56 99
130
3 22
91 62
75
49 43
86 51
210
4 16
93 58
233
42 48
76 97
155
28 32
51 55
164
22 96
95 59
228
20 40
54 84
111
50 11
64 62
188
30 74
82 92
223
82 77
76 67
159
8 73
78 89
62
77 4
63 84
124
55 65
51 94
212
62 7
69 62
127
43 50
94 59
127
22 85
52 60
248
77 21
60 59
108
66 23
57 85
180
74 9
56 87
127
15 99
61 90
87
13 69
80 82
60
65 10
72 84
168
43 82
93 97
155
16 5
90 72
76
2 2
91 52
60
91 82
74 75
104
43 62
97 70
73
57 30
64 91
181
48 59
56 76
144
64 31
53 62
154
5 88
93 58
199
75 68
96 90
199
60 94
66 94
157
96 19
60 66
112
71 99
75 61
180
57 5
67 94
110
8 50
61 68
203
81 67
57 80
77
53 29
75 90
170
44 99
66 68
207
15 31
92 78
243
99 58
54 50
68
55 10
78 78
166
95 31
61 97
204
92 77
67 60
167
16 32
50 64
134
31 71
51 52
75
62 45
97 76
116
57 95
73 73
188
5 89
89 85
218
16 92
52 61
135
84 30
94 53
186
67 90
94 68
69
91 45
72 83
188
17 99
73 95
240
14 85
71 97
103
63 68
79 71
217
11 58
62 51
158
54 87
57 75
98
53 46
79 89
177
31 77
74 94
154
10 86
86 68
83
54 24
97 96
185
56 15
68 96
218
57 54
82 74
215
80 22
61 70
62
90 97
93 93
64
31 99
69 76
67
93 9
57 73
141
72 58
57 97
240
63 67
93 98
95
15 65
85 78
78
84 90
83 68
79
32 84
61 60
151
70 78
53 97
78
12 90
89 52
119
8 43
93 82
51
60 30
58 66
97
50 44
64 81
233
98 60
70 67
209
50 20
69 82
154
9 10
64 68
200
9 37
71 58
102
3 59
77 62
161
23 59
92 61
187
54 96
65 88
177
88 47
79 77
109
91 33
51 71
156
90 71
80 67
214
41 20
84 67
219
96 31
94 92
140
93 82
70 95
110
69 72
51 98
201
35 60
81 94
238
52 52
70 79
232
92 95
62 74
126
45 45
89 74
140
71 15
60 83
91
84 43
94 63
135
4 14
58 70
87
61 9
90 89
231
35 24
50 75
199
45 1
78 95
184
93 85
70 58
55
15 51
64 89
61
28 74
97 65
239
8 4
94 52
198
18 35
60 83
168
13 84
79 65
141
64 1
59 86
186
11 41
82 52
175
9 63
81 56
106
35 47
99 64
179
36 64
99 99
246
83 69
84 59
113
38 53
89 79
147
31 16
70 60
63
83 86
94 74
216
43 30
96 52
194
10 83
85 80
111
4 28
87 95
191
42 60
89 79
82
7 28
89 65
129
27 28
53 63
73
85 81
83 66
234
19 10
92 94
104
70 8
53 60
209
13 3
84 52
154
63 34
99 64
202
29 43
58 81
234
40 54
72 72
125
34 6
52 96
226
60 0
63 96
115
66 57
59 78
51
45 35
99 66
196
94 20
51 78
103
57 64
86 95
179
44 20
67 65
147
19 91
89 59
84
46 75
55 53
108
40 54
72 53
141
42 50
80 88
95
94 91
86 52
131
8 83
98 75
177
41 74
84 97
80
59 33
86 78
214
92 86
90 57
164
92 0
88 56
172
81 53
57 68
119
42 1
77 80
242
53 57
56 83
187
90 15
94 98
126
30 65
74 69
122
26 35
92 66
115
97 90
59 98
155
60 20
50 97
89
59 92
75 93
66
93 82
83 58
187
48 34
55 69
224
91 92
58 50
85
99 17
66 82
160
88 89
89 70
188
81 10
55 97
108
37 65
73 51
70
58 88
58 70
115
0 94
97 56
110
64 43
76 61
182
17 21
92 70
56
54 58
58 89
59
73 98
99 98
147
38 71
93 55
148
90 72
79 50
187
72 10
72 51
150
95 34
54 70
137
65 76
66 93
123
14 54
53 96
65
76 95
50 53
169
75 51
51 59
154
64 98
50 78
188
86 81
51 83
90
79 73
66 57
97
21 30
79 63
176
24 29
84 52
177
86 21
83 52
89
81 58
88 55
83
71 93
79 69
224
52 12
69 54
168
52 53
67 89
83
48 65
69 59
132
93 36
90 70
226
0 60
67 59
241
13 43
64 62
242
26 89
95 94
198
48 14
54 52
217
71 85
96 65
93
83 98
68 86
175
30 64
73 78
248
68 69
83 63
233
72 55
99 61
217
65 61
63 68
121
50 35
53 95
147
1 38
74 82
221
38 9
87 52
113
56 52
65 84
142
70 67
80 66
171
42 84
54 86
57
39 10
55 58
144
43 55
89 95
167
48 67
71 57
186
73 22
56 94
90
25 36
53 60
56
89 83
71 50
195
31 7
65 84
186
72 31
76 79
161
45 48
57 60
116
30 48
92 91
186
81 31
91 62
236
76 20
70 77
200
27 72
58 83
143
39 70
51 67
116
2 29
91 63
59
89 30
71 91
83
53 28
92 66
96
62 52
81 75
232
3 25
60 61
162
80 6
74 53
84
5 21
85 86
148
67 97
89 89
238
69 72
91 93
61
43 92
67 75
125
44 59
70 80
204
27 94
98 87
53
19 73
61 58
106
58 58
97 73
149
21 64
57 70
162
1 83
58 56
218
19 83
65 64
90
60 71
58 69
160
83 74
84 81
94
92 38
61 54
139
77 54
74 60
137
58 23
81 88
68
66 57
73 88
181
44 30
51 93
104
75 53
85 87
211
73 81
86 53
136
42 94
54 64
118
79 51
89 76
212
48 97
85 78
124
17 12
55 68
168
9 25
64 95
94
48 6
61 69
234
5 7
71 78
211
74 46
75 93
216
22 55
86 66
59
48 40
61 76
153
88 96
91 64
52
99 60
79 50
112
37 86
64 67
210
63 80
73 87
238
81 53
71 60
167
12 19
97 65
125
93 20
87 63
236
97 65
68 85
129
54 99
66 66
221
98 28
65 86
122
20 74
86 53
242
7 22
89 56
54
59 83
96 97
246
63 35
70 96
81
19 25
93 88
87
21 61
99 85
139
73 59
64 61
111
86 5
63 68
75
96 24
73 87
192
8 85
81 58
230
56 41
81 51
99
44 40
75 73
193
87 64
75 68
201
83 29
99 90
146
25 15
52 93
148
38 87
97 56
171
39 38
89 78
72
29 79
54 67
107
18 10
81 96
246
60 47
89 79
112
5 27
72 87
159
12 38
96 99
59
35 21
51 50
126
30 23
90 56
135
52 15
61 53
133
10 51
80 96
150
10 10
99 57
232
87 66
66 94
234
39 4
54 69
240
79 95
53 70
219
20 57
63 74
181
64 9
57 94
197
67 94
53 57
167
69 39
84 54
137
90 40
61 78
196
7 68
91 76
162
98 47
71 83
161
83 16
60 78
90
56 75
82 60
161
23 29
85 81
159
26 20
99 99
87
19 46
72 96
110
19 61
94 59
243
62 22
50 78
75
77 68
80 83
211
9 45
78 85
145
50 94
96 71
199
92 10
57 71
66
68 81
92 87
64
15 80
58 78
167
29 53
87 95
159
84 56
93 71
112
40 66
89 62
236
49 14
85 80
58
68 46
83 76
111
14 42
71 76
124
76 45
90 55
113
49 65
88 99
144
54 13
76 84
195
92 20
50 94
129
48 3
81 97
132
26 8
86 98
247
82 22
80 73
224
47 89
90 73
185
54 18
54 91
82
25 86
80 74
77
35 55
52 76
169
63 58
58 97
149
32 94
69 81
212
60 56
81 59
151
1 44
85 55
156
71 87
63 81
154
18 10
86 91
70
96 62
59 83
104
5 35
66 89
127
24 1
63 87
106
7 90
95 57
95
84 63
96 68
149
57 24
66 67
245
30 90
75 94
192
60 50
89 97
179
43 24
64 53
56
4 61
71 63
152
86 10
79 88
135
3 38
55 94
121
97 41
85 54
173
36 96
93 85
227
20 64
70 70
136
83 26
92 90
104
54 44
83 93
83
73 78
74 89
230
65 12
68 78
101
14 1
86 89
60
53 68
89 82
73
67 68
60 58
161
55 13
58 66
240
88 51
92 63
62
57 43
71 77
125
74 80
71 90
113
40 52
84 68
231
2 43
51 98
162
66 12
78 69
174
81 9
74 62
124
20 76
54 81
243
86 58
98 68
208
52 83
53 98
236
46 79
79 90
97
91 5
74 64
171
86 90
55 53
112
31 29
62 82
87
70 76
96 74
221
31 82
82 73
84
63 62
52 80
92
7 79
95 86
234
36 7
62 72
93
91 84
67 74
205
95 12
88 76
141
22 97
70 72
104
82 8
88 67
87
19 11
97 96
115
57 32
54 53
69
91 96
72 63
60
86 18
94 55
176
93 96
70 98
216
78 2
71 50
68
83 37
86 87
82
18 54
57 89
175
55 61
74 66
180
94 26
83 68
89
79 95
93 82
151
46 50
51 81
119
88 49
88 54
224
93 89
78 95
202
91 22
88 60
117
16 90
58 62
149
53 53
87 80
147
88 83
64 95
89
15 16
71 79
103
10 6
51 98
90
73 3
63 84
113
5 51
63 81
113
66 82
62 69
106
47 18
65 94
211
81 83
62 78
204
68 81
82 66
221
35 57
93 96
100
44 59
92 55
60
24 70
89 78
186
57 84
78 83
172
63 96
74 56
76
58 10
77 96
92
36 18
66 77
79
26 79
84 73
218
4 35
64 93
146
0 81
67 53
79
65 28
84 94
92
46 22
69 50
123
39 42
71 59
55
2 38
64 83
186
51 4
99 92
117
82 88
94 68
249
22 49
93 67
108
16 59
61 54
87
53 30
89 78
126
30 85
71 78
96
25 66
58 97
176
47 65
83 58
143
34 60
77 67
177
88 77
81 95
149
63 84
62 54
153
50 80
60 85
221
76 31
80 96
136
97 74
82 85
232
42 78
97 66
121
74 44
91 59
206
76 58
62 71
90
94 74
61 90
54
94 61
59 82
225
83 71
56 72
216
87 55
73 60
234
67 32
93 59
161
2 67
88 87
214
65 27
70 61
78
31 67
50 73
243
23 98
72 78
181
29 46
57 68
103
91 55
66 72
184
85 83
72 88
125
2 53
66 90
122
83 69
92 55
133
42 48
77 58
66
75 90
58 96
132
15 99
73 75
131
7 60
98 66
179
53 94
84 81
71
55 55
61 55
249
11 40
99 93
190
89 10
58 66
199
7 50
76 65
132
88 98
67 89
238
11 71
54 94
247
10 15
70 55
223
61 4
50 84
162
60 25
93 51
118
43 50
67 77
169
66 9
51 59
185
74 48
94 96
178
9 43
98 90
232
5 15
50 95
105
77 7
58 65
120
10 35
64 65
180
23 85
94 96
176
44 31
79 50
88
72 81
71 50
223
39 82
77 78
189
36 85
52 68
146
87 90
55 56
203
92 36
84 76
239
67 55
55 83
146
36 24
76 71
110
58 94
74 99
137
61 90
58 73
63
0 19
77 52
157
66 5
83 50
100
88 89
74 70
94
50 66
89 82
76
85 92
91 86
111
33 23
98 72
93
69 87
89 93
197
44 51
51 65
80
92 67
87 68
68
56 14
97 69
145
91 47
84 83
133
59 94
67 68
108
4 12
55 77
146
58 26
91 92
159
59 22
93 53
198
7 72
93 54
156
40 52
85 98
174
79 33
51 84
198
13 94
73 55
219
0 1
93 79
193
16 41
94 54
59
18 3
59 68
161
11 75
73 54
98
6 80
66 78
57
10 28
83 73
186
34 94
73 86
178
14 31
86 96
111
89 57
75 79
150
0 43
99 62
175
79 60
90 81
98
69 91
66 60
52
10 46
82 89
133
14 17
65 50
202
22 11
90 91
197
85 93
55 50
134
18 25
59 66
160
0 64
74 79
66
21 34
75 78
105
44 13
63 71
59
74 73
66 81
167
60 30
80 54
167
56 39
57 85
115
71 98
79 67
95
63 85
65 68
188
28 26
97 84
242
73 43
74 68
89
5 87
92 51
237
33 69
56 93
190
54 60
79 63
234
14 60
79 99
179
5 90
74 60
54
68 2
72 77
244
12 69
70 51
204
41 39
84 89
200
47 31
94 54
226
54 40
92 93
83
82 24
84 90
108
88 47
74 78
63
93 73
76 75
116
67 31
70 59
152
1 9
66 51
245
6 29
72 51
148
49 35
77 82
133
24 91
69 74
51
94 37
62 96
121
45 12
74 88
165
33 92
95 68
249
75 15
66 58
97
3 56
91 98
131
32 84
58 57
203
97 58
55 98
161
69 71
61 56
143
6 71
91 77
101
6 78
86 76
172
45 26
74 78
236
58 59
68 68
68
27 23
73 65
134
94 26
82 55
106
5 99
78 64
146
56 65
92 52
95
70 77
55 90
146
66 76
96 55
184
69 25
91 63
243
67 49
55 89
52
6 47
61 57
86
27 4
58 92
221
87 89
79 93
244
55 89
96 60
203
22 47
62 73
113
62 68
59 82
219
7 84
92 75
118
48 11
55 97
208
45 70
63 96
226
5 40
53 84
51
0 37
62 75
62
80 90
73 76
190
9 95
72 99
203
85 19
69 51
191
89 12
58 88
155
50 66
50 62
153
88 15
91 53
202
81 68
94 83
156
42 25
76 68
114
95 21
75 50
64
87 43
83 56
95
51 61
73 97
152
90 51
56 92
231
26 94
79 65
223
56 73
91 65
182
63 31
83 78
188
28 94
50 77
63
63 74
71 65
236
24 67
61 77
81
7 10
77 59
89
51 82
99 95
142
81 80
60 57
216
54 97
74 95
155
48 8
73 68
172
92 7
86 96
155
98 29
89 63
226
73 4
99 77
73
31 71
79 56
241
76 22
67 98
153
78 3
73 51
101
82 25
72 96
220
53 1
66 69
194
70 45
72 68
172
43 93
99 53
124
71 97
95 51
91
50 6
59 71
175
35 22
70 58
209
72 78
99 62
188
44 57
75 59
118
68 83
86 64
119
85 38
91 92
130
47 85
56 82
107
31 60
68 92
51
98 51
65 73
200
72 64
75 94
149
8 15
79 69
246
69 88
81 82
61
18 14
97 60
225
57 67
61 56
127
14 7
83 77
132
97 77
74 54
124
39 6
75 82
168
66 78
60 87
197
75 50
61 67
174
80 92
98 81
94
58 10
87 60
193
67 44
99 92
141
57 66
50 80
232
78 0
89 98
241
90 47
65 68
153
57 42
75 85
158
37 31
94 68
224
38 61
53 93
239
71 84
64 96
221
66 29
79 51
56
77 92
60 98
192
4 3
88 51
81
22 11
81 68
166
94 95
88 56
249
73 96
92 70
189
23 41
93 56
103
87 64
62 80
100
67 24
77 56
55
91 38
58 79
74
53 95
52 69
144
50 18
89 67
242
82 58
66 66
227
32 69
51 67
146
27 67
73 63
104
63 21
50 97
72
48 22
91 75
52
11 69
88 52
202
99 96
62 87
117
33 64
83 50
186
0 96
62 63
176
33 70
69 89
183
93 63
89 83
84
60 35
89 98
151
36 50
87 52
50
54 19
71 86
237
68 22
88 90
130
60 66
57 65
81
71 98
82 75
112
19 11
59 74
109
60 75
77 95
99
99 47
83 53
120
8 91
81 90
96
49 22
87 58
106
38 89
66 79
72
78 41
66 91
137
43 0
97 99
173
95 49
54 74
78
95 44
87 88
228
9 86
94 77
99
86 36
65 87
154
9 9
52 82
227
3 22
71 72
152
22 95
71 99
177
18 30
68 74
155
5 5
84 66
51
20 15
54 89
238
63 44
76 99
216
48 26
98 71
172
46 75
75 94
69
55 23
98 87
175
55 42
59 80
89
76 32
71 60
181
15 0
99 96
244
27 12
85 92
175
61 16
61 73
188
36 43
80 93
236
75 18
51 91
86
85 81
93 62
206
93 95
92 74
244
54 70
64 71
142
81 98
72 53
244
17 43
86 80
199
6 17
60 74
209
91 12
75 94
134
72 53
79 79
64
99 23
94 71
113
95 13
68 94
167
61 38
71 86
99
90 35
62 57
50
24 67
63 94
151
16 80
60 74
95
85 88
61 94
132
74 60
54 77
194
95 46
82 55
118
19 6
64 58
81
33 58
52 58
246
83 9
83 63
195
24 10
57 80
235
67 64
91 62
73
87 56
64 70
121
20 38
96 91
136
7 22
80 71
111
92 68
83 96
77
95 41
74 51
52
40 89
53 71
132
9 97
67 71
225
58 93
86 98
56
58 86
58 65
91
78 27
73 83
61
17 12
64 58
243
5 61
84 83
208
31 67
91 69
201
34 95
93 59
120
29 15
81 80
237
60 73
58 67
185
71 80
89 54
237
52 97
83 92
136
2 2
71 70
93
68 21
80 79
161
97 51
84 93
180
57 32
50 92
166
30 78
82 89
119
32 26
68 71
217
72 60
80 69
195
51 65
94 64
183
98 25
70 82
232
3 13
55 91
103
85 7
96 83
170
24 5
78 52
244
38 71
92 66
218
57 12
76 71
54
3 4
89 52
224
4 36
77 77
109
87 82
67 97
235
22 17
71 60
103
92 4
73 91
234
35 12
85 94
63
92 98
52 68
81
88 94
73 85
165
5 46
93 54
73
60 40
50 97
131
6 50
94 75
79
58 10
54 66
243
54 81
50 85
56
44 16
51 94
170
98 61
66 75
143
8 0
98 56
60
0 39
65 68
244
27 98
66 54
133
48 98
83 87
200
52 95
91 96
105
2 66
94 55
120
44 99
55 78
144
44 40
59 95
211
59 41
96 90
175
44 23
62 75
129
7 27
74 81
198
92 87
92 53
186
43 73
54 81
98
96 75
72 95
155
64 58
99 64
112
22 42
67 58
237
95 89
71 94
171
60 43
98 63
54
71 2
85 50
77
10 0
95 74
235
56 81
96 51
105
88 63
71 79
157
62 16
61 54
133
6 27
93 95
154
95 52
52 77
180
52 7
83 92
200
64 77
78 56
160
93 13
92 50
216
59 10
66 79
72
44 64
60 80
87
64 84
63 84
118
22 66
58 70
155
88 22
80 70
168
93 32
85 62
186
45 78
57 97
163
24 69
51 57
234
85 46
82 50
150
48 68
90 73
109
15 28
50 99
245
83 17
81 89
68
12 77
76 65
221
97 80
90 95
248
88 31
81 85
221
51 35
60 71
194
91 82
83 59
191
51 54
95 76
234
24 46
63 96
150
94 68
63 97
234
95 95
80 72
128
66 95
69 80
78
1 74
83 69
185
39 13
89 88
185
36 74
71 59
199
91 60
57 95
104
5 79
54 51
85
99 80
62 53
120
36 82
53 72
71
66 59
99 60
158
23 47
59 96
244
71 97
93 85
230
72 92
95 85
78
25 21
76 80
137
60 50
74 75
64
33 48
59 82
232
8 40
88 56
117
86 52
90 90
129
82 71
56 53
77
29 32
64 55
106
14 44
72 66
139
20 82
65 74
231
7 9
65 90
198
19 9
50 84
59
23 13
68 93
181
0 23
78 61
66
24 69
87 81
146
20 72
98 69
137
7 50
92 96
72
54 94
78 92
204
93 3
97 79
112
70 60
71 64
200
42 31
64 74
130
38 23
92 52
86
42 91
89 94
237
36 66
60 91
166
64 47
76 60
213
36 24
90 83
60
21 83
59 54
237
32 36
88 75
74
31 62
56 69
123
24 58
99 59
87
46 25
87 53
72
11 16
99 60
52
84 72
77 75
243
13 63
90 78
104
2 54
75 85
210
83 10
69 85
232
45 74
77 78
234
43 2
65 98
94
37 50
77 78
64
92 73
51 78
183
58 34
69 87
133
82 48
85 67
151
59 49
80 98
188
84 83
81 81
199
33 77
57 87
212
82 53
83 55
136
67 40
79 94
189
27 27
96 71
214
96 22
73 75
228
56 13
96 62
89
23 64
53 74
82
56 86
93 65
240
85 1
95 57
115
24 96
69 92
221
92 9
84 69
215
50 97
61 73
246
75 12
88 72
228
74 56
71 85
170
72 77
86 55
119
35 70
65 94
154
76 17
86 98
210
85 13
88 62
246
2 11
83 72
240
39 2
89 67
213
66 37
92 87
55
65 57
53 90
182
20 44
93 58
158
58 20
83 93
147
94 89
63 99
179
68 90
57 70
207
96 83
71 76
240
80 81
71 55
185
17 87
97 55
160
68 15
58 69
201
97 18
67 97
113
59 26
98 81
168
34 40
66 64
107
97 5
62 87
120
52 24
79 88
249
94 98
69 67
204
37 70
67 53
157
45 66
99 68
146
90 37
53 80
56
60 39
78 56
223
52 26
64 75
181
65 76
94 77
86
66 83
86 74
84
53 33
51 81
204
40 27
59 94
94
48 3
59 54
126
37 29
56 78
102
83 11
90 69
229
23 5
81 97
60
64 83
65 65
218
94 21
66 58
106
21 4
61 54
230
42 33
61 67
99
25 21
90 84
67
48 15
62 91
129
96 3
70 94
61
43 64
72 57
159
29 13
70 80
140
3 62
82 82
66
53 33
67 91
246
84 11
54 94
247
7 23
69 93
179
35 56
65 72
210
79 34
66 89
199
79 31
65 52
113
49 20
62 66
168
25 64
58 53
179
84 0
95 88
205
53 17
91 91
168
27 51
92 97
194
23 98
52 75
140
23 38
56 89
87
71 10
63 62
181
65 91
79 67
112
48 23
66 65
91
69 33
83 69
163
81 65
92 88
134
82 78
70 59
138
80 48
60 61
195
53 43
62 62
134
85 24
89 82
53
24 25
96 72
57
11 37
75 89
153
4 25
86 87
224
84 26
89 56
96
84 51
65 99
197
89 83
67 82
230
92 88
62 54
241
50 64
55 52
125
82 58
95 79
168
73 5
61 54
213
14 0
99 97
229
34 46
79 70
51
19 0
57 95
181
73 36
91 81
228
49 57
88 60
146
94 30
84 72
155
84 37
84 70
185
83 51
72 69
164
24 70
65 83
183
4 64
96 56
145
55 84
96 96
193
78 44
66 89
212
3 95
67 98
190
18 33
52 73
192
72 37
70 67
190
86 0
59 96
234
95 91
89 89
242
83 35
74 70
100
71 85
83 55
88
17 45
68 59
69
5 51
70 94
77
23 84
82 64
132
23 98
90 77
212
25 21
94 97
51
81 47
53 73
214
50 63
72 83
69
76 53
99 76
96
85 56
70 71
67
20 3
83 90
60
54 54
51 87
200
51 89
62 81
106
25 96
81 56
200
34 77
54 76
185
62 24
96 70
134
1 37
79 54
84
83 67
54 91
137
95 91
75 90
107
23 46
52 85
154
82 37
63 91
138
39 26
97 50
87
84 34
88 89
116
57 25
66 51
162
10 88
78 59
135
76 17
54 58
131
41 12
55 63
206
82 51
51 95
179
87 85
76 65
127
1 31
83 85
118
73 99
58 80
154
27 15
75 80
181
39 13
76 72
245
79 80
78 77
82
13 58
75 69
239
7 97
82 92
142
83 10
92 67
191
7 21
54 69
184
67 52
77 74
246
57 69
98 77
235
56 60
81 50
181
28 91
84 90
62
96 34
52 97
239
25 89
60 98
129
62 83
59 99
89
78 47
74 99
78
86 86
87 86
68
28 19
60 98
164
96 63
62 61
98
51 52
50 74
63
35 5
56 76
94
3 67
68 74
180
55 2
88 68
242
10 38
89 72
70
52 87
50 66
164
2 17
93 68
204
0 31
59 90
207
79 86
61 62
97
15 42
63 52
56
1 46
71 66
240
58 88
56 94
210
73 61
79 64
118
62 68
60 69
124
97 26
88 53
160
33 52
57 75
146
53 31
99 97
174
87 40
84 84
94
95 46
60 69
76
81 38
57 91
241
33 15
70 90
73
24 50
78 56
181
11 4
54 87
161
94 13
98 98
230
46 94
64 78
57
54 54
97 88
211
14 31
72 96
84
74 69
78 61
152
34 42
81 64
138
45 25
75 84
95
22 15
93 91
88
49 50
88 92
99
22 5
51 63
244
72 50
61 70
52
55 23
87 87
137
14 25
60 84
91
27 29
72 63
72
23 1
95 73
63
50 72
86 85
51
86 81
52 76
97
25 28
65 52
64
43 41
75 80
153
54 21
87 82
77
38 4
77 52
234
0 15
51 86
238
84 88
66 74
136
94 73
75 63
110
69 29
59 53
144
83 58
92 51
170
96 80
82 60
225
49 46
83 77
202
73 15
89 87
89
62 75
91 83
140
72 45
50 59
184
10 5
56 67
52
38 37
99 50
122
46 26
53 72
129
69 74
63 54
160
91 43
78 73
132
74 15
74 54
176
31 40
57 89
88
46 91
94 78
96
20 1
73 94
75
49 75
79 96
63
22 57
82 54
200
97 38
92 76
173
85 55
94 54
192
87 44
73 91
131
74 39
83 53
99
58 31
77 98
187
86 11
67 59
218
5 61
90 67
100
97 40
95 85
243
91 77
70 80
114
9 14
67 88
242
98 39
88 50
78
49 39
50 64
119
12 83
50 74
204
93 24
59 53
238
89 96
76 79
209
90 96
86 69
160
26 13
64 60
214
3 88
53 65
104
38 34
61 68
240
85 24
77 83
247
23 23
55 88
201
51 49
70 92
239
84 4
64 65
150
5 31
97 55
210
83 9
79 98
94
55 40
76 80
132
99 79
67 57
156
66 9
53 59
187
7 99
64 73
73
46 73
78 78
145
90 40
90 78
219
31 23
55 77
157
36 11
69 58
103
30 65
74 71
183
73 60
83 92
190
6 67
96 88
