6.6743e-11 700 1000
146
26 31
79 92
121
54 83
88 87
71
4 18
75 94
65
72 94
74 84
180
22 14
63 95
244
79 0
94 84
143
75 81
73 72
154
8 43
80 60
246
1 31
78 53
176
72 20
55 50
248
21 81
78 70
185
80 67
51 66
74
32 59
81 99
107
75 55
65 67
107
49 14
67 60
229
39 88
89 51
96
72 49
71 68
150
88 55
71 81
90
32 57
59 74
166
64 34
51 91
232
17 0
61 83
86
51 62
65 76
140
14 22
92 62
137
97 15
98 78
120
5 68
94 53
64
30 19
62 81
84
62 65
98 51
175
62 40
68 79
177
90 19
82 93
235
49 80
60 82
247
80 5
58 54
175
27 69
52 57
191
17 41
95 55
67
37 33
62 79
55
81 58
51 95
65
83 32
67 64
94
72 13
70 74
130
41 1
59 59
243
2 0
55 60
149
40 79
58 86
52
16 93
91 84
169
73 51
68 54
90
33 98
75 62
203
76 92
53 94
87
3 87
99 92
61
28 43
82 53
88
25 6
92 56
216
93 25
80 90
211
30 80
93 97
55
37 0
95 84
191
34 23
67 96
134
11 59
63 64
193
69 3
59 68
213
87 35
77 56
217
7 70
67 97
202
17 55
89 90
114
64 83
81 99
82
91 35
99 93
56
54 38
58 77
166
45 90
98 53
222
68 70
69 82
187
26 84
76 57
65
9 71
72 82
143
57 64
57 84
59
97 42
69 63
105
11 79
84 51
59
56 73
55 80
126
42 67
76 52
218
98 70
52 80
222
18 23
59 80
127
1 39
54 74
172
86 29
82 83
70
56 94
74 77
163
44 5
59 55
220
81 76
56 70
85
29 93
75 53
138
66 30
56 91
222
38 63
98 58
170
42 31
60 78
117
17 42
99 63
126
25 85
56 60
81
51 45
51 62
228
33 52
93 96
240
8 68
79 78
206
10 0
79 99
72
23 18
81 89
74
66 15
77 50
74
23 33
98 77
176
50 5
51 59
246
22 49
79 54
151
82 61
60 63
61
78 85
74 86
109
91 10
60 77
219
46 2
79 92
194
87 70
79 96
90
31 42
97 62
62
8 63
76 94
70
11 5
91 50
237
54 61
88 79
64
40 48
92 62
172
62 8
55 61
141
97 1
64 74
246
27 87
81 56
156
39 28
78 69
132
39 57
86 86
228
36 51
65 70
230
24 44
55 92
181
7 85
62 80
221
99 77
85 50
230
14 56
78 71
242
35 54
90 82
173
93 62
82 61
59
29 91
85 83
184
22 16
96 93
184
73 64
67 85
109
75 18
89 75
103
43 17
51 90
84
63 63
76 77
98
17 36
71 77
104
37 63
57 79
84
73 63
99 59
190
67 70
95 66
58
13 21
62 52
216
77 86
63 80
154
2 78
57 73
225
70 80
59 63
177
24 99
60 51
223
81 41
59 92
78
31 53
55 91
143
91 8
90 72
106
20 26
52 58
177
32 34
99 99
91
50 77
80 65
110
23 91
85 93
183
88 22
65 66
243
23 61
83 86
215
62 93
53 85
164
89 64
64 96
238
91 87
54 90
123
95 51
94 96
233
18 81
97 71
84
10 17
53 59
144
46 75
62 58
100
77 22
68 91
241
7 80
70 84
213
73 7
53 59
220
37 42
65 88
236
82 22
82 97
186
59 43
51 84
121
73 36
78 98
243
60 39
75 52
132
32 15
76 56
238
20 78
66 75
136
41 11
60 70
223
3 8
93 82
56
31 3
54 81
161
95 76
78 71
71
96 54
62 55
172
40 93
70 95
156
34 81
53 97
244
62 72
56 50
107
12 56
90 90
66
16 52
73 63
147
29 84
90 93
241
35 15
60 81
156
43 90
89 90
199
62 86
86 63
220
45 20
60 82
187
12 50
64 53
238
98 50
95 67
190
63 9
92 76
75
82 34
74 71
74
60 70
83 88
99
5 8
91 96
115
41 83
88 80
157
91 18
85 56
136
96 98
74 99
239
8 75
96 73
184
66 47
85 97
201
94 48
94 56
187
29 73
53 80
67
73 38
96 58
111
94 95
96 57
71
71 98
72 79
217
69 16
65 85
205
63 36
94 51
59
18 38
68 88
171
6 7
66 95
152
63 8
65 99
109
64 70
51 83
136
67 2
90 57
132
28 62
65 97
223
53 6
94 91
172
52 64
61 80
170
19 35
84 85
87
54 46
81 51
55
84 39
96 75
174
61 7
57 54
126
63 77
68 82
210
85 56
86 62
146
71 84
71 66
205
17 53
56 61
149
97 67
92 85
193
51 11
65 56
158
93 85
67 74
163
23 84
98 98
61
32 47
65 83
205
20 90
54 72
76
71 23
60 73
65
21 18
77 68
87
12 79
53 82
81
39 47
96 54
137
45 65
50 71
110
43 26
50 80
97
74 6
81 70
134
51 37
55 58
128
86 47
79 90
139
76 21
77 78
224
45 67
88 69
147
64 79
59 90
65
17 39
59 91
100
46 77
85 52
204
82 80
73 90
213
96 82
62 90
74
30 66
86 71
70
17 18
59 85
79
50 52
93 98
210
70 49
53 58
108
83 64
57 92
208
91 56
96 55
203
14 31
52 85
150
22 56
93 68
83
45 99
97 84
240
46 96
56 62
99
71 70
63 85
130
71 95
52 71
69
33 24
62 83
87
20 34
54 62
163
55 45
79 60
102
77 0
64 51
134
35 52
87 57
200
85 87
58 71
237
34 40
73 73
196
59 62
74 68
65
20 83
93 70
151
45 23
76 79
60
78 15
72 97
118
9 99
72 53
117
64 40
65 51
87
28 0
70 99
204
54 16
87 76
149
62 28
59 95
238
74 7
56 66
198
7 34
89 57
129
80 76
79 93
147
29 32
83 75
150
50 80
56 56
239
86 5
50 51
147
9 91
59 73
67
44 71
80 74
85
56 55
98 67
136
83 65
92 67
166
22 19
75 68
131
31 7
60 69
83
1 69
92 95
61
16 64
89 57
246
96 42
60 55
97
27 43
60 80
219
82 98
67 94
209
24 77
96 92
85
17 28
73 88
60
87 99
58 78
78
53 74
81 75
65
74 72
54 92
187
52 11
55 69
119
84 30
73 96
83
1 33
71 50
74
73 60
90 63
81
65 44
71 84
198
45 51
93 73
249
5 60
81 51
62
61 73
69 97
84
52 30
82 85
175
45 11
77 98
185
71 30
66 52
194
18 1
74 89
113
36 88
91 70
217
64 85
82 78
85
64 15
50 89
246
14 65
63 91
143
45 77
79 66
114
30 60
99 84
56
89 97
68 92
230
3 9
90 97
87
5 84
74 53
57
41 1
93 73
54
72 66
82 52
103
94 66
50 86
193
97 94
87 84
117
98 17
66 72
138
50 59
64 95
76
66 5
78 67
111
97 24
76 83
181
92 38
76 76
194
21 21
56 93
108
75 13
85 58
191
47 49
94 93
61
51 70
89 77
132
65 90
75 79
241
14 10
86 85
142
58 31
75 63
66
38 23
82 91
175
81 84
77 72
77
49 36
63 81
189
56 13
92 56
81
54 48
85 97
193
19 90
53 53
194
27 69
62 84
161
96 59
84 94
173
20 71
52 73
235
15 64
70 91
209
20 73
70 64
58
60 9
62 77
166
31 23
59 95
145
20 6
50 91
154
73 14
89 76
226
55 62
53 93
78
28 55
71 98
101
30 8
87 63
242
10 79
74 75
121
32 70
61 92
132
27 48
75 56
169
87 84
79 74
192
34 2
53 73
157
11 74
87 87
149
69 81
56 61
245
26 33
77 80
189
77 62
70 67
152
6 86
62 91
236
67 36
59 72
220
33 32
71 83
172
3 84
96 93
109
31 91
71 88
110
85 77
96 87
206
34 40
83 64
197
69 52
75 66
78
9 36
69 63
80
54 88
83 83
102
74 45
83 85
147
12 95
82 83
159
24 91
55 95
108
58 94
60 79
185
96 8
73 94
168
13 74
60 74
147
5 76
61 73
90
6 21
56 52
240
99 13
59 65
206
3 25
54 66
214
64 1
97 62
140
24 30
54 53
234
82 52
76 91
95
49 81
83 53
107
47 94
61 56
58
38 12
79 61
144
32 75
90 59
232
70 1
54 56
127
9 42
83 59
187
64 5
58 86
99
54 95
51 96
65
15 4
68 53
96
95 0
59 81
185
12 13
71 56
118
13 35
94 77
98
51 14
52 62
210
47 61
60 66
100
66 82
87 66
84
87 64
95 80
148
60 17
75 60
81
10 79
58 96
207
23 44
58 58
225
70 20
87 75
182
21 25
93 98
158
8 85
67 98
205
84 46
59 68
110
40 99
98 72
98
92 79
88 71
203
8 99
74 75
245
51 7
55 66
145
42 77
75 55
159
23 10
78 94
234
30 6
78 74
80
8 25
98 74
146
47 27
52 56
123
9 4
72 75
217
49 20
77 59
176
37 19
65 52
118
71 38
65 50
149
40 80
54 59
190
34 7
64 88
186
20 13
90 98
142
62 17
78 94
239
49 72
76 79
64
65 47
99 87
230
29 89
98 72
185
8 12
52 71
122
18 10
60 94
158
77 36
82 71
57
55 12
91 57
83
38 23
63 98
189
54 30
54 68
104
67 56
79 62
221
39 86
80 89
249
67 50
73 78
51
85 36
95 56
227
20 90
90 67
83
23 7
77 87
127
83 42
54 96
115
91 20
61 54
223
11 56
84 92
134
20 94
52 72
115
44 99
66 86
135
73 71
59 58
51
53 37
84 86
59
54 1
58 52
117
14 26
68 79
148
12 15
87 71
165
88 88
76 59
205
98 96
54 80
159
94 33
72 64
230
75 23
76 86
183
2 53
82 99
70
0 98
71 83
139
9 0
59 78
186
8 85
67 86
162
51 47
61 58
223
36 38
74 50
162
78 34
83 64
212
83 87
72 62
54
24 52
82 66
233
67 2
90 93
134
39 56
66 87
150
5 12
63 86
179
99 1
67 59
82
54 22
86 68
128
40 72
88 52
72
92 38
81 91
234
89 78
67 73
206
30 75
64 63
145
65 42
54 94
182
76 78
96 89
214
71 17
72 55
59
10 79
73 54
193
3 90
64 83
70
89 41
54 52
203
48 49
93 68
152
22 3
92 80
70
11 95
52 91
85
83 53
57 95
58
97 41
76 61
213
67 84
88 55
171
88 58
79 71
81
84 24
56 55
176
1 26
69 89
155
22 25
72 91
231
63 49
63 81
239
97 94
99 58
137
10 81
53 75
89
79 59
64 75
135
42 53
92 89
162
19 44
85 86
192
87 68
99 57
150
45 99
57 99
147
41 36
64 57
194
23 98
73 73
89
26 8
97 84
170
44 98
84 90
131
4 34
93 70
205
42 72
71 51
152
10 98
57 93
124
7 39
64 99
130
74 40
74 58
224
72 78
70 68
59
4 51
72 63
98
44 21
72 92
168
72 96
91 78
131
82 54
55 88
246
95 68
78 71
220
56 45
65 94
177
66 55
69 83
188
42 83
78 85
214
74 53
83 88
168
87 69
59 50
92
29 49
70 87
57
17 59
54 63
134
61 42
78 50
80
61 41
78 74
89
81 88
78 66
64
49 84
86 53
208
85 95
84 87
107
96 46
62 76
52
56 10
63 63
84
6 46
70 96
184
11 87
53 67
89
89 81
86 91
176
33 99
89 63
167
37 73
99 63
149
62 67
81 56
125
77 90
88 81
197
78 67
84 60
181
67 50
91 73
203
42 51
64 86
83
87 55
71 73
89
88 22
80 51
169
73 76
59 98
113
28 48
58 91
212
60 25
98 79
153
49 34
70 98
165
75 31
56 55
198
29 94
97 87
161
75 8
59 86
186
57 0
91 64
217
66 26
57 78
166
93 31
79 67
163
13 33
88 90
221
34 89
78 52
183
38 64
50 58
197
52 44
58 54
96
86 24
52 64
95
35 81
98 88
167
31 3
95 82
121
84 53
56 57
164
22 90
50 53
224
94 0
57 77
104
81 73
87 92
235
18 89
77 70
219
82 37
71 52
228
25 24
83 64
233
76 29
84 55
76
34 31
58 73
93
83 79
74 74
171
13 9
80 91
143
19 12
65 75
93
41 5
70 70
124
1 3
60 50
85
43 29
52 69
152
33 13
89 87
107
99 10
54 73
131
66 16
93 52
181
49 47
67 72
171
22 99
51 72
84
30 57
78 78
134
43 32
69 68
83
80 27
50 84
84
66 17
71 50
112
69 84
58 63
186
7 84
56 61
159
63 45
75 91
143
7 28
98 87
179
25 22
58 61
226
75 95
97 94
198
83 8
71 67
142
55 6
67 99
111
14 60
54 76
92
32 22
59 99
180
33 30
91 57
241
38 35
82 68
188
90 66
84 71
212
42 13
65 67
161
77 31
59 77
131
81 19
71 65
142
51 47
55 75
145
90 68
88 83
122
5 71
93 65
91
6 77
96 83
73
29 46
73 51
139
43 82
50 72
214
47 15
92 67
52
61 62
96 95
149
67 69
84 56
62
13 97
82 71
162
30 94
97 91
104
82 82
55 97
232
72 13
80 79
214
43 84
81 77
241
50 29
85 60
237
35 23
96 52
69
40 16
58 50
138
92 4
53 70
247
18 4
83 71
248
17 86
63 93
100
92 84
95 51
180
70 40
94 65
166
61 36
86 58
121
42 48
70 63
197
74 13
84 65
158
20 16
59 77
186
46 28
81 80
243
73 10
77 65
67
64 31
91 80
52
40 1
67 97
160
30 44
62 85
166
78 45
72 89
237
2 25
57 85
185
20 78
93 58
97
76 78
58 63
118
62 66
63 60
229
59 70
57 61
171
52 77
66 99
77
43 39
74 79
103
55 65
75 73
150
3 20
84 79
114
2 49
59 78
167
31 9
70 76
89
99 98
99 91
68
88 18
50 63
215
17 66
89 72
192
12 24
53 98
198
2 14
92 50
113
1 19
95 95
173
45 86
79 74
245
0 44
58 85
150
76 0
74 67
218
49 11
59 80
104
23 28
80 59
117
49 72
69 70
146
57 95
70 92
237
66 89
76 89
126
29 91
58 53
203
71 21
51 52
131
81 9
68 56
61
90 24
94 62
112
92 60
54 71
112
43 58
97 80
170
40 57
60 99
50
83 54
59 72
86
18 5
61 67
86
37 80
94 78
84
4 40
62 76
209
22 40
70 54
222
77 26
77 62
189
82 13
87 72
141
42 58
77 59
53
7 45
73 91
53
16 75
53 58
230
93 19
73 54
63
0 78
91 91
77
56 30
55 61
243
63 52
63 85
241
58 90
83 50
184
10 6
64 52
113
85 34
88 56
208
67 70
63 60
60
95 90
53 66
150
56 11
98 64
119
88 7
59 80
222
15 66
70 82
131
54 46
54 66
244
76 77
89 61
139
29 23
91 87
183
52 37
53 91
100
12 62
94 89
72
60 63
97 89
230
95 23
89 86
100
18 81
94 76
208
18 68
55 89
109
94 72
65 62
198
28 14
55 62
224
68 86
76 85
216
99 67
54 61
90
87 63
92 59
231
10 17
58 99
117
33 59
73 63
148
37 61
76 78
145
12 53
90 63
138
59 81
95 89
63
10 32
93 50
102
12 82
83 64
70
92 33
97 53
117
60 52
82 55
136
87 0
65 99
177
49 39
81 87
94
63 52
55 56
156
39 59
73 68
122
7 90
94 67
56
48 84
91 66
180
93 53
54 68
59
43 97
84 60
76
89 6
62 91
144
71 47
67 85
247
8 57
74 56
154
11 62
80 52
102
33 82
52 96
139
50 7
67 85
136
23 11
53 77
137
52 21
56 59
72
16 8
64 82
92
78 86
88 53
108
72 58
54 94
75
11 33
68 77
230
82 65
93 55
