6.6743e-11 720 1000
224
37.000000 -73.000000
90.000000 98.000000
159
34.000000 47.000000
89.000000 66.000000
216
30.000000 -53.000000
92.000000 -29.000000
84
-57.000000 -97.000000
-60.000000 70.000000
70
-31.000000 -12.000000
-60.000000 -33.000000
235
59.000000 32.000000
80.000000 -26.000000
100
36.000000 0.000000
-92.000000 96.000000
106
-83.000000 14.000000
68.000000 -8.000000
172
53.000000 85.000000
82.000000 -38.000000
97
-1.000000 -61.000000
-50.000000 93.000000
246
15.000000 -34.000000
-76.000000 -14.000000
90
-10.000000 -29.000000
56.000000 78.000000
152
-14.000000 79.000000
-82.000000 -5.000000
102
80.000000 -32.000000
-96.000000 -5.000000
91
-14.000000 -43.000000
-95.000000 -6.000000
87
-88.000000 -85.000000
52.000000 85.000000
68
79.000000 61.000000
-96.000000 81.000000
233
-20.000000 -49.000000
59.000000 53.000000
230
28.000000 67.000000
-94.000000 -31.000000
120
-84.000000 -17.000000
66.000000 -26.000000
116
-77.000000 6.000000
-63.000000 -12.000000
142
82.000000 49.000000
60.000000 59.000000
138
97.000000 45.000000
54.000000 79.000000
234
-75.000000 87.000000
-83.000000 -8.000000
151
82.000000 -24.000000
50.000000 -50.000000
184
-0.000000 69.000000
56.000000 -8.000000
192
61.000000 66.000000
-77.000000 -46.000000
190
27.000000 41.000000
75.000000 68.000000
129
11.000000 -50.000000
-87.000000 56.000000
100
10.000000 -48.000000
-53.000000 89.000000
80
-92.000000 -1.000000
70.000000 62.000000
207
93.000000 -49.000000
93.000000 83.000000
190
-57.000000 -1.000000
-63.000000 57.000000
71
65.000000 -40.000000
-66.000000 56.000000
198
4.000000 -55.000000
57.000000 74.000000
171
93.000000 42.000000
-92.000000 51.000000
209
11.000000 72.000000
-61.000000 58.000000
172
-75.000000 -97.000000
51.000000 54.000000
125
-29.000000 39.000000
56.000000 -30.000000
81
86.000000 9.000000
-79.000000 71.000000
165
-50.000000 97.000000
96.000000 -23.000000
206
76.000000 -47.000000
53.000000 69.000000
124
29.000000 83.000000
54.000000 -49.000000
148
-15.000000 -58.000000
75.000000 -1.000000
122
-98.000000 -27.000000
63.000000 66.000000
195
29.000000 -18.000000
71.000000 -24.000000
173
-95.000000 49.000000
65.000000 59.000000
97
-20.000000 10.000000
83.000000 -9.000000
107
97.000000 -59.000000
87.000000 59.000000
117
11.000000 -9.000000
79.000000 76.000000
121
-7.000000 -77.000000
99.000000 -49.000000
112
-92.000000 40.000000
96.000000 81.000000
247
-1.000000 -86.000000
67.000000 -12.000000
55
31.000000 -81.000000
59.000000 79.000000
174
-62.000000 -31.000000
90.000000 97.000000
68
-58.000000 76.000000
77.000000 -20.000000
228
-0.000000 -6.000000
93.000000 86.000000
135
-93.000000 -15.000000
54.000000 84.000000
149
97.000000 40.000000
-66.000000 -50.000000
173
11.000000 56.000000
86.000000 58.000000
56
-96.000000 -92.000000
72.000000 84.000000
184
-64.000000 76.000000
-74.000000 72.000000
138
-66.000000 -17.000000
-54.000000 57.000000
79
-3.000000 25.000000
80.000000 76.000000
206
84.000000 30.000000
81.000000 57.000000
91
26.000000 -21.000000
-78.000000 -24.000000
135
-80.000000 98.000000
82.000000 53.000000
91
-97.000000 2.000000
-95.000000 -50.000000
136
-21.000000 14.000000
-83.000000 71.000000
158
-30.000000 -60.000000
-80.000000 62.000000
161
-49.000000 44.000000
-84.000000 78.000000
118
85.000000 -62.000000
69.000000 -1.000000
157
92.000000 -1.000000
-94.000000 51.000000
68
-9.000000 -4.000000
-66.000000 -27.000000
62
-51.000000 -84.000000
90.000000 59.000000
237
-43.000000 -26.000000
-77.000000 83.000000
136
-85.000000 -83.000000
65.000000 97.000000
141
54.000000 98.000000
66.000000 67.000000
161
71.000000 4.000000
-87.000000 -10.000000
238
85.000000 -24.000000
97.000000 90.000000
177
43.000000 -65.000000
61.000000 -41.000000
242
66.000000 63.000000
98.000000 -4.000000
171
-97.000000 51.000000
76.000000 54.000000
244
-40.000000 -6.000000
76.000000 -22.000000
111
87.000000 -51.000000
-62.000000 -36.000000
177
-20.000000 -93.000000
-64.000000 90.000000
106
22.000000 -18.000000
55.000000 -35.000000
67
-3.000000 54.000000
-54.000000 -19.000000
119
-60.000000 85.000000
83.000000 -15.000000
91
-24.000000 85.000000
-65.000000 -16.000000
198
-50.000000 2.000000
74.000000 60.000000
160
-39.000000 31.000000
-63.000000 -28.000000
119
21.000000 15.000000
83.000000 55.000000
174
-75.000000 -16.000000
67.000000 -33.000000
144
24.000000 48.000000
-99.000000 96.000000
84
21.000000 33.000000
73.000000 -21.000000
200
48.000000 -61.000000
63.000000 -9.000000
130
-70.000000 97.000000
65.000000 -22.000000
181
32.000000 -27.000000
85.000000 70.000000
126
-66.000000 81.000000
-82.000000 -39.000000
82
93.000000 -45.000000
-98.000000 -38.000000
151
39.000000 35.000000
-98.000000 97.000000
249
-73.000000 -45.000000
-89.000000 -18.000000
185
84.000000 -80.000000
-55.000000 -5.000000
213
-18.000000 -78.000000
-68.000000 61.000000
188
1.000000 97.000000
71.000000 77.000000
134
52.000000 -45.000000
-66.000000 -29.000000
246
-71.000000 -68.000000
-52.000000 -31.000000
60
91.000000 -42.000000
84.000000 -30.000000
98
-98.000000 86.000000
-75.000000 -13.000000
62
-46.000000 -26.000000
-96.000000 -45.000000
60
-11.000000 -97.000000
51.000000 -13.000000
105
-24.000000 22.000000
-73.000000 92.000000
55
-76.000000 13.000000
73.000000 -31.000000
221
-62.000000 12.000000
-86.000000 -10.000000
244
-14.000000 73.000000
55.000000 75.000000
63
80.000000 -23.000000
56.000000 -14.000000
194
40.000000 -71.000000
-54.000000 54.000000
124
74.000000 -11.000000
74.000000 91.000000
203
53.000000 -45.000000
88.000000 -2.000000
215
-81.000000 13.000000
97.000000 -43.000000
175
4.000000 32.000000
82.000000 -30.000000
114
84.000000 9.000000
-70.000000 -49.000000
59
89.000000 47.000000
-96.000000 -37.000000
235
39.000000 67.000000
-50.000000 -48.000000
169
99.000000 -73.000000
-74.000000 52.000000
107
-69.000000 -36.000000
89.000000 -12.000000
184
-7.000000 16.000000
-92.000000 67.000000
182
-93.000000 -90.000000
-61.000000 -11.000000
191
62.000000 -69.000000
-97.000000 -11.000000
189
-44.000000 18.000000
62.000000 94.000000
114
-77.000000 42.000000
72.000000 -18.000000
84
-11.000000 -11.000000
67.000000 76.000000
204
43.000000 71.000000
-56.000000 -28.000000
165
-65.000000 1.000000
-96.000000 84.000000
190
-86.000000 89.000000
86.000000 -1.000000
71
-28.000000 53.000000
-54.000000 95.000000
56
84.000000 25.000000
58.000000 69.000000
160
74.000000 66.000000
-95.000000 74.000000
211
18.000000 90.000000
92.000000 91.000000
139
46.000000 26.000000
-68.000000 81.000000
133
-69.000000 -94.000000
81.000000 99.000000
178
29.000000 -93.000000
-76.000000 -5.000000
160
-62.000000 -18.000000
56.000000 81.000000
201
27.000000 72.000000
75.000000 79.000000
162
-22.000000 -31.000000
89.000000 -36.000000
72
-84.000000 -58.000000
-83.000000 -33.000000
171
-37.000000 -4.000000
-86.000000 -43.000000
154
-92.000000 -99.000000
85.000000 -28.000000
225
98.000000 -62.000000
70.000000 -17.000000
216
-43.000000 10.000000
-72.000000 96.000000
188
53.000000 45.000000
94.000000 91.000000
169
-3.000000 -6.000000
-83.000000 53.000000
65
-72.000000 80.000000
-92.000000 74.000000
158
-63.000000 -25.000000
68.000000 -24.000000
96
50.000000 -15.000000
89.000000 -19.000000
196
38.000000 69.000000
-58.000000 80.000000
226
33.000000 20.000000
96.000000 99.000000
190
69.000000 1.000000
-50.000000 97.000000
75
91.000000 94.000000
80.000000 -7.000000
174
5.000000 32.000000
-93.000000 -39.000000
180
46.000000 -7.000000
-71.000000 -9.000000
228
12.000000 -65.000000
83.000000 87.000000
232
-62.000000 75.000000
-56.000000 95.000000
113
9.000000 -86.000000
65.000000 58.000000
91
84.000000 -46.000000
88.000000 98.000000
67
-49.000000 27.000000
71.000000 53.000000
209
-66.000000 25.000000
-50.000000 -2.000000
178
88.000000 0.000000
78.000000 82.000000
122
13.000000 -8.000000
-75.000000 -24.000000
194
48.000000 39.000000
65.000000 83.000000
157
26.000000 32.000000
-51.000000 77.000000
194
-52.000000 -23.000000
60.000000 -40.000000
179
-66.000000 -3.000000
-97.000000 53.000000
110
-34.000000 56.000000
-91.000000 -47.000000
138
-11.000000 53.000000
-53.000000 89.000000
72
10.000000 -7.000000
53.000000 53.000000
79
-82.000000 29.000000
-74.000000 -42.000000
106
-71.000000 87.000000
88.000000 73.000000
129
-18.000000 -50.000000
-87.000000 82.000000
223
75.000000 13.000000
-77.000000 -47.000000
185
60.000000 -30.000000
-59.000000 56.000000
151
-25.000000 -97.000000
95.000000 -27.000000
185
56.000000 65.000000
66.000000 51.000000
136
-81.000000 -95.000000
-93.000000 55.000000
160
-43.000000 74.000000
-53.000000 52.000000
193
-94.000000 56.000000
50.000000 94.000000
233
81.000000 80.000000
-99.000000 98.000000
211
-56.000000 51.000000
56.000000 -48.000000
65
46.000000 -26.000000
64.000000 93.000000
222
-59.000000 96.000000
-63.000000 -31.000000
61
-94.000000 -21.000000
91.000000 -8.000000
223
-5.000000 4.000000
-67.000000 91.000000
85
72.000000 -94.000000
75.000000 73.000000
227
17.000000 -89.000000
97.000000 93.000000
148
-54.000000 -20.000000
-53.000000 -26.000000
212
-23.000000 -45.000000
-55.000000 57.000000
123
-29.000000 -65.000000
62.000000 -6.000000
144
24.000000 -20.000000
-75.000000 -33.000000
217
13.000000 96.000000
83.000000 63.000000
87
12.000000 -33.000000
87.000000 -33.000000
61
10.000000 38.000000
58.000000 -4.000000
75
-40.000000 -54.000000
-88.000000 89.000000
171
-18.000000 66.000000
-68.000000 -35.000000
236
-0.000000 -85.000000
59.000000 51.000000
122
-89.000000 18.000000
85.000000 50.000000
222
-23.000000 45.000000
87.000000 81.000000
123
-49.000000 56.000000
-97.000000 90.000000
111
99.000000 74.000000
87.000000 68.000000
100
76.000000 -70.000000
67.000000 -3.000000
174
-58.000000 -25.000000
50.000000 -41.000000
55
-46.000000 12.000000
77.000000 80.000000
114
-30.000000 75.000000
54.000000 88.000000
129
-45.000000 -47.000000
81.000000 77.000000
157
-66.000000 46.000000
-97.000000 94.000000
150
78.000000 95.000000
-92.000000 75.000000
134
-18.000000 -74.000000
-50.000000 56.000000
101
31.000000 98.000000
74.000000 -43.000000
57
28.000000 96.000000
-76.000000 -47.000000
154
-7.000000 75.000000
80.000000 84.000000
74
-3.000000 52.000000
-86.000000 89.000000
121
81.000000 -49.000000
-88.000000 -31.000000
247
12.000000 -67.000000
81.000000 68.000000
57
97.000000 52.000000
-82.000000 -36.000000
178
-77.000000 -48.000000
54.000000 54.000000
169
-36.000000 46.000000
57.000000 72.000000
100
-80.000000 -30.000000
88.000000 81.000000
158
27.000000 27.000000
-85.000000 90.000000
140
-4.000000 -36.000000
94.000000 -37.000000
231
27.000000 76.000000
-61.000000 98.000000
188
48.000000 -3.000000
93.000000 54.000000
82
93.000000 28.000000
-73.000000 86.000000
76
-84.000000 -82.000000
92.000000 67.000000
200
87.000000 -98.000000
84.000000 62.000000
171
83.000000 26.000000
53.000000 -50.000000
221
67.000000 -66.000000
76.000000 77.000000
128
-24.000000 79.000000
-69.000000 -15.000000
247
78.000000 35.000000
-92.000000 84.000000
152
-72.000000 75.000000
66.000000 64.000000
147
40.000000 -24.000000
-78.000000 64.000000
161
-35.000000 63.000000
91.000000 -50.000000
227
-22.000000 93.000000
-67.000000 -24.000000
87
-44.000000 -37.000000
77.000000 -35.000000
95
-92.000000 3.000000
-52.000000 -38.000000
159
69.000000 97.000000
99.000000 61.000000
148
-73.000000 -72.000000
55.000000 65.000000
133
-3.000000 -36.000000
-76.000000 82.000000
218
95.000000 -35.000000
-63.000000 -48.000000
78
-86.000000 35.000000
-58.000000 -48.000000
180
80.000000 -76.000000
-65.000000 -45.000000
196
-97.000000 -69.000000
84.000000 -48.000000
155
-34.000000 -1.000000
67.000000 99.000000
168
-82.000000 -31.000000
-94.000000 -31.000000
58
-99.000000 -55.000000
51.000000 68.000000
70
-68.000000 6.000000
-50.000000 96.000000
181
-65.000000 -14.000000
-67.000000 76.000000
182
13.000000 -70.000000
80.000000 93.000000
131
-89.000000 -98.000000
-87.000000 -45.000000
81
59.000000 -21.000000
70.000000 85.000000
82
23.000000 -80.000000
78.000000 -41.000000
56
-52.000000 88.000000
-60.000000 72.000000
211
-80.000000 -96.000000
-86.000000 -46.000000
239
9.000000 -92.000000
50.000000 -39.000000
160
-2.000000 61.000000
71.000000 94.000000
151
-96.000000 77.000000
69.000000 -28.000000
86
45.000000 73.000000
-73.000000 83.000000
137
-63.000000 -24.000000
-91.000000 -26.000000
162
-28.000000 -70.000000
-69.000000 94.000000
179
-83.000000 -51.000000
84.000000 -22.000000
206
-18.000000 -60.000000
-63.000000 -8.000000
56
99.000000 32.000000
-76.000000 92.000000
61
96.000000 -83.000000
-97.000000 -12.000000
229
-23.000000 -70.000000
99.000000 -27.000000
233
62.000000 -80.000000
88.000000 72.000000
227
-94.000000 -6.000000
66.000000 -18.000000
69
-98.000000 -67.000000
72.000000 -37.000000
186
11.000000 -13.000000
60.000000 74.000000
124
97.000000 45.000000
70.000000 57.000000
128
-24.000000 52.000000
-72.000000 -38.000000
182
27.000000 -35.000000
-85.000000 51.000000
196
9.000000 87.000000
-61.000000 -45.000000
70
-49.000000 -7.000000
-61.000000 -47.000000
55
70.000000 -78.000000
91.000000 88.000000
109
8.000000 -64.000000
-71.000000 87.000000
223
-56.000000 33.000000
54.000000 73.000000
113
-94.000000 -98.000000
-76.000000 -1.000000
186
-0.000000 -84.000000
-51.000000 71.000000
89
-92.000000 -20.000000
-54.000000 90.000000
81
-91.000000 14.000000
-74.000000 50.000000
213
-28.000000 -71.000000
62.000000 -31.000000
156
-40.000000 12.000000
-95.000000 -12.000000
89
86.000000 -3.000000
-77.000000 53.000000
190
48.000000 -41.000000
82.000000 -20.000000
205
19.000000 68.000000
-68.000000 -32.000000
225
9.000000 15.000000
-95.000000 71.000000
104
37.000000 33.000000
-76.000000 77.000000
228
20.000000 -11.000000
86.000000 85.000000
246
-69.000000 73.000000
60.000000 -50.000000
58
17.000000 -10.000000
-53.000000 -13.000000
132
17.000000 -49.000000
-50.000000 -48.000000
222
-86.000000 -79.000000
-95.000000 -20.000000
69
-77.000000 -82.000000
62.000000 -46.000000
168
33.000000 68.000000
-68.000000 75.000000
76
-45.000000 5.000000
64.000000 87.000000
235
16.000000 -35.000000
-83.000000 94.000000
216
86.000000 -64.000000
67.000000 69.000000
90
95.000000 41.000000
65.000000 -3.000000
92
-57.000000 20.000000
-73.000000 77.000000
112
-3.000000 -83.000000
88.000000 -15.000000
76
98.000000 -52.000000
-90.000000 79.000000
89
66.000000 95.000000
-97.000000 84.000000
88
21.000000 -67.000000
85.000000 50.000000
178
-98.000000 90.000000
-67.000000 -6.000000
116
-17.000000 -10.000000
67.000000 76.000000
168
60.000000 -28.000000
-89.000000 -17.000000
127
29.000000 84.000000
62.000000 -7.000000
220
59.000000 -49.000000
-85.000000 91.000000
218
35.000000 19.000000
98.000000 90.000000
183
0.000000 25.000000
84.000000 -16.000000
146
-8.000000 57.000000
-88.000000 -39.000000
179
-24.000000 -78.000000
84.000000 86.000000
179
37.000000 34.000000
70.000000 -49.000000
123
-21.000000 73.000000
-79.000000 -3.000000
245
26.000000 -69.000000
-74.000000 -6.000000
182
-10.000000 -60.000000
-79.000000 -37.000000
138
92.000000 68.000000
-65.000000 83.000000
180
55.000000 99.000000
-74.000000 55.000000
114
9.000000 -20.000000
-64.000000 94.000000
52
87.000000 49.000000
-82.000000 -17.000000
179
-34.000000 67.000000
-54.000000 93.000000
226
-33.000000 74.000000
50.000000 -16.000000
211
-46.000000 89.000000
80.000000 -44.000000
146
-75.000000 76.000000
91.000000 -5.000000
113
-2.000000 63.000000
75.000000 75.000000
204
-94.000000 42.000000
99.000000 -39.000000
155
51.000000 -12.000000
85.000000 -37.000000
129
23.000000 -57.000000
74.000000 76.000000
201
-21.000000 -93.000000
94.000000 -11.000000
205
9.000000 -95.000000
53.000000 58.000000
109
-29.000000 86.000000
-91.000000 65.000000
121
43.000000 -17.000000
91.000000 56.000000
81
-25.000000 32.000000
-99.000000 97.000000
230
-53.000000 95.000000
84.000000 -10.000000
176
63.000000 -79.000000
95.000000 68.000000
81
39.000000 -37.000000
-95.000000 -37.000000
240
39.000000 17.000000
53.000000 -1.000000
183
41.000000 -16.000000
57.000000 70.000000
162
2.000000 -83.000000
55.000000 -40.000000
147
52.000000 -46.000000
77.000000 92.000000
205
62.000000 -70.000000
-99.000000 -39.000000
125
51.000000 44.000000
61.000000 98.000000
232
-12.000000 44.000000
-95.000000 -32.000000
229
-22.000000 1.000000
-71.000000 -43.000000
183
-40.000000 76.000000
-52.000000 -42.000000
203
19.000000 26.000000
72.000000 -26.000000
160
17.000000 -59.000000
62.000000 -33.000000
162
-77.000000 -84.000000
59.000000 75.000000
204
-73.000000 14.000000
89.000000 -42.000000
128
46.000000 30.000000
-59.000000 -1.000000
80
-58.000000 65.000000
-57.000000 -14.000000
134
-14.000000 51.000000
81.000000 79.000000
54
22.000000 -34.000000
62.000000 72.000000
111
1.000000 74.000000
63.000000 -11.000000
143
-98.000000 -72.000000
73.000000 76.000000
243
46.000000 -70.000000
97.000000 -49.000000
157
-22.000000 61.000000
-76.000000 54.000000
185
53.000000 33.000000
-74.000000 -2.000000
157
93.000000 -88.000000
-80.000000 53.000000
112
-30.000000 17.000000
-51.000000 90.000000
63
74.000000 -97.000000
87.000000 76.000000
248
56.000000 68.000000
71.000000 -32.000000
146
25.000000 32.000000
-76.000000 54.000000
146
-63.000000 84.000000
-73.000000 81.000000
232
84.000000 73.000000
-82.000000 73.000000
82
-37.000000 73.000000
96.000000 -46.000000
177
10.000000 54.000000
65.000000 63.000000
77
-94.000000 71.000000
-89.000000 -37.000000
222
25.000000 -3.000000
-75.000000 -6.000000
152
54.000000 98.000000
-90.000000 -34.000000
198
62.000000 85.000000
-59.000000 58.000000
118
7.000000 -10.000000
59.000000 -44.000000
125
41.000000 -6.000000
67.000000 -28.000000
221
92.000000 2.000000
64.000000 -23.000000
139
-52.000000 -69.000000
-96.000000 -35.000000
116
-62.000000 27.000000
-94.000000 66.000000
206
58.000000 49.000000
67.000000 50.000000
226
-20.000000 48.000000
93.000000 -11.000000
138
-39.000000 -51.000000
-81.000000 -46.000000
167
-98.000000 -67.000000
-81.000000 56.000000
198
52.000000 82.000000
-80.000000 -2.000000
64
-93.000000 5.000000
84.000000 85.000000
176
36.000000 85.000000
-53.000000 -47.000000
150
31.000000 51.000000
54.000000 -6.000000
229
68.000000 29.000000
87.000000 91.000000
186
-90.000000 9.000000
75.000000 59.000000
184
-15.000000 -69.000000
50.000000 -30.000000
224
80.000000 -31.000000
80.000000 -44.000000
60
49.000000 -32.000000
61.000000 -50.000000
85
-1.000000 -91.000000
-90.000000 84.000000
88
61.000000 -70.000000
76.000000 88.000000
98
1.000000 45.000000
-59.000000 65.000000
243
-35.000000 84.000000
-70.000000 88.000000
137
-94.000000 40.000000
94.000000 78.000000
142
93.000000 84.000000
83.000000 -50.000000
92
-78.000000 -76.000000
-56.000000 53.000000
64
-82.000000 -8.000000
-92.000000 88.000000
170
46.000000 -44.000000
-81.000000 99.000000
198
-8.000000 -9.000000
81.000000 -5.000000
181
56.000000 6.000000
54.000000 -16.000000
241
12.000000 96.000000
62.000000 -30.000000
128
-12.000000 63.000000
72.000000 -49.000000
228
98.000000 1.000000
90.000000 94.000000
208
-42.000000 -94.000000
50.000000 69.000000
140
1.000000 27.000000
-70.000000 -35.000000
244
-50.000000 -1.000000
-79.000000 54.000000
182
-1.000000 -3.000000
-58.000000 75.000000
145
-83.000000 -28.000000
70.000000 92.000000
101
-80.000000 13.000000
59.000000 -27.000000
90
79.000000 -98.000000
81.000000 90.000000
238
-3.000000 7.000000
-88.000000 92.000000
162
63.000000 -76.000000
-62.000000 -50.000000
211
69.000000 -98.000000
-69.000000 -29.000000
197
-5.000000 -31.000000
-74.000000 -4.000000
164
-79.000000 42.000000
70.000000 -32.000000
217
81.000000 -5.000000
-88.000000 61.000000
127
80.000000 95.000000
-50.000000 -49.000000
216
-67.000000 -71.000000
-69.000000 -8.000000
130
-80.000000 -86.000000
-86.000000 -26.000000
106
-57.000000 -90.000000
50.000000 -20.000000
183
-6.000000 19.000000
-55.000000 -50.000000
97
96.000000 16.000000
81.000000 -6.000000
242
-87.000000 26.000000
92.000000 77.000000
154
-80.000000 24.000000
-63.000000 -32.000000
59
46.000000 20.000000
-68.000000 -21.000000
99
99.000000 84.000000
67.000000 89.000000
65
-61.000000 41.000000
-77.000000 94.000000
80
-85.000000 86.000000
-92.000000 87.000000
229
8.000000 -99.000000
-98.000000 -37.000000
162
-40.000000 36.000000
66.000000 99.000000
155
6.000000 28.000000
96.000000 -38.000000
162
-21.000000 94.000000
-85.000000 51.000000
214
5.000000 -8.000000
62.000000 89.000000
165
14.000000 -73.000000
86.000000 87.000000
102
-62.000000 11.000000
-98.000000 88.000000
167
-69.000000 99.000000
-70.000000 59.000000
210
2.000000 86.000000
-68.000000 -31.000000
203
51.000000 -10.000000
75.000000 -1.000000
235
-50.000000 -91.000000
-78.000000 74.000000
209
43.000000 -50.000000
67.000000 -2.000000
158
-59.000000 30.000000
86.000000 82.000000
147
24.000000 -31.000000
66.000000 -33.000000
175
14.000000 19.000000
-73.000000 -42.000000
73
25.000000 12.000000
81.000000 -30.000000
233
-30.000000 78.000000
51.000000 -22.000000
122
-0.000000 -2.000000
91.000000 84.000000
165
38.000000 17.000000
-68.000000 52.000000
198
-6.000000 17.000000
83.000000 -14.000000
181
-75.000000 -40.000000
-63.000000 70.000000
174
-41.000000 -72.000000
77.000000 -40.000000
131
-8.000000 55.000000
-64.000000 -10.000000
53
19.000000 17.000000
-73.000000 -32.000000
107
6.000000 -66.000000
83.000000 -27.000000
159
14.000000 -14.000000
-56.000000 96.000000
78
-73.000000 -71.000000
96.000000 -16.000000
172
7.000000 33.000000
51.000000 76.000000
231
95.000000 2.000000
78.000000 68.000000
234
-38.000000 -14.000000
-68.000000 -2.000000
192
74.000000 22.000000
53.000000 57.000000
58
-29.000000 -14.000000
-93.000000 -43.000000
153
22.000000 -29.000000
-54.000000 -32.000000
197
-73.000000 -61.000000
-78.000000 -45.000000
56
-10.000000 -12.000000
52.000000 -29.000000
125
98.000000 -87.000000
-64.000000 93.000000
70
-35.000000 -13.000000
88.000000 74.000000
126
-29.000000 87.000000
-56.000000 68.000000
59
80.000000 -23.000000
-99.000000 -18.000000
134
-93.000000 -1.000000
58.000000 57.000000
131
59.000000 26.000000
84.000000 -5.000000
237
81.000000 22.000000
62.000000 72.000000
109
36.000000 -5.000000
-85.000000 -24.000000
134
-56.000000 -94.000000
88.000000 86.000000
61
54.000000 5.000000
-75.000000 99.000000
124
-47.000000 -2.000000
99.000000 52.000000
149
-50.000000 78.000000
-71.000000 78.000000
146
-88.000000 -38.000000
55.000000 -50.000000
66
47.000000 8.000000
-81.000000 74.000000
96
-93.000000 54.000000
-55.000000 -32.000000
205
-10.000000 -65.000000
54.000000 -3.000000
155
-99.000000 71.000000
86.000000 -36.000000
243
32.000000 32.000000
-73.000000 88.000000
241
-76.000000 2.000000
-69.000000 -34.000000
82
-81.000000 -74.000000
-79.000000 -42.000000
203
3.000000 -50.000000
80.000000 -33.000000
175
68.000000 -53.000000
-74.000000 -24.000000
237
20.000000 -10.000000
-75.000000 77.000000
68
-68.000000 64.000000
75.000000 -10.000000
121
69.000000 -60.000000
56.000000 72.000000
168
4.000000 77.000000
-89.000000 -46.000000
186
-47.000000 97.000000
85.000000 -11.000000
228
66.000000 -39.000000
81.000000 -2.000000
59
79.000000 73.000000
98.000000 72.000000
80
-29.000000 -57.000000
95.000000 76.000000
193
55.000000 -82.000000
81.000000 -30.000000
189
75.000000 -18.000000
-59.000000 -11.000000
239
30.000000 -85.000000
-97.000000 -6.000000
236
80.000000 1.000000
-52.000000 -31.000000
84
68.000000 93.000000
-59.000000 83.000000
123
8.000000 76.000000
98.000000 -40.000000
89
-80.000000 -7.000000
-75.000000 -19.000000
238
-21.000000 -39.000000
93.000000 76.000000
171
36.000000 -27.000000
62.000000 98.000000
72
2.000000 7.000000
-77.000000 73.000000
113
42.000000 46.000000
55.000000 81.000000
200
11.000000 93.000000
54.000000 81.000000
80
-96.000000 65.000000
92.000000 56.000000
186
-55.000000 -26.000000
-81.000000 -21.000000
81
91.000000 -5.000000
-69.000000 -34.000000
177
65.000000 -1.000000
80.000000 -44.000000
171
-26.000000 95.000000
-88.000000 -34.000000
141
6.000000 37.000000
62.000000 -4.000000
96
33.000000 -57.000000
51.000000 76.000000
231
79.000000 -65.000000
-66.000000 -12.000000
235
-92.000000 -78.000000
-77.000000 96.000000
228
-82.000000 -57.000000
-88.000000 -12.000000
136
-46.000000 14.000000
74.000000 -7.000000
177
50.000000 45.000000
-74.000000 -24.000000
208
-25.000000 -57.000000
-70.000000 84.000000
194
-21.000000 -27.000000
-62.000000 93.000000
141
-25.000000 -3.000000
-81.000000 63.000000
202
-2.000000 93.000000
78.000000 -21.000000
115
54.000000 36.000000
-54.000000 -36.000000
80
-73.000000 -2.000000
73.000000 -5.000000
204
-51.000000 -99.000000
-55.000000 -44.000000
202
-69.000000 -36.000000
57.000000 -27.000000
223
-53.000000 42.000000
-98.000000 64.000000
93
-73.000000 89.000000
-99.000000 -17.000000
243
-53.000000 22.000000
98.000000 81.000000
66
-24.000000 55.000000
-84.000000 84.000000
200
63.000000 82.000000
-99.000000 51.000000
133
22.000000 36.000000
-83.000000 -30.000000
50
-82.000000 -75.000000
65.000000 53.000000
211
-22.000000 53.000000
69.000000 52.000000
186
85.000000 19.000000
75.000000 -32.000000
205
5.000000 -44.000000
78.000000 61.000000
157
93.000000 55.000000
-92.000000 -25.000000
166
-96.000000 77.000000
-50.000000 71.000000
147
99.000000 35.000000
99.000000 -6.000000
148
-54.000000 -54.000000
57.000000 74.000000
154
37.000000 72.000000
89.000000 -37.000000
210
85.000000 17.000000
66.000000 67.000000
184
-25.000000 -3.000000
-57.000000 63.000000
220
14.000000 86.000000
-79.000000 58.000000
166
96.000000 68.000000
67.000000 -43.000000
146
8.000000 5.000000
69.000000 97.000000
135
-64.000000 -15.000000
-53.000000 95.000000
211
-12.000000 55.000000
70.000000 88.000000
59
-85.000000 99.000000
-56.000000 -5.000000
226
-26.000000 28.000000
78.000000 71.000000
133
-73.000000 -28.000000
53.000000 -31.000000
80
-50.000000 5.000000
-52.000000 61.000000
234
71.000000 -32.000000
87.000000 95.000000
153
64.000000 75.000000
83.000000 -31.000000
148
-89.000000 25.000000
57.000000 -31.000000
215
26.000000 -98.000000
-55.000000 -27.000000
190
-50.000000 37.000000
57.000000 -3.000000
158
-18.000000 -36.000000
-76.000000 68.000000
106
92.000000 -79.000000
-72.000000 -15.000000
208
-44.000000 17.000000
-60.000000 64.000000
66
-26.000000 51.000000
-79.000000 -48.000000
88
15.000000 -64.000000
-66.000000 97.000000
137
58.000000 2.000000
-54.000000 -13.000000
199
-8.000000 -73.000000
-65.000000 60.000000
178
68.000000 34.000000
92.000000 -34.000000
232
78.000000 -94.000000
-92.000000 59.000000
185
84.000000 27.000000
86.000000 -1.000000
55
-28.000000 -12.000000
61.000000 -9.000000
99
-90.000000 48.000000
61.000000 -46.000000
56
77.000000 -9.000000
-81.000000 -38.000000
104
96.000000 -26.000000
-62.000000 -4.000000
95
-13.000000 45.000000
-85.000000 -2.000000
229
20.000000 84.000000
67.000000 -47.000000
119
-62.000000 -73.000000
-76.000000 57.000000
192
81.000000 81.000000
91.000000 -47.000000
231
65.000000 -16.000000
-66.000000 -31.000000
213
13.000000 -73.000000
-57.000000 54.000000
203
-47.000000 -5.000000
-78.000000 -7.000000
158
59.000000 -61.000000
-61.000000 81.000000
164
23.000000 -21.000000
-97.000000 70.000000
208
44.000000 41.000000
93.000000 -21.000000
50
-74.000000 50.000000
-70.000000 -31.000000
74
54.000000 -64.000000
54.000000 -2.000000
224
-91.000000 -58.000000
61.000000 -26.000000
98
-26.000000 18.000000
-97.000000 68.000000
53
20.000000 -88.000000
70.000000 -34.000000
97
81.000000 74.000000
91.000000 61.000000
238
11.000000 -8.000000
84.000000 -37.000000
247
-79.000000 -18.000000
93.000000 73.000000
248
45.000000 91.000000
72.000000 -18.000000
210
-92.000000 -36.000000
-90.000000 -15.000000
199
35.000000 -19.000000
97.000000 -3.000000
92
82.000000 30.000000
-75.000000 -43.000000
175
-58.000000 -75.000000
-80.000000 -40.000000
71
64.000000 -17.000000
54.000000 98.000000
191
-62.000000 25.000000
52.000000 96.000000
135
84.000000 95.000000
82.000000 81.000000
218
-9.000000 68.000000
53.000000 68.000000
88
-6.000000 47.000000
-53.000000 67.000000
222
99.000000 -31.000000
52.000000 -12.000000
188
8.000000 -60.000000
89.000000 -39.000000
77
-13.000000 -79.000000
76.000000 55.000000
73
-12.000000 -50.000000
74.000000 -18.000000
91
-4.000000 81.000000
-77.000000 -35.000000
160
-12.000000 -86.000000
79.000000 -34.000000
176
74.000000 37.000000
-75.000000 -38.000000
157
9.000000 -80.000000
-78.000000 92.000000
129
-74.000000 -75.000000
-99.000000 -21.000000
130
-66.000000 68.000000
-71.000000 63.000000
242
80.000000 47.000000
-66.000000 -19.000000
86
-49.000000 -80.000000
-85.000000 60.000000
172
-67.000000 49.000000
-95.000000 -34.000000
106
-33.000000 -75.000000
97.000000 84.000000
169
-24.000000 41.000000
-78.000000 -14.000000
71
-68.000000 -21.000000
-60.000000 82.000000
234
-48.000000 5.000000
96.000000 -15.000000
219
-59.000000 82.000000
77.000000 93.000000
54
-2.000000 88.000000
79.000000 -29.000000
167
30.000000 97.000000
82.000000 81.000000
223
27.000000 -67.000000
-99.000000 -25.000000
174
96.000000 17.000000
74.000000 -3.000000
220
37.000000 61.000000
-58.000000 -15.000000
97
-41.000000 -98.000000
52.000000 70.000000
60
91.000000 32.000000
-53.000000 -23.000000
246
57.000000 -52.000000
61.000000 -12.000000
132
52.000000 77.000000
-67.000000 -22.000000
228
88.000000 52.000000
57.000000 88.000000
128
-79.000000 -6.000000
62.000000 -47.000000
97
-16.000000 -59.000000
95.000000 70.000000
225
-76.000000 53.000000
69.000000 68.000000
222
69.000000 -70.000000
79.000000 97.000000
126
56.000000 88.000000
-54.000000 -25.000000
170
-16.000000 0.000000
54.000000 69.000000
150
-32.000000 88.000000
82.000000 -8.000000
223
27.000000 -52.000000
86.000000 62.000000
73
42.000000 36.000000
74.000000 -46.000000
230
-33.000000 7.000000
-92.000000 -22.000000
101
93.000000 -17.000000
72.000000 76.000000
130
-30.000000 -68.000000
-86.000000 79.000000
241
-25.000000 -97.000000
64.000000 -30.000000
191
33.000000 71.000000
67.000000 91.000000
82
39.000000 86.000000
-99.000000 76.000000
163
52.000000 -33.000000
51.000000 -46.000000
188
68.000000 64.000000
91.000000 74.000000
183
19.000000 97.000000
73.000000 -46.000000
205
75.000000 -7.000000
-74.000000 57.000000
89
-75.000000 -39.000000
-97.000000 -49.000000
201
-0.000000 91.000000
96.000000 52.000000
72
-46.000000 -76.000000
58.000000 66.000000
225
58.000000 43.000000
-59.000000 -47.000000
147
8.000000 86.000000
-92.000000 -26.000000
213
49.000000 -10.000000
-80.000000 77.000000
224
-64.000000 -50.000000
86.000000 62.000000
81
14.000000 -31.000000
89.000000 -6.000000
73
-24.000000 0.000000
64.000000 -12.000000
101
12.000000 24.000000
64.000000 -45.000000
148
-94.000000 92.000000
90.000000 52.000000
246
30.000000 -89.000000
88.000000 75.000000
146
70.000000 13.000000
80.000000 80.000000
131
14.000000 64.000000
58.000000 90.000000
236
71.000000 60.000000
-88.000000 97.000000
172
62.000000 -96.000000
-66.000000 -38.000000
201
34.000000 -93.000000
-88.000000 73.000000
173
-39.000000 23.000000
-84.000000 -42.000000
194
-55.000000 -81.000000
69.000000 52.000000
216
47.000000 -40.000000
80.000000 -42.000000
132
-22.000000 -12.000000
-76.000000 98.000000
80
-47.000000 75.000000
76.000000 -21.000000
157
-55.000000 -80.000000
96.000000 94.000000
180
13.000000 3.000000
60.000000 82.000000
88
49.000000 30.000000
-60.000000 -24.000000
176
10.000000 63.000000
-79.000000 54.000000
212
52.000000 0.000000
-97.000000 55.000000
106
-28.000000 -35.000000
75.000000 -15.000000
155
-2.000000 72.000000
-63.000000 73.000000
133
-86.000000 29.000000
-93.000000 76.000000
196
89.000000 67.000000
-52.000000 -4.000000
80
28.000000 83.000000
93.000000 71.000000
161
58.000000 -21.000000
93.000000 -33.000000
61
-74.000000 31.000000
-71.000000 -27.000000
129
50.000000 16.000000
77.000000 -13.000000
70
-94.000000 -65.000000
-87.000000 -6.000000
148
11.000000 22.000000
-60.000000 -25.000000
140
90.000000 93.000000
77.000000 94.000000
131
9.000000 -76.000000
92.000000 87.000000
79
78.000000 -75.000000
87.000000 76.000000
99
6.000000 4.000000
84.000000 68.000000
128
73.000000 -78.000000
-71.000000 95.000000
83
-49.000000 -6.000000
-65.000000 -35.000000
81
95.000000 39.000000
95.000000 -18.000000
187
80.000000 -29.000000
-83.000000 -5.000000
249
-44.000000 -79.000000
62.000000 87.000000
101
92.000000 -19.000000
97.000000 80.000000
106
36.000000 -17.000000
-86.000000 -5.000000
147
-4.000000 88.000000
81.000000 -31.000000
74
50.000000 -67.000000
-62.000000 -32.000000
73
94.000000 36.000000
81.000000 -15.000000
156
-13.000000 82.000000
-88.000000 -34.000000
127
61.000000 -25.000000
-52.000000 56.000000
229
-0.000000 -46.000000
65.000000 80.000000
156
-48.000000 -75.000000
-95.000000 90.000000
195
-52.000000 -0.000000
-91.000000 -15.000000
200
27.000000 -51.000000
-82.000000 89.000000
200
-75.000000 53.000000
-57.000000 51.000000
222
96.000000 35.000000
85.000000 -18.000000
242
31.000000 -76.000000
-55.000000 -44.000000
62
23.000000 -28.000000
-55.000000 76.000000
53
38.000000 90.000000
60.000000 82.000000
153
67.000000 -18.000000
92.000000 78.000000
78
-17.000000 17.000000
55.000000 -8.000000
219
57.000000 55.000000
99.000000 -30.000000
235
52.000000 -69.000000
-91.000000 -33.000000
