6.6743e-11 1000 200
5346
93 83
9 9
3792
2 83
8 2
4599
92 12
7 2
4024
10 54
3 9
8306
68 72
4 8
7141
0 60
5 7
8053
80 65
4 9
9689
67 91
5 1
8238
27 43
5 2
8527
62 6
8 7
3665
0 95
4 3
7476
6 26
5 6
9452
10 82
1 2
10846
24 22
5 4
9540
8 52
4 9
3916
93 98
5 8
9473
83 43
8 5
2429
6 1
7 5
4251
59 87
0 3
7192
94 59
3 9
10459
77 61
0 8
8664
79 36
4 9
7166
9 34
9 9
6137
60 30
6 3
9989
5 46
9 1
9177
18 93
4 1
1544
75 31
1 3
2408
87 89
0 7
10601
84 5
7 2
9543
37 99
4 3
5855
92 45
6 1
1351
39 38
0 1
10006
93 17
3 1
10344
84 89
8 3
8935
34 36
8 1
4241
49 15
0 0
7343
15 86
9 7
9061
37 38
1 3
10799
81 59
2 4
6224
82 40
3 8
1362
59 95
7 6
5357
34 89
2 8
3204
58 1
0 2
2057
78 85
0 6
5842
1 98
2 5
5194
83 99
9 8
1506
55 90
9 8
4574
80 27
6 8
2752
39 64
8 2
1780
74 19
8 0
9264
16 4
9 8
10958
30 12
2 3
10590
34 52
0 7
6325
49 23
1 6
3935
47 10
3 5
2936
44 7
7 2
6662
22 78
6 0
7053
8 41
4 4
7452
86 74
3 7
2108
46 64
2 8
9529
33 45
0 6
3106
79 64
6 2
2797
5 17
7 1
4001
40 24
8 2
4075
34 14
3 3
4357
70 74
4 5
7892
29 84
1 5
5102
25 83
6 1
6504
3 30
3 9
3702
78 10
4 3
1338
91 70
3 5
5896
9 34
0 6
9793
74 59
6 3
1087
20 77
8 5
10058
41 69
8 3
8594
40 15
0 4
3217
80 63
0 8
3916
74 4
3 5
1464
82 71
4 1
2970
71 78
3 2
4581
64 0
5 2
3094
81 17
1 5
3491
56 52
2 2
1948
16 40
5 3
6691
36 87
0 5
10382
9 96
8 5
8404
91 87
1 9
9256
30 63
0 9
7724
54 81
5 0
2766
45 81
4 5
9162
43 26
2 9
2374
0 33
9 5
2238
78 39
0 1
7539
76 38
7 2
1926
60 46
8 3
3517
59 99
6 4
1963
65 77
8 9
7869
61 33
0 9
10752
59 59
1 0
9472
31 22
6 8
2510
42 74
7 3
5520
59 40
5 0
2297
32 95
4 2
10112
39 83
2 3
1759
64 26
8 1
6357
82 43
3 8
7278
69 50
3 2
2729
14 93
5 8
4821
20 37
2 5
9627
35 17
0 8
10940
68 78
1 4
5429
96 61
1 3
5991
51 94
6 0
6825
59 89
9 1
8484
67 12
9 7
9519
86 84
2 4
9928
32 94
0 9
7285
11 30
3 3
6964
39 24
5 6
1006
74 93
6 7
9004
0 54
1 1
1469
47 42
6 5
7401
43 35
4 4
1593
14 71
5 7
9260
29 21
7 9
3766
82 57
7 1
4818
81 97
8 0
4844
62 39
6 3
8658
82 44
0 3
3318
54 47
4 3
2159
25 45
6 0
2015
6 7
0 7
3633
97 68
8 6
2717
30 62
5 9
10676
1 89
3 0
3732
42 29
4 6
7446
11 97
7 3
1607
96 38
8 3
10496
8 46
4 3
9898
26 10
9 8
10731
79 57
7 3
9074
48 17
5 6
6062
4 62
7 3
5993
28 33
8 0
6668
45 86
2 6
7861
42 26
5 8
3284
64 19
4 3
10231
73 89
5 2
7280
19 94
0 4
7256
5 30
0 4
9403
58 52
0 0
6790
7 62
0 3
9614
21 17
2 8
7826
73 61
3 1
1878
40 84
8 7
10160
50 5
0 7
2370
94 20
3 9
10727
35 71
4 4
9385
73 0
8 8
9457
39 36
8 0
4033
72 60
7 3
6892
63 85
2 5
7905
74 65
6 1
8947
18 78
4 2
6174
64 19
0 0
8342
66 9
2 2
7606
52 67
2 0
3762
77 23
0 7
10731
35 34
5 5
4234
64 53
7 4
1228
59 78
0 3
6589
40 87
1 7
4932
88 14
4 6
2632
19 98
7 9
2189
61 40
8 7
7047
3 11
5 3
6942
45 43
8 1
8276
76 42
0 6
4949
64 0
6 0
5960
87 22
2 0
2466
24 69
8 8
6522
9 27
2 7
2924
85 20
3 0
3274
16 98
4 2
9118
66 3
3 4
7954
68 94
6 1
9400
48 60
8 6
6646
67 51
8 6
7009
48 32
4 4
3222
52 20
4 0
9218
78 8
4 4
5623
88 39
2 1
9915
92 43
2 5
10932
23 61
9 9
6703
2 60
5 4
7408
27 78
8 3
4154
28 31
8 4
3122
59 7
1 0
1443
94 77
4 6
3466
6 20
2 1
3627
32 45
1 1
3139
79 90
3 7
3147
86 73
7 5
8806
16 49
1 5
9067
41 9
7 4
3985
17 32
4 1
5789
71 71
2 2
3972
42 61
0 3
5497
53 50
7 6
5262
26 42
8 9
2037
69 46
0 8
4566
93 64
7 5
7919
30 77
1 2
1083
12 66
9 7
3245
71 75
1 0
2448
5 13
2 6
8613
38 63
4 2
2351
10 0
6 6
9969
13 15
9 0
10864
75 83
2 8
1196
87 25
6 7
2850
41 15
1 6
3433
56 21
6 3
7002
56 74
0 2
6792
37 34
4 7
8598
69 73
4 3
4081
79 69
8 1
1307
3 23
1 8
7996
53 81
7 5
6309
31 7
2 7
4454
6 62
9 3
10892
45 42
7 3
3899
89 46
7 8
8277
43 38
6 3
4174
20 81
6 9
1077
94 40
8 0
1666
20 14
0 4
7991
52 16
9 6
1071
75 87
8 0
5495
56 90
3 8
7342
4 64
4 2
7943
84 39
0 7
2294
66 55
9 6
3676
95 58
6 0
2576
86 4
6 1
2104
6 98
8 0
9981
53 2
7 8
6649
8 81
0 5
4608
25 80
6 7
8756
56 55
8 3
6055
92 79
2 1
9360
81 45
5 7
6369
59 0
8 4
1128
71 23
9 7
4041
41 97
6 8
8639
32 74
7 6
7320
8 51
4 4
9191
89 24
3 4
2446
96 45
2 7
2786
95 86
3 8
4056
72 51
2 9
9049
96 89
5 1
8426
88 53
9 6
3132
45 77
3 3
1489
99 19
6 7
6571
14 23
1 8
6489
85 27
6 2
4407
65 63
6 5
8802
1 33
0 0
2870
49 74
7 5
7803
66 56
3 4
4795
17 77
7 1
2950
74 51
5 5
9403
28 94
0 8
6924
83 23
3 5
3155
40 47
4 5
5587
23 60
4 6
8516
43 1
2 5
1490
65 88
5 7
3730
70 20
0 8
1172
63 34
1 7
6629
10 63
0 9
5525
80 56
4 8
3094
15 16
2 7
10430
42 79
6 5
6717
68 26
6 9
10609
23 11
1 4
4486
86 53
4 7
8306
83 74
2 6
4897
38 32
9 5
4592
0 95
2 6
2397
68 4
3 5
9157
7 26
1 2
9578
56 18
7 4
8831
41 22
8 4
7815
40 63
8 6
10261
23 50
7 1
6366
41 10
8 6
2236
54 95
9 5
1205
98 25
1 2
10917
63 45
9 9
6571
74 26
2 3
5403
83 24
8 8
3020
48 96
5 3
6376
30 1
7 3
6110
74 88
2 0
1416
47 29
0 1
9258
67 3
8 3
2699
43 36
6 2
10533
63 54
7 3
5298
21 62
5 0
9970
85 42
2 4
4888
84 12
4 7
9424
47 46
9 1
2817
67 43
5 2
3033
32 45
9 8
1851
41 46
9 2
5086
21 42
7 3
8024
99 11
9 0
5143
45 84
8 2
1476
71 12
4 5
10348
70 80
9 0
8701
27 32
4 4
2106
99 32
5 8
10738
67 4
4 9
7218
48 85
7 5
4276
91 43
8 7
7916
18 96
8 8
5947
60 39
5 5
9217
17 33
1 8
7872
65 6
5 1
4629
80 61
6 0
8660
19 58
8 1
10209
6 67
7 8
1534
96 27
4 7
8881
88 16
4 0
7349
90 23
6 7
9837
28 48
8 8
10704
89 30
3 6
10747
1 85
5 3
4010
93 87
6 7
3899
2 40
3 7
1586
66 89
8 8
2484
56 66
6 2
9387
66 69
5 6
1299
82 23
8 2
10848
67 63
2 1
7054
14 40
0 6
7957
21 95
3 5
2229
41 60
2 7
10077
41 24
0 5
6138
75 95
9 1
1303
14 69
2 3
9736
54 77
5 3
7334
32 60
8 5
8708
48 36
4 9
3572
50 79
4 4
10451
21 4
5 8
10621
94 34
7 5
6156
86 24
7 1
1271
39 97
5 4
6779
41 12
3 7
2067
92 0
6 8
8267
70 21
9 8
10896
85 61
7 2
8542
73 51
4 8
8752
11 52
8 3
5516
20 23
2 0
6333
2 29
7 6
2920
20 45
5 3
8672
47 91
3 7
1896
36 52
2 9
8250
36 73
6 2
9144
39 30
2 4
10094
22 50
8 8
9021
25 69
4 2
6910
55 66
3 7
9840
27 53
4 7
9260
47 27
9 8
6164
72 93
9 5
1664
11 49
8 8
3839
19 60
4 6
1783
20 27
4 8
2195
90 30
7 3
5664
35 35
3 4
1276
28 28
5 0
10038
37 65
5 9
4935
67 41
7 6
8621
84 89
9 3
1521
9 41
4 1
3617
51 27
1 4
6986
19 32
3 5
10907
50 53
2 4
10205
43 31
7 3
1753
78 46
0 7
5209
81 58
9 8
6297
49 87
3 0
10840
76 86
1 0
5009
6 19
3 9
2161
46 16
9 6
10083
36 9
7 3
4928
57 22
0 1
5779
80 58
0 8
3223
96 68
0 1
1250
99 12
1 6
6314
88 69
6 0
5429
35 95
8 7
9434
30 45
6 2
7023
16 23
1 5
7926
19 30
2 5
10400
94 25
3 1
6018
3 18
8 8
9581
26 39
7 8
7634
2 3
7 7
10761
70 92
7 7
2073
77 56
1 2
9959
8 44
8 6
3793
66 76
4 6
10396
73 29
8 2
9282
53 9
6 5
4800
18 46
5 2
10765
83 95
9 4
4114
36 6
2 4
5184
88 68
6 0
10674
46 98
1 9
4444
30 82
9 7
1308
17 49
3 6
8892
18 43
7 6
10409
95 42
9 5
6107
37 29
1 7
1353
82 73
3 1
2803
7 95
4 5
1578
45 93
1 5
3168
66 87
5 8
9855
10 48
5 1
7679
75 58
8 6
1858
31 21
3 0
2656
20 95
0 5
5917
25 93
8 2
10196
28 83
1 2
7343
21 18
1 3
4967
79 84
0 2
6789
74 52
5 1
9199
40 29
5 9
9373
38 36
1 8
6779
34 47
1 7
4755
31 50
6 7
10352
92 44
8 4
10093
42 73
4 9
3687
76 18
7 0
4921
26 53
3 1
2177
2 90
9 1
5764
52 18
5 5
10408
91 48
2 0
4029
57 45
6 4
10204
34 11
3 0
8424
48 53
4 0
7752
7 79
0 4
8356
60 70
8 8
4256
66 68
1 9
8850
18 81
5 7
4735
68 11
3 1
1812
96 45
7 0
6813
26 64
1 0
1668
41 28
9 9
2711
57 37
8 7
8130
69 79
9 1
3826
2 88
9 5
5046
7 59
9 2
6954
36 55
7 3
5307
56 53
2 0
2645
71 12
1 4
1360
73 37
8 1
4312
78 8
3 4
5987
62 12
5 6
3333
62 1
6 1
2090
39 28
1 8
3674
45 43
9 7
4538
86 9
1 1
5876
99 75
2 4
4054
54 94
0 8
3361
93 53
5 4
8931
55 14
2 1
9188
7 97
4 5
10908
4 24
7 7
7947
63 23
0 8
4405
76 4
4 1
8468
77 73
7 4
8804
63 45
8 2
4427
17 0
8 4
6512
62 94
1 8
3401
65 15
5 4
3847
69 21
3 5
1793
6 43
9 0
3455
55 27
9 8
3275
91 97
1 3
5229
25 57
7 3
9967
92 45
9 4
10157
83 83
8 8
3716
53 71
3 4
1963
20 81
9 0
9211
96 45
0 3
10179
47 32
6 6
5724
21 75
1 8
8382
94 77
5 5
1404
78 33
9 8
2272
40 21
1 2
9791
88 56
9 7
5679
43 18
7 8
7071
2 55
3 4
2566
53 27
4 0
1660
30 65
5 9
4389
96 11
5 2
10039
11 73
3 7
6322
31 58
7 6
9558
92 37
4 3
8467
61 79
1 0
8757
8 81
2 7
9583
83 29
1 1
4990
84 22
2 2
8497
60 24
2 1
8149
32 91
6 1
7066
87 61
1 9
10079
14 36
6 9
8638
57 75
8 1
3368
81 64
6 4
1283
42 54
5 5
2137
78 45
8 9
6135
99 87
6 2
8933
54 53
3 9
2082
20 38
9 9
2578
23 7
4 9
1641
18 94
2 6
1405
87 73
4 3
6225
33 70
5 7
3151
50 10
9 5
7343
47 88
9 5
8059
39 94
5 4
4603
52 76
4 1
5794
89 26
1 3
1135
32 58
7 8
5629
97 19
6 9
10359
16 75
0 6
3396
84 65
2 5
8742
80 38
1 4
5944
37 40
3 3
4698
83 20
8 2
10771
59 11
3 0
7835
18 79
6 2
2608
3 0
5 5
9555
25 39
5 5
10736
25 31
4 5
4198
84 75
8 3
6424
21 4
5 3
5916
4 19
3 4
6542
23 95
2 6
6710
31 53
1 5
7416
72 23
8 3
3289
23 43
6 3
9833
33 50
3 7
4658
4 23
8 4
4727
5 9
7 2
5797
60 12
9 0
3901
22 48
1 4
4122
84 63
8 6
6260
90 79
8 3
7324
62 3
0 0
8272
79 8
2 7
3786
75 26
6 8
6226
54 0
6 9
9947
41 23
9 1
5281
1 43
9 2
3339
44 48
8 3
4714
36 25
4 5
8751
80 31
0 6
3186
82 4
5 2
2560
29 39
0 1
6898
66 82
6 1
2107
54 43
6 1
4183
74 18
3 1
1028
47 22
0 9
7629
5 47
0 1
1510
79 23
4 9
5302
58 90
1 0
4965
36 27
0 9
4785
48 2
6 9
3064
48 39
0 3
8049
48 92
5 4
6740
78 64
6 1
5354
46 73
5 2
7039
24 77
9 6
5555
3 61
2 5
10229
11 19
4 8
2664
26 79
5 2
10033
49 52
3 1
6557
49 65
0 3
6246
59 43
1 1
7008
84 26
3 2
5656
5 93
3 9
10239
2 83
7 6
5387
99 99
3 9
7975
80 46
2 6
7810
45 22
3 0
4768
71 78
2 2
2457
36 60
9 2
3511
15 1
9 4
3962
71 53
4 4
1734
93 41
9 6
10895
91 77
7 2
7937
77 60
2 0
10772
72 17
1 8
4803
33 71
7 8
7104
91 33
9 5
7537
92 61
0 0
5961
57 77
9 4
3256
81 41
4 3
8693
23 5
5 7
1755
89 21
1 8
4426
76 44
2 9
2727
85 7
9 9
4765
67 80
5 2
4388
78 78
4 0
8532
21 15
3 6
6839
6 11
1 8
1649
47 54
4 6
10919
83 5
5 5
1272
5 70
5 1
3042
75 80
2 1
9739
17 5
3 3
5802
76 52
2 8
9127
86 10
8 7
5862
93 46
1 5
3718
74 70
1 6
3419
93 70
3 4
9695
49 86
9 5
1162
3 67
8 1
6935
38 70
7 3
5326
44 36
3 9
2947
3 90
6 1
10617
36 92
7 0
4180
25 58
3 1
6624
42 95
6 9
3670
57 14
7 8
5254
75 86
8 0
5261
48 98
1 6
5614
64 33
6 2
1103
54 34
7 8
2629
63 4
3 1
6601
97 42
2 8
10436
89 65
5 4
4747
65 77
3 7
3137
79 13
5 1
4975
2 4
4 1
4769
88 10
1 4
9371
23 86
6 0
6178
61 8
4 9
5729
1 18
5 4
2595
78 83
4 6
3545
40 1
2 7
1076
92 69
3 4
10825
39 87
9 1
10288
20 79
8 1
2144
16 30
7 8
2633
60 45
1 1
8797
24 56
6 9
9506
25 66
2 0
6130
22 75
8 2
5081
7 10
1 3
4257
94 98
8 5
3571
93 58
1 3
5564
30 80
0 8
7386
36 46
8 3
7618
75 93
5 0
8004
77 74
7 1
2789
77 21
6 5
5177
57 6
9 0
2478
22 86
6 8
6492
24 46
9 0
2972
55 98
1 8
7422
17 52
5 0
6596
88 41
6 4
3435
34 51
4 4
2175
60 22
3 7
6039
29 89
1 3
10991
20 88
6 6
5563
40 68
8 2
1507
61 28
4 6
8537
58 31
5 3
8732
49 99
6 4
1732
38 83
9 4
3711
87 5
1 1
5375
19 46
8 5
9440
7 74
0 1
1061
53 91
4 9
3480
65 3
8 0
8914
83 14
0 2
1534
85 15
7 3
3988
45 48
5 8
4776
90 0
3 5
8260
44 48
0 4
10911
23 94
6 6
9123
91 90
4 9
2471
10 93
7 9
7009
67 97
7 6
6083
9 82
7 3
3163
18 33
9 9
4838
46 70
9 1
5322
41 37
6 5
6836
41 89
8 8
1860
95 59
5 8
5805
0 63
6 4
3117
21 77
7 5
7773
59 25
7 9
9110
76 41
7 2
9724
96 88
8 5
4846
97 78
6 1
7362
21 98
3 2
5357
42 32
9 0
6279
45 3
2 1
2984
64 1
3 0
10623
93 84
1 1
4131
79 17
0 8
4337
9 43
7 8
5022
89 67
8 4
3761
53 96
9 6
7876
40 90
2 2
1646
86 67
8 1
10539
55 23
3 9
7265
98 56
7 4
7356
34 48
3 7
4384
61 58
4 8
4500
6 66
8 2
8260
25 90
2 8
6463
57 38
9 0
10212
65 35
2 1
6784
10 19
6 9
8175
75 55
3 6
8691
59 88
3 0
4169
75 62
1 4
1909
99 9
9 6
2608
67 31
2 5
5729
13 62
3 1
3629
88 67
5 6
4282
96 0
2 3
1681
64 63
9 6
5225
71 66
2 6
3050
15 36
4 9
1357
76 50
2 2
1009
9 52
0 7
5964
12 31
5 2
2114
88 93
0 1
8297
16 8
5 0
3400
73 71
2 6
1787
43 25
8 5
3385
52 24
2 6
8264
5 10
5 7
3230
68 43
6 0
4018
35 20
0 6
1672
63 39
7 5
9756
84 85
0 9
7684
25 36
2 8
10799
44 53
2 4
10819
77 87
7 8
1304
77 58
7 1
4718
88 15
2 1
10647
97 37
8 1
8850
24 16
4 7
9358
9 78
4 3
3491
21 74
4 1
10279
73 77
8 8
8922
83 26
8 0
10795
97 57
0 5
9138
8 95
2 4
2265
52 73
8 4
6786
2 18
9 8
6117
16 39
7 2
7636
74 64
6 9
1934
35 66
3 3
9727
58 21
6 6
7632
61 1
5 6
4789
45 23
1 1
1384
22 60
2 2
8369
18 88
9 5
4144
78 81
7 1
2441
90 59
5 2
4226
48 36
3 9
7723
96 28
2 9
4879
32 5
8 1
3535
98 22
0 3
5258
3 50
3 8
2320
92 29
1 1
1339
18 89
9 7
9891
9 63
4 9
1681
41 18
1 6
4351
45 1
6 0
4315
56 60
8 1
4190
29 91
4 4
8811
96 26
3 1
2577
28 24
3 6
9164
33 20
6 6
6404
87 57
9 9
1045
71 17
8 4
5119
31 96
0 1
8538
56 64
5 4
4422
21 11
7 2
7936
69 67
5 9
10355
34 25
4 4
7694
43 40
4 5
6931
90 37
0 5
3372
54 53
7 1
3851
50 55
7 2
8999
76 8
9 9
6153
54 24
9 8
4680
11 34
1 4
8205
40 7
2 7
8830
27 19
2 4
3366
7 87
9 6
4717
19 16
7 5
4348
61 51
9 2
1732
25 35
9 3
2676
66 0
7 7
1841
19 99
6 0
4423
23 87
3 3
6735
71 0
7 4
3408
48 55
9 2
10239
44 54
0 4
10603
2 93
2 2
7102
61 15
5 1
3697
22 96
9 3
9978
31 8
4 1
9081
69 62
4 9
6279
90 21
7 5
10192
30 31
3 5
5892
20 97
0 6
6855
66 55
8 0
10298
88 60
1 9
3103
75 10
2 2
10311
13 3
9 2
2650
10 46
1 3
10615
38 77
3 5
1860
91 42
2 7
6971
84 25
6 0
3598
17 63
7 3
10261
43 85
9 4
5674
85 76
9 6
2379
39 51
8 9
7974
80 30
9 5
3505
86 89
9 9
9592
64 87
3 1
7103
98 22
8 6
6489
25 72
8 4
7586
11 5
5 7
7501
57 52
7 2
10166
6 39
8 2
7107
68 96
0 3
4481
32 27
5 1
4081
98 20
6 8
2358
52 96
4 0
3979
26 71
5 6
2695
44 2
6 4
5425
54 13
7 5
8964
64 26
9 7
7141
29 30
8 9
1227
36 98
0 9
3010
91 10
6 8
8649
0 84
0 3
10306
3 70
5 1
2240
93 25
4 6
5602
4 98
9 1
8944
39 59
0 3
2059
1 43
4 1
5199
20 52
5 0
7910
16 58
9 5
4083
97 6
4 7
6223
12 79
3 8
1254
22 24
7 3
5964
53 53
6 7
3789
8 69
9 9
10005
27 19
4 3
10199
42 57
4 6
8757
65 71
9 1
6628
76 75
1 2
4385
74 67
6 0
4530
5 79
8 0
3374
59 95
9 4
4396
78 53
1 8
3864
72 47
1 9
7624
48 58
0 2
7569
79 89
0 3
5216
11 25
7 3
1952
63 0
4 1
2784
59 59
0 2
5512
97 26
7 6
1970
65 12
6 9
1826
6 88
4 5
4738
9 73
7 9
1877
47 1
5 2
1253
24 76
0 4
3126
68 76
4 6
8775
77 46
5 3
5693
6 19
6 1
4590
2 89
1 9
2649
92 28
0 8
5109
48 53
7 6
9090
93 12
8 8
3457
35 86
9 6
3552
50 32
3 8
7878
73 48
0 0
10164
28 81
1 8
10301
34 70
6 9
1051
20 40
0 4
4509
88 54
2 6
7019
24 48
7 9
1008
7 0
0 3
7807
14 49
7 6
6495
27 37
8 0
5235
30 33
0 6
3981
84 65
3 1
3776
61 41
2 3
7520
62 61
4 0
1743
43 87
5 9
5052
64 4
6 2
8903
20 67
5 3
5750
40 66
0 6
6505
81 14
7 7
2843
28 39
9 6
7874
59 1
0 9
2134
66 22
6 9
8753
73 54
9 3
6849
58 75
3 1
1498
27 47
6 9
8247
57 22
0 7
2329
81 2
3 8
10543
97 22
3 0
5103
79 63
8 9
3719
15 78
1 7
3628
70 75
4 7
6188
28 54
2 6
1361
36 75
3 2
1511
37 86
6 9
6863
11 12
1 2
6951
71 61
0 6
2895
65 94
3 5
1671
8 54
2 2
1742
79 13
7 0
4994
45 41
2 1
9393
15 46
1 4
8108
54 55
1 2
2645
67 27
4 2
4121
50 34
8 1
9102
51 75
5 1
10310
98 27
1 6
6201
57 49
4 8
1698
61 28
0 3
3135
39 50
2 2
4836
98 75
8 6
3236
83 41
4 9
10140
2 50
6 9
8213
7 92
2 0
5861
40 21
6 5
8353
76 10
4 4
2188
92 80
7 7
7500
60 75
7 6
1134
69 76
7 6
1227
59 49
2 4
5071
45 48
3 4
5171
85 17
1 7
6949
94 35
4 1
1613
2 94
0 3
7121
58 7
6 0
7426
97 17
1 7
3269
99 61
5 6
3922
94 37
4 7
4555
72 9
2 1
2498
96 14
7 2
1378
47 73
3 7
1343
80 15
2 0
2632
13 62
8 3
1790
66 58
5 4
3302
26 92
3 6
10929
8 25
7 7
8847
3 8
5 4
9766
12 37
0 9
4616
92 31
6 2
7072
24 72
9 0
1842
1 93
9 8
4646
96 49
7 6
6426
87 6
0 9
6984
90 47
6 6
8220
29 12
4 4
4096
19 36
7 0
5428
72 62
3 1
3043
32 79
8 2
6211
44 18
9 8
1144
98 82
0 4
8697
95 54
0 6
10989
7 74
7 0
7186
9 40
1 0
9744
53 5
7 7
2791
67 40
1 5
