6.6743e-11 960 1000
53
-95.000000 -46.000000
63.000000 -4.000000
161
-91.000000 95.000000
73.000000 51.000000
71
67.000000 -28.000000
-57.000000 -28.000000
81
31.000000 79.000000
77.000000 98.000000
112
59.000000 -42.000000
97.000000 -22.000000
132
-32.000000 -17.000000
58.000000 -15.000000
179
24.000000 -71.000000
-84.000000 -4.000000
225
-41.000000 52.000000
-76.000000 55.000000
153
-35.000000 9.000000
-75.000000 78.000000
76
-36.000000 -32.000000
-87.000000 -49.000000
151
32.000000 -64.000000
-83.000000 -6.000000
150
-13.000000 -58.000000
-98.000000 -4.000000
105
26.000000 40.000000
-54.000000 50.000000
207
-12.000000 59.000000
-95.000000 67.000000
198
9.000000 42.000000
-57.000000 52.000000
94
35.000000 -83.000000
67.000000 -44.000000
201
66.000000 -73.000000
-94.000000 90.000000
185
44.000000 -48.000000
57.000000 -9.000000
241
-9.000000 -53.000000
-84.000000 76.000000
234
61.000000 37.000000
-56.000000 59.000000
132
34.000000 -77.000000
59.000000 -12.000000
176
-12.000000 48.000000
-52.000000 97.000000
184
-53.000000 -79.000000
-76.000000 -27.000000
100
-41.000000 68.000000
-87.000000 -49.000000
119
55.000000 72.000000
63.000000 -26.000000
247
-48.000000 21.000000
-63.000000 -49.000000
106
-22.000000 -54.000000
-98.000000 64.000000
149
64.000000 29.000000
54.000000 -24.000000
63
31.000000 -53.000000
50.000000 66.000000
153
20.000000 -34.000000
66.000000 93.000000
82
-49.000000 -14.000000
-78.000000 -22.000000
231
9.000000 -69.000000
-66.000000 -10.000000
71
-45.000000 -68.000000
94.000000 81.000000
132
82.000000 62.000000
95.000000 -41.000000
160
-41.000000 98.000000
90.000000 73.000000
118
-13.000000 45.000000
-64.000000 -6.000000
92
-70.000000 -3.000000
-67.000000 -23.000000
224
-98.000000 49.000000
-52.000000 -32.000000
78
38.000000 30.000000
64.000000 87.000000
208
-78.000000 -25.000000
-88.000000 -24.000000
221
-94.000000 53.000000
79.000000 -19.000000
83
-33.000000 34.000000
-53.000000 -22.000000
164
23.000000 -16.000000
-54.000000 68.000000
74
-37.000000 -98.000000
-65.000000 -20.000000
53
47.000000 -80.000000
97.000000 77.000000
124
3.000000 24.000000
61.000000 64.000000
216
-4.000000 -9.000000
72.000000 -3.000000
114
-27.000000 -44.000000
94.000000 66.000000
246
-90.000000 -90.000000
-70.000000 55.000000
100
-93.000000 -69.000000
93.000000 68.000000
87
-55.000000 27.000000
-70.000000 72.000000
56
-38.000000 91.000000
-79.000000 -42.000000
74
70.000000 16.000000
59.000000 -33.000000
95
99.000000 51.000000
95.000000 77.000000
202
24.000000 36.000000
83.000000 83.000000
52
-28.000000 2.000000
97.000000 68.000000
195
-51.000000 26.000000
75.000000 -49.000000
80
-50.000000 -55.000000
83.000000 -25.000000
176
51.000000 -77.000000
60.000000 -45.000000
73
-59.000000 -38.000000
-86.000000 -41.000000
61
3.000000 88.000000
71.000000 65.000000
168
88.000000 66.000000
-95.000000 -13.000000
198
-33.000000 -0.000000
83.000000 67.000000
176
-9.000000 -94.000000
-60.000000 -23.000000
134
-8.000000 3.000000
-59.000000 88.000000
156
75.000000 52.000000
85.000000 -19.000000
174
27.000000 -52.000000
-89.000000 86.000000
195
44.000000 58.000000
54.000000 -43.000000
205
-90.000000 -75.000000
-58.000000 -7.000000
206
14.000000 -65.000000
-67.000000 83.000000
242
85.000000 85.000000
74.000000 -40.000000
246
-26.000000 91.000000
91.000000 -13.000000
158
4.000000 -66.000000
89.000000 -4.000000
72
-85.000000 -45.000000
74.000000 -10.000000
249
57.000000 -66.000000
-91.000000 -10.000000
159
-29.000000 -58.000000
73.000000 51.000000
59
97.000000 -12.000000
-69.000000 -36.000000
95
-18.000000 -6.000000
64.000000 -5.000000
209
1.000000 -83.000000
74.000000 61.000000
87
-65.000000 -36.000000
-95.000000 67.000000
98
-3.000000 50.000000
-65.000000 -20.000000
230
42.000000 -82.000000
-95.000000 -13.000000
161
91.000000 -31.000000
-88.000000 -4.000000
116
-72.000000 24.000000
78.000000 90.000000
177
66.000000 -13.000000
90.000000 90.000000
159
-42.000000 -38.000000
92.000000 62.000000
196
91.000000 91.000000
82.000000 99.000000
224
-12.000000 78.000000
74.000000 66.000000
208
-94.000000 96.000000
-99.000000 -8.000000
137
-73.000000 1.000000
-91.000000 77.000000
149
-73.000000 -23.000000
-62.000000 -50.000000
193
5.000000 -82.000000
86.000000 81.000000
154
98.000000 11.000000
-73.000000 93.000000
163
1.000000 73.000000
95.000000 59.000000
124
32.000000 73.000000
74.000000 -46.000000
197
37.000000 86.000000
-88.000000 -5.000000
173
66.000000 -24.000000
-91.000000 94.000000
211
71.000000 65.000000
72.000000 87.000000
248
45.000000 89.000000
76.000000 -32.000000
75
70.000000 -5.000000
-96.000000 -25.000000
236
-5.000000 98.000000
85.000000 -28.000000
109
-65.000000 79.000000
72.000000 -23.000000
117
-75.000000 4.000000
99.000000 51.000000
52
-17.000000 43.000000
84.000000 81.000000
198
12.000000 -55.000000
81.000000 58.000000
227
-95.000000 80.000000
-75.000000 -34.000000
195
-79.000000 -3.000000
-77.000000 -10.000000
192
-37.000000 -3.000000
-65.000000 62.000000
177
17.000000 15.000000
92.000000 -7.000000
96
91.000000 -83.000000
59.000000 73.000000
230
-1.000000 -71.000000
-52.000000 62.000000
173
52.000000 73.000000
69.000000 97.000000
59
2.000000 98.000000
86.000000 -31.000000
94
-77.000000 -76.000000
60.000000 82.000000
149
64.000000 71.000000
-96.000000 -25.000000
94
36.000000 62.000000
-74.000000 95.000000
242
44.000000 -47.000000
-71.000000 -44.000000
140
90.000000 -9.000000
75.000000 98.000000
170
99.000000 74.000000
-55.000000 55.000000
245
-86.000000 -27.000000
67.000000 52.000000
224
-39.000000 -75.000000
-57.000000 81.000000
119
-13.000000 51.000000
-73.000000 92.000000
163
42.000000 71.000000
-52.000000 -5.000000
101
98.000000 70.000000
85.000000 -39.000000
200
-92.000000 -54.000000
90.000000 87.000000
105
-66.000000 -48.000000
57.000000 54.000000
131
50.000000 -4.000000
56.000000 -3.000000
52
31.000000 -75.000000
70.000000 83.000000
107
-68.000000 -80.000000
-53.000000 -49.000000
160
-32.000000 37.000000
-71.000000 -21.000000
159
-51.000000 -60.000000
96.000000 72.000000
66
78.000000 16.000000
94.000000 -47.000000
183
-50.000000 47.000000
92.000000 83.000000
205
44.000000 1.000000
-63.000000 -12.000000
64
14.000000 -46.000000
94.000000 -32.000000
138
-78.000000 26.000000
-63.000000 87.000000
158
-12.000000 -87.000000
-89.000000 92.000000
79
-34.000000 31.000000
59.000000 68.000000
56
52.000000 -44.000000
63.000000 57.000000
129
-76.000000 -89.000000
-62.000000 -30.000000
158
-63.000000 -52.000000
-68.000000 -12.000000
152
86.000000 6.000000
-66.000000 -11.000000
124
-44.000000 8.000000
-66.000000 -22.000000
248
-15.000000 -31.000000
-56.000000 94.000000
210
45.000000 -42.000000
-82.000000 55.000000
229
4.000000 -2.000000
-71.000000 -7.000000
73
50.000000 -48.000000
64.000000 80.000000
188
-17.000000 86.000000
96.000000 -28.000000
172
-92.000000 -86.000000
-72.000000 -45.000000
73
56.000000 15.000000
-90.000000 -47.000000
87
61.000000 -32.000000
-88.000000 56.000000
118
-37.000000 -5.000000
-71.000000 90.000000
147
30.000000 -1.000000
82.000000 -4.000000
142
93.000000 -37.000000
88.000000 -41.000000
69
76.000000 84.000000
91.000000 -23.000000
171
31.000000 85.000000
-65.000000 83.000000
211
97.000000 -54.000000
91.000000 80.000000
138
-20.000000 4.000000
-51.000000 80.000000
171
29.000000 33.000000
89.000000 -38.000000
196
-55.000000 -52.000000
-64.000000 67.000000
228
-35.000000 -41.000000
-53.000000 -39.000000
214
49.000000 45.000000
99.000000 -27.000000
89
-38.000000 -13.000000
67.000000 -27.000000
221
86.000000 -67.000000
-83.000000 -2.000000
155
92.000000 16.000000
-81.000000 79.000000
56
88.000000 9.000000
-90.000000 -39.000000
85
-75.000000 44.000000
-53.000000 59.000000
180
59.000000 47.000000
-96.000000 -43.000000
222
21.000000 -78.000000
74.000000 82.000000
185
-8.000000 -36.000000
98.000000 71.000000
162
-69.000000 -81.000000
73.000000 92.000000
169
-10.000000 68.000000
-64.000000 -27.000000
67
52.000000 88.000000
-82.000000 -28.000000
200
-90.000000 -85.000000
68.000000 -26.000000
178
-24.000000 -30.000000
62.000000 -19.000000
242
-3.000000 -95.000000
-67.000000 -23.000000
61
6.000000 98.000000
92.000000 73.000000
176
-64.000000 77.000000
82.000000 -25.000000
109
-33.000000 51.000000
-50.000000 86.000000
54
-57.000000 90.000000
62.000000 -30.000000
120
94.000000 64.000000
-57.000000 -11.000000
212
-40.000000 -36.000000
-81.000000 -18.000000
167
-20.000000 -7.000000
-73.000000 71.000000
160
-32.000000 -68.000000
-85.000000 53.000000
87
36.000000 22.000000
79.000000 -9.000000
199
-28.000000 -8.000000
97.000000 79.000000
183
-10.000000 -37.000000
-83.000000 -14.000000
106
52.000000 31.000000
-55.000000 85.000000
147
36.000000 22.000000
-52.000000 -38.000000
236
81.000000 14.000000
60.000000 77.000000
182
59.000000 -14.000000
-74.000000 92.000000
109
34.000000 33.000000
68.000000 -8.000000
153
45.000000 -78.000000
-97.000000 -13.000000
61
89.000000 94.000000
90.000000 -36.000000
145
-60.000000 -14.000000
61.000000 94.000000
225
91.000000 -50.000000
-99.000000 75.000000
102
-91.000000 -34.000000
-85.000000 -15.000000
207
-96.000000 -38.000000
98.000000 -29.000000
53
-79.000000 28.000000
97.000000 60.000000
53
-45.000000 -63.000000
-59.000000 52.000000
223
40.000000 52.000000
60.000000 76.000000
171
70.000000 67.000000
51.000000 90.000000
242
-9.000000 -80.000000
80.000000 58.000000
132
-82.000000 -68.000000
-82.000000 91.000000
95
-59.000000 -32.000000
73.000000 -18.000000
213
59.000000 53.000000
-59.000000 88.000000
163
91.000000 87.000000
54.000000 72.000000
219
-25.000000 72.000000
-80.000000 82.000000
225
-81.000000 -3.000000
78.000000 -36.000000
227
1.000000 -85.000000
-91.000000 -39.000000
127
95.000000 -69.000000
-65.000000 -39.000000
125
-13.000000 -58.000000
66.000000 69.000000
90
-5.000000 8.000000
-88.000000 53.000000
189
-72.000000 95.000000
70.000000 -35.000000
121
-6.000000 -16.000000
56.000000 -17.000000
190
-30.000000 -30.000000
76.000000 -5.000000
54
60.000000 -56.000000
-70.000000 70.000000
172
-30.000000 82.000000
-61.000000 -16.000000
237
-57.000000 32.000000
-53.000000 66.000000
241
-26.000000 -54.000000
69.000000 -26.000000
221
-69.000000 75.000000
-79.000000 -26.000000
171
50.000000 33.000000
79.000000 75.000000
203
-44.000000 -24.000000
-93.000000 60.000000
138
60.000000 96.000000
-89.000000 67.000000
181
-62.000000 76.000000
-99.000000 -17.000000
182
-32.000000 -36.000000
87.000000 -39.000000
147
-18.000000 1.000000
51.000000 72.000000
180
-99.000000 -58.000000
51.000000 -41.000000
231
38.000000 8.000000
-72.000000 -2.000000
86
-67.000000 12.000000
-80.000000 -20.000000
165
8.000000 -42.000000
71.000000 -17.000000
101
61.000000 -71.000000
90.000000 -16.000000
119
60.000000 -68.000000
73.000000 -37.000000
221
42.000000 18.000000
-96.000000 -3.000000
152
74.000000 -87.000000
52.000000 64.000000
188
-14.000000 23.000000
-55.000000 -22.000000
182
-7.000000 94.000000
-60.000000 -19.000000
112
84.000000 -79.000000
-58.000000 -48.000000
95
13.000000 -10.000000
-67.000000 -28.000000
104
-89.000000 -34.000000
-74.000000 -31.000000
230
99.000000 -39.000000
86.000000 78.000000
119
64.000000 -67.000000
75.000000 -17.000000
83
1.000000 -0.000000
95.000000 87.000000
195
-82.000000 47.000000
79.000000 -30.000000
210
22.000000 95.000000
-78.000000 -21.000000
129
-65.000000 39.000000
-78.000000 68.000000
55
-60.000000 4.000000
-82.000000 67.000000
162
-86.000000 15.000000
98.000000 73.000000
227
68.000000 43.000000
-89.000000 60.000000
207
-32.000000 -57.000000
77.000000 67.000000
70
69.000000 19.000000
-72.000000 -34.000000
122
12.000000 -73.000000
-71.000000 -11.000000
91
26.000000 -59.000000
-98.000000 -36.000000
210
-28.000000 3.000000
94.000000 -22.000000
147
-92.000000 93.000000
80.000000 59.000000
225
90.000000 -11.000000
-82.000000 -4.000000
112
-41.000000 -23.000000
-63.000000 68.000000
228
-92.000000 -44.000000
86.000000 82.000000
140
-54.000000 72.000000
-89.000000 -7.000000
137
-2.000000 -87.000000
-92.000000 54.000000
86
30.000000 42.000000
66.000000 -3.000000
52
-54.000000 49.000000
-95.000000 52.000000
79
-78.000000 -86.000000
-78.000000 -18.000000
65
4.000000 -98.000000
64.000000 70.000000
107
0.000000 -36.000000
-94.000000 62.000000
231
-84.000000 80.000000
-91.000000 -12.000000
211
-94.000000 -0.000000
71.000000 91.000000
242
-86.000000 79.000000
89.000000 -22.000000
63
16.000000 17.000000
-85.000000 92.000000
204
18.000000 16.000000
-74.000000 -2.000000
205
83.000000 98.000000
-79.000000 -32.000000
206
74.000000 30.000000
62.000000 -35.000000
133
-39.000000 -29.000000
-55.000000 -29.000000
234
49.000000 19.000000
-59.000000 74.000000
56
63.000000 84.000000
69.000000 -22.000000
226
-94.000000 -8.000000
-82.000000 -32.000000
71
72.000000 -68.000000
55.000000 80.000000
177
-96.000000 -43.000000
64.000000 51.000000
224
51.000000 -25.000000
50.000000 73.000000
108
-63.000000 -52.000000
-99.000000 67.000000
154
-60.000000 50.000000
-75.000000 -28.000000
77
-21.000000 19.000000
-96.000000 65.000000
209
75.000000 36.000000
-60.000000 76.000000
191
-16.000000 84.000000
-99.000000 -48.000000
167
42.000000 75.000000
-75.000000 77.000000
98
69.000000 -13.000000
99.000000 -40.000000
171
-24.000000 74.000000
84.000000 -49.000000
181
15.000000 -81.000000
92.000000 -32.000000
101
-28.000000 -73.000000
92.000000 -38.000000
161
-20.000000 38.000000
-88.000000 64.000000
239
81.000000 -65.000000
63.000000 -50.000000
193
66.000000 -87.000000
-68.000000 -32.000000
128
-16.000000 -19.000000
-53.000000 75.000000
168
-2.000000 -41.000000
64.000000 -8.000000
172
-24.000000 39.000000
-99.000000 -7.000000
237
80.000000 -64.000000
-63.000000 70.000000
243
82.000000 69.000000
-92.000000 -50.000000
103
-96.000000 -15.000000
64.000000 89.000000
245
-78.000000 -33.000000
53.000000 -11.000000
201
-7.000000 -69.000000
97.000000 -32.000000
67
52.000000 57.000000
-58.000000 68.000000
241
-65.000000 -60.000000
85.000000 59.000000
129
65.000000 -16.000000
79.000000 57.000000
135
95.000000 -96.000000
-68.000000 78.000000
118
-77.000000 -70.000000
-78.000000 -36.000000
64
96.000000 -66.000000
-63.000000 -25.000000
190
-12.000000 30.000000
-62.000000 75.000000
214
57.000000 -10.000000
-60.000000 -20.000000
223
-44.000000 65.000000
77.000000 -10.000000
81
-80.000000 10.000000
-67.000000 -16.000000
236
77.000000 -1.000000
75.000000 78.000000
120
-16.000000 36.000000
56.000000 85.000000
80
71.000000 -11.000000
-75.000000 -44.000000
111
14.000000 84.000000
99.000000 -20.000000
209
20.000000 -89.000000
-76.000000 62.000000
228
94.000000 -16.000000
-69.000000 91.000000
198
-57.000000 44.000000
71.000000 -4.000000
117
67.000000 -53.000000
-82.000000 -41.000000
57
-80.000000 -25.000000
-99.000000 63.000000
153
-88.000000 -91.000000
-98.000000 -23.000000
147
-68.000000 86.000000
71.000000 -41.000000
246
-67.000000 16.000000
57.000000 81.000000
79
43.000000 19.000000
-63.000000 77.000000
103
-38.000000 -64.000000
-81.000000 -47.000000
54
-78.000000 71.000000
-85.000000 -4.000000
166
-3.000000 1.000000
74.000000 -50.000000
216
-85.000000 -0.000000
-94.000000 -47.000000
56
-65.000000 39.000000
-74.000000 -29.000000
143
-16.000000 59.000000
78.000000 -23.000000
147
21.000000 69.000000
71.000000 -14.000000
62
-81.000000 26.000000
50.000000 77.000000
55
-46.000000 96.000000
-56.000000 57.000000
102
64.000000 -5.000000
-75.000000 -15.000000
87
-81.000000 84.000000
82.000000 -27.000000
98
71.000000 14.000000
68.000000 -44.000000
81
-66.000000 93.000000
-63.000000 -41.000000
220
93.000000 64.000000
85.000000 75.000000
115
-25.000000 57.000000
-78.000000 -27.000000
192
-90.000000 -0.000000
-99.000000 60.000000
205
-68.000000 -84.000000
-50.000000 89.000000
83
-59.000000 -42.000000
-84.000000 88.000000
141
90.000000 20.000000
-54.000000 -24.000000
68
-29.000000 0.000000
-75.000000 96.000000
194
-87.000000 35.000000
78.000000 98.000000
108
-56.000000 48.000000
79.000000 66.000000
110
-69.000000 37.000000
-88.000000 -14.000000
179
-83.000000 95.000000
-78.000000 -44.000000
239
-49.000000 -49.000000
-65.000000 56.000000
112
-45.000000 -49.000000
-80.000000 -34.000000
68
-63.000000 -61.000000
-76.000000 60.000000
190
17.000000 67.000000
58.000000 79.000000
182
30.000000 4.000000
-63.000000 -43.000000
175
-52.000000 -47.000000
80.000000 -39.000000
80
31.000000 64.000000
-75.000000 -1.000000
242
33.000000 -52.000000
64.000000 -29.000000
100
17.000000 -23.000000
-54.000000 -48.000000
128
84.000000 24.000000
-85.000000 68.000000
65
-22.000000 49.000000
-76.000000 54.000000
111
53.000000 -19.000000
-89.000000 -19.000000
165
87.000000 58.000000
72.000000 -38.000000
109
-36.000000 -88.000000
80.000000 -46.000000
195
-36.000000 22.000000
89.000000 94.000000
77
-60.000000 -2.000000
56.000000 66.000000
114
-32.000000 -47.000000
-93.000000 69.000000
242
40.000000 -82.000000
66.000000 -21.000000
59
-25.000000 -62.000000
-52.000000 57.000000
200
-5.000000 -4.000000
53.000000 81.000000
205
30.000000 -43.000000
78.000000 -34.000000
168
85.000000 43.000000
79.000000 77.000000
100
25.000000 14.000000
71.000000 77.000000
141
-29.000000 -57.000000
-95.000000 -5.000000
81
-27.000000 -35.000000
-90.000000 -41.000000
172
-91.000000 -83.000000
-60.000000 -39.000000
242
88.000000 -70.000000
-91.000000 56.000000
237
-72.000000 -54.000000
-64.000000 -50.000000
96
12.000000 60.000000
75.000000 -19.000000
118
-45.000000 91.000000
74.000000 94.000000
51
-70.000000 66.000000
79.000000 -44.000000
237
-45.000000 66.000000
-75.000000 -30.000000
178
44.000000 84.000000
-99.000000 75.000000
64
-73.000000 -94.000000
65.000000 -45.000000
181
77.000000 -53.000000
89.000000 57.000000
160
67.000000 -86.000000
-58.000000 83.000000
77
-40.000000 -28.000000
70.000000 -19.000000
182
44.000000 -95.000000
-56.000000 -50.000000
243
65.000000 96.000000
-78.000000 -29.000000
246
-86.000000 80.000000
-50.000000 -24.000000
156
86.000000 -77.000000
-58.000000 -12.000000
232
-77.000000 -44.000000
-54.000000 -27.000000
234
74.000000 -69.000000
-52.000000 91.000000
248
-70.000000 -77.000000
71.000000 -18.000000
202
21.000000 -52.000000
63.000000 99.000000
121
-54.000000 29.000000
89.000000 64.000000
59
62.000000 61.000000
80.000000 -37.000000
248
-94.000000 -43.000000
68.000000 -27.000000
50
-40.000000 -14.000000
92.000000 -44.000000
249
-81.000000 -60.000000
-82.000000 -27.000000
232
-32.000000 -47.000000
92.000000 -40.000000
128
40.000000 93.000000
84.000000 93.000000
174
96.000000 69.000000
53.000000 84.000000
131
66.000000 20.000000
-88.000000 -15.000000
141
49.000000 -41.000000
62.000000 70.000000
71
-3.000000 -82.000000
-55.000000 72.000000
114
68.000000 15.000000
-64.000000 69.000000
194
-29.000000 95.000000
-88.000000 57.000000
178
-45.000000 16.000000
-93.000000 76.000000
170
-65.000000 -23.000000
-60.000000 56.000000
185
12.000000 -68.000000
91.000000 69.000000
84
15.000000 99.000000
75.000000 -37.000000
136
-21.000000 -73.000000
61.000000 72.000000
221
78.000000 27.000000
-74.000000 -8.000000
70
-28.000000 3.000000
54.000000 -50.000000
240
96.000000 -14.000000
-71.000000 78.000000
120
-84.000000 86.000000
-89.000000 61.000000
151
-8.000000 90.000000
93.000000 55.000000
58
40.000000 20.000000
59.000000 -36.000000
73
-47.000000 55.000000
-60.000000 -24.000000
245
-18.000000 68.000000
-81.000000 66.000000
175
19.000000 -90.000000
91.000000 95.000000
84
51.000000 -88.000000
-61.000000 -26.000000
67
-2.000000 -44.000000
-58.000000 80.000000
94
26.000000 -30.000000
-79.000000 -25.000000
98
56.000000 49.000000
-89.000000 -41.000000
151
-1.000000 80.000000
51.000000 76.000000
94
-48.000000 29.000000
51.000000 -42.000000
162
-89.000000 2.000000
-59.000000 97.000000
69
92.000000 87.000000
-91.000000 56.000000
54
72.000000 4.000000
-50.000000 87.000000
109
-27.000000 85.000000
89.000000 -33.000000
175
10.000000 -1.000000
-64.000000 -32.000000
245
1.000000 92.000000
-71.000000 -46.000000
197
62.000000 -71.000000
62.000000 93.000000
195
17.000000 -37.000000
77.000000 -16.000000
117
-26.000000 64.000000
-62.000000 -34.000000
133
-40.000000 74.000000
85.000000 57.000000
243
-37.000000 11.000000
76.000000 -9.000000
59
-18.000000 -75.000000
73.000000 51.000000
209
24.000000 -0.000000
76.000000 53.000000
169
-11.000000 -26.000000
-61.000000 -24.000000
159
-67.000000 34.000000
63.000000 89.000000
155
-67.000000 8.000000
93.000000 60.000000
149
25.000000 -5.000000
-86.000000 53.000000
217
52.000000 1.000000
-79.000000 72.000000
206
90.000000 -83.000000
56.000000 91.000000
161
59.000000 -2.000000
79.000000 58.000000
238
-15.000000 70.000000
91.000000 -28.000000
175
94.000000 58.000000
56.000000 -1.000000
218
78.000000 59.000000
81.000000 -50.000000
191
76.000000 18.000000
-75.000000 56.000000
220
-57.000000 28.000000
99.000000 -4.000000
222
-12.000000 -29.000000
78.000000 80.000000
109
-15.000000 -11.000000
-79.000000 -45.000000
207
4.000000 27.000000
-55.000000 -32.000000
89
52.000000 -28.000000
-67.000000 -46.000000
103
7.000000 -25.000000
54.000000 93.000000
150
-67.000000 -55.000000
67.000000 54.000000
78
54.000000 -10.000000
54.000000 -11.000000
135
88.000000 -27.000000
-89.000000 88.000000
65
-63.000000 -33.000000
-53.000000 86.000000
146
-51.000000 -13.000000
-95.000000 83.000000
52
-48.000000 -26.000000
52.000000 -34.000000
249
-76.000000 -24.000000
56.000000 -25.000000
196
47.000000 -98.000000
97.000000 80.000000
202
87.000000 -62.000000
-64.000000 -2.000000
195
46.000000 -75.000000
51.000000 -11.000000
160
73.000000 60.000000
-56.000000 86.000000
123
47.000000 76.000000
68.000000 94.000000
166
80.000000 97.000000
90.000000 -1.000000
185
69.000000 -26.000000
61.000000 89.000000
246
-29.000000 54.000000
-74.000000 82.000000
106
-17.000000 -94.000000
91.000000 -20.000000
143
-19.000000 -86.000000
-93.000000 93.000000
187
-85.000000 -53.000000
79.000000 -3.000000
224
-37.000000 43.000000
-68.000000 96.000000
102
-26.000000 62.000000
76.000000 -9.000000
236
-68.000000 -74.000000
99.000000 -36.000000
62
88.000000 -92.000000
-57.000000 88.000000
188
-50.000000 79.000000
-58.000000 72.000000
143
60.000000 -3.000000
60.000000 -17.000000
186
-52.000000 -73.000000
73.000000 -8.000000
187
-26.000000 15.000000
-55.000000 97.000000
210
-43.000000 -60.000000
67.000000 94.000000
85
-34.000000 39.000000
81.000000 -31.000000
123
-36.000000 -78.000000
93.000000 96.000000
205
36.000000 -82.000000
-88.000000 -29.000000
172
58.000000 90.000000
62.000000 -15.000000
78
-85.000000 -93.000000
55.000000 75.000000
65
21.000000 61.000000
53.000000 70.000000
154
83.000000 32.000000
-65.000000 -3.000000
65
81.000000 -74.000000
-87.000000 -18.000000
152
-45.000000 6.000000
94.000000 -29.000000
153
19.000000 -76.000000
67.000000 77.000000
73
98.000000 -47.000000
-95.000000 -27.000000
171
-25.000000 -74.000000
76.000000 -27.000000
57
47.000000 59.000000
-83.000000 68.000000
171
53.000000 59.000000
-80.000000 67.000000
179
-7.000000 -69.000000
66.000000 53.000000
97
43.000000 51.000000
-59.000000 -31.000000
53
-6.000000 -53.000000
-80.000000 -24.000000
144
78.000000 -35.000000
71.000000 -37.000000
212
45.000000 95.000000
89.000000 -25.000000
175
10.000000 -74.000000
86.000000 -49.000000
58
69.000000 65.000000
90.000000 93.000000
75
-31.000000 -99.000000
-58.000000 -19.000000
81
-19.000000 -64.000000
-53.000000 89.000000
169
-97.000000 33.000000
-60.000000 75.000000
51
11.000000 -72.000000
81.000000 -22.000000
228
53.000000 87.000000
-89.000000 64.000000
160
-83.000000 -5.000000
-74.000000 -6.000000
171
8.000000 -82.000000
-97.000000 71.000000
168
8.000000 -44.000000
78.000000 -8.000000
123
31.000000 -46.000000
-94.000000 58.000000
188
25.000000 37.000000
69.000000 96.000000
145
-19.000000 61.000000
-90.000000 76.000000
118
82.000000 -49.000000
55.000000 -25.000000
143
-31.000000 97.000000
62.000000 -31.000000
91
76.000000 -86.000000
-51.000000 62.000000
234
-85.000000 -25.000000
-77.000000 82.000000
92
-30.000000 12.000000
-88.000000 62.000000
181
-63.000000 83.000000
55.000000 98.000000
128
-22.000000 -63.000000
-83.000000 -42.000000
88
-45.000000 99.000000
71.000000 -4.000000
69
-69.000000 33.000000
-80.000000 -22.000000
81
-14.000000 95.000000
97.000000 -25.000000
108
-63.000000 -53.000000
86.000000 57.000000
94
-98.000000 45.000000
86.000000 -45.000000
221
78.000000 -69.000000
-66.000000 50.000000
67
91.000000 -64.000000
-85.000000 -24.000000
208
58.000000 -33.000000
-78.000000 52.000000
238
10.000000 -21.000000
-72.000000 -26.000000
165
-91.000000 -64.000000
-73.000000 57.000000
192
61.000000 -24.000000
92.000000 50.000000
70
-90.000000 -75.000000
-75.000000 -20.000000
168
95.000000 -43.000000
-51.000000 62.000000
248
-27.000000 67.000000
72.000000 94.000000
97
-77.000000 -42.000000
-55.000000 50.000000
71
46.000000 98.000000
65.000000 -17.000000
207
3.000000 -6.000000
83.000000 -35.000000
118
-96.000000 -78.000000
56.000000 -5.000000
71
36.000000 -95.000000
64.000000 -36.000000
114
-58.000000 7.000000
70.000000 58.000000
171
-49.000000 -93.000000
58.000000 77.000000
148
-58.000000 -79.000000
89.000000 58.000000
190
-76.000000 18.000000
91.000000 99.000000
88
4.000000 99.000000
-72.000000 80.000000
179
86.000000 -26.000000
85.000000 -17.000000
57
-85.000000 -59.000000
-77.000000 -6.000000
174
41.000000 56.000000
51.000000 -28.000000
109
51.000000 5.000000
-72.000000 95.000000
87
23.000000 73.000000
65.000000 -33.000000
195
-26.000000 42.000000
60.000000 56.000000
120
-65.000000 -89.000000
-52.000000 -40.000000
82
4.000000 -56.000000
-71.000000 93.000000
82
-52.000000 -72.000000
95.000000 87.000000
206
11.000000 44.000000
-81.000000 56.000000
177
-76.000000 -69.000000
-57.000000 -33.000000
242
68.000000 -20.000000
-56.000000 -43.000000
150
-7.000000 9.000000
-76.000000 -32.000000
79
86.000000 45.000000
-50.000000 -13.000000
215
28.000000 97.000000
60.000000 -32.000000
125
-54.000000 -75.000000
-86.000000 90.000000
197
-32.000000 60.000000
-80.000000 81.000000
188
77.000000 -27.000000
73.000000 -46.000000
196
-70.000000 38.000000
-69.000000 -19.000000
243
-1.000000 -48.000000
-79.000000 -43.000000
68
-75.000000 -79.000000
-96.000000 62.000000
136
31.000000 24.000000
90.000000 -30.000000
221
-32.000000 -44.000000
90.000000 -45.000000
189
-92.000000 -27.000000
74.000000 -39.000000
239
-46.000000 -56.000000
-74.000000 53.000000
247
35.000000 -63.000000
-70.000000 61.000000
248
-50.000000 -2.000000
85.000000 71.000000
143
-73.000000 -62.000000
50.000000 51.000000
57
-84.000000 26.000000
62.000000 86.000000
113
-14.000000 -55.000000
53.000000 97.000000
227
47.000000 -37.000000
56.000000 91.000000
96
92.000000 60.000000
52.000000 -27.000000
99
23.000000 -54.000000
-84.000000 70.000000
217
-59.000000 92.000000
71.000000 68.000000
177
-74.000000 15.000000
-54.000000 65.000000
195
96.000000 -19.000000
93.000000 -4.000000
231
-6.000000 64.000000
93.000000 97.000000
54
-5.000000 -31.000000
85.000000 -45.000000
76
-63.000000 7.000000
-51.000000 -9.000000
103
-71.000000 -62.000000
53.000000 -27.000000
170
41.000000 -39.000000
53.000000 85.000000
85
-54.000000 -14.000000
-56.000000 90.000000
72
33.000000 13.000000
-87.000000 60.000000
65
-74.000000 63.000000
74.000000 -50.000000
162
60.000000 -7.000000
98.000000 -35.000000
236
-31.000000 -27.000000
-84.000000 80.000000
92
98.000000 79.000000
-70.000000 99.000000
60
58.000000 -0.000000
-73.000000 -32.000000
177
87.000000 -18.000000
-88.000000 90.000000
237
36.000000 70.000000
-62.000000 59.000000
222
-57.000000 73.000000
92.000000 78.000000
237
50.000000 -53.000000
70.000000 -14.000000
106
-99.000000 76.000000
-99.000000 -46.000000
188
94.000000 -74.000000
53.000000 54.000000
152
94.000000 73.000000
62.000000 87.000000
50
44.000000 76.000000
83.000000 -32.000000
181
-50.000000 -13.000000
-95.000000 59.000000
188
-28.000000 19.000000
66.000000 84.000000
200
72.000000 -80.000000
-76.000000 87.000000
234
-18.000000 53.000000
-89.000000 67.000000
213
73.000000 23.000000
-94.000000 -12.000000
169
-18.000000 -7.000000
-83.000000 -43.000000
214
-85.000000 99.000000
52.000000 -29.000000
109
-80.000000 58.000000
-96.000000 75.000000
134
-96.000000 32.000000
71.000000 -5.000000
233
74.000000 -0.000000
-53.000000 86.000000
214
74.000000 -95.000000
-86.000000 83.000000
104
-45.000000 -32.000000
-67.000000 -15.000000
78
-34.000000 40.000000
-50.000000 -37.000000
109
33.000000 -40.000000
83.000000 80.000000
92
-1.000000 11.000000
-63.000000 56.000000
242
-33.000000 46.000000
59.000000 -15.000000
212
94.000000 83.000000
-79.000000 -47.000000
61
49.000000 88.000000
-83.000000 -44.000000
227
-7.000000 37.000000
66.000000 -15.000000
138
51.000000 -14.000000
-70.000000 -44.000000
218
30.000000 1.000000
63.000000 72.000000
132
56.000000 -34.000000
71.000000 77.000000
177
-89.000000 -72.000000
-64.000000 -9.000000
221
76.000000 27.000000
76.000000 -7.000000
135
-92.000000 -52.000000
93.000000 -42.000000
158
-69.000000 -87.000000
58.000000 71.000000
139
-58.000000 73.000000
75.000000 76.000000
246
6.000000 86.000000
-66.000000 -44.000000
89
13.000000 97.000000
-77.000000 76.000000
234
18.000000 -75.000000
74.000000 -21.000000
245
-69.000000 -77.000000
81.000000 -10.000000
79
73.000000 60.000000
-67.000000 -21.000000
187
34.000000 80.000000
-82.000000 91.000000
69
95.000000 51.000000
69.000000 59.000000
190
56.000000 -92.000000
-95.000000 75.000000
72
9.000000 -6.000000
-80.000000 77.000000
67
-75.000000 -70.000000
-86.000000 -21.000000
118
-2.000000 -37.000000
-86.000000 -9.000000
142
22.000000 26.000000
-60.000000 -33.000000
98
-91.000000 -38.000000
-82.000000 68.000000
247
-77.000000 41.000000
61.000000 83.000000
117
-81.000000 78.000000
-97.000000 -25.000000
158
75.000000 -18.000000
-57.000000 -25.000000
191
-50.000000 -25.000000
52.000000 59.000000
229
-44.000000 28.000000
-78.000000 64.000000
169
97.000000 70.000000
56.000000 54.000000
160
43.000000 -79.000000
72.000000 57.000000
221
94.000000 19.000000
-94.000000 64.000000
246
36.000000 89.000000
57.000000 62.000000
229
3.000000 42.000000
-95.000000 -17.000000
90
-22.000000 57.000000
-75.000000 99.000000
172
-83.000000 55.000000
-89.000000 -15.000000
239
-84.000000 -64.000000
-98.000000 95.000000
122
-79.000000 83.000000
97.000000 -47.000000
108
-58.000000 -57.000000
65.000000 68.000000
241
38.000000 -40.000000
66.000000 -25.000000
240
89.000000 -54.000000
58.000000 -44.000000
241
27.000000 -15.000000
84.000000 -11.000000
207
-31.000000 -40.000000
73.000000 -24.000000
220
-43.000000 17.000000
-99.000000 78.000000
222
-6.000000 -36.000000
55.000000 84.000000
77
-47.000000 46.000000
-87.000000 -14.000000
209
17.000000 -32.000000
-97.000000 -36.000000
73
32.000000 63.000000
94.000000 -41.000000
184
-94.000000 -32.000000
-59.000000 -9.000000
229
-51.000000 42.000000
72.000000 68.000000
112
83.000000 15.000000
-73.000000 83.000000
115
3.000000 22.000000
53.000000 -48.000000
90
-39.000000 -46.000000
76.000000 -31.000000
245
68.000000 24.000000
-72.000000 61.000000
173
-97.000000 80.000000
-52.000000 -1.000000
119
85.000000 1.000000
85.000000 58.000000
231
55.000000 63.000000
-80.000000 -11.000000
164
68.000000 -68.000000
91.000000 81.000000
145
-55.000000 -58.000000
67.000000 -16.000000
80
-16.000000 29.000000
-68.000000 79.000000
219
47.000000 22.000000
56.000000 92.000000
80
10.000000 -1.000000
-53.000000 -13.000000
176
-6.000000 73.000000
71.000000 65.000000
51
-93.000000 -1.000000
-72.000000 -29.000000
159
96.000000 72.000000
-63.000000 -33.000000
115
34.000000 -56.000000
-91.000000 96.000000
85
-14.000000 13.000000
60.000000 -25.000000
184
93.000000 27.000000
-84.000000 -7.000000
228
-44.000000 12.000000
-61.000000 -29.000000
113
64.000000 31.000000
-82.000000 60.000000
211
-62.000000 -95.000000
75.000000 66.000000
129
-77.000000 -36.000000
61.000000 -47.000000
212
-68.000000 -28.000000
55.000000 76.000000
176
5.000000 -43.000000
68.000000 74.000000
160
65.000000 -55.000000
61.000000 69.000000
161
-43.000000 -3.000000
85.000000 79.000000
66
60.000000 -52.000000
-88.000000 -28.000000
212
-20.000000 -32.000000
-62.000000 -44.000000
224
-63.000000 20.000000
-74.000000 57.000000
92
64.000000 64.000000
-90.000000 66.000000
68
99.000000 -30.000000
64.000000 -31.000000
207
-50.000000 69.000000
-56.000000 -2.000000
64
-91.000000 -21.000000
-81.000000 71.000000
222
21.000000 77.000000
97.000000 74.000000
230
96.000000 98.000000
58.000000 -45.000000
75
9.000000 -65.000000
-71.000000 80.000000
238
89.000000 77.000000
73.000000 -46.000000
57
79.000000 -34.000000
62.000000 -50.000000
170
-21.000000 39.000000
76.000000 84.000000
110
7.000000 -92.000000
-72.000000 -33.000000
191
-93.000000 5.000000
94.000000 -22.000000
245
5.000000 -60.000000
-53.000000 -6.000000
209
-25.000000 -33.000000
52.000000 -16.000000
232
-51.000000 90.000000
-79.000000 -6.000000
224
-66.000000 -74.000000
74.000000 -35.000000
170
-83.000000 -99.000000
84.000000 -15.000000
109
-25.000000 -99.000000
84.000000 77.000000
58
67.000000 -80.000000
74.000000 65.000000
188
86.000000 98.000000
-55.000000 -38.000000
124
-7.000000 -30.000000
67.000000 61.000000
225
-85.000000 -81.000000
-58.000000 -41.000000
192
29.000000 -82.000000
-58.000000 -11.000000
155
28.000000 -98.000000
-81.000000 97.000000
201
95.000000 27.000000
90.000000 89.000000
135
-52.000000 69.000000
-94.000000 72.000000
235
-97.000000 -38.000000
74.000000 51.000000
63
-2.000000 -64.000000
-60.000000 87.000000
101
33.000000 -87.000000
77.000000 -48.000000
246
41.000000 21.000000
55.000000 50.000000
248
-24.000000 21.000000
-87.000000 -14.000000
120
-62.000000 -0.000000
-87.000000 -48.000000
200
18.000000 12.000000
-53.000000 75.000000
83
31.000000 -50.000000
-72.000000 -38.000000
137
40.000000 -5.000000
90.000000 -13.000000
208
-85.000000 -87.000000
57.000000 -8.000000
116
-1.000000 42.000000
58.000000 58.000000
107
4.000000 11.000000
-90.000000 -15.000000
180
-75.000000 -97.000000
90.000000 89.000000
248
-53.000000 81.000000
-99.000000 -18.000000
169
77.000000 -93.000000
57.000000 -20.000000
192
-6.000000 0.000000
-58.000000 -33.000000
198
-79.000000 -14.000000
68.000000 -1.000000
151
12.000000 -31.000000
-79.000000 -7.000000
111
91.000000 38.000000
86.000000 -45.000000
130
5.000000 46.000000
-75.000000 -40.000000
172
-72.000000 -46.000000
61.000000 74.000000
67
-12.000000 -92.000000
94.000000 -3.000000
72
60.000000 7.000000
-93.000000 64.000000
168
94.000000 68.000000
65.000000 -15.000000
166
94.000000 39.000000
70.000000 88.000000
201
-31.000000 87.000000
73.000000 96.000000
64
77.000000 -81.000000
96.000000 50.000000
203
-87.000000 -37.000000
50.000000 -2.000000
174
-68.000000 -4.000000
91.000000 66.000000
54
-40.000000 -41.000000
-85.000000 85.000000
174
20.000000 -3.000000
93.000000 74.000000
80
-37.000000 29.000000
-73.000000 84.000000
80
10.000000 29.000000
-76.000000 77.000000
101
90.000000 52.000000
-99.000000 -25.000000
151
-81.000000 29.000000
50.000000 -43.000000
95
-89.000000 -16.000000
-59.000000 -33.000000
153
38.000000 -25.000000
66.000000 84.000000
187
-20.000000 -93.000000
78.000000 92.000000
56
-70.000000 90.000000
76.000000 73.000000
125
-28.000000 -4.000000
-97.000000 -41.000000
145
8.000000 59.000000
66.000000 -1.000000
114
70.000000 -66.000000
95.000000 65.000000
201
25.000000 -3.000000
60.000000 -15.000000
120
-7.000000 -21.000000
77.000000 -48.000000
63
61.000000 50.000000
-86.000000 84.000000
103
8.000000 17.000000
-96.000000 -41.000000
176
-72.000000 -55.000000
-82.000000 -30.000000
167
-67.000000 96.000000
-72.000000 -31.000000
219
78.000000 61.000000
-74.000000 91.000000
243
-82.000000 -65.000000
-65.000000 -38.000000
204
-95.000000 30.000000
-66.000000 70.000000
85
-70.000000 -3.000000
-53.000000 66.000000
237
-49.000000 -38.000000
66.000000 73.000000
221
-10.000000 51.000000
53.000000 62.000000
156
39.000000 19.000000
-76.000000 -16.000000
161
94.000000 23.000000
59.000000 52.000000
125
-41.000000 68.000000
-51.000000 -45.000000
138
0.000000 88.000000
-86.000000 87.000000
114
23.000000 -81.000000
-89.000000 92.000000
192
78.000000 91.000000
-59.000000 82.000000
92
-5.000000 -35.000000
-77.000000 -35.000000
62
57.000000 -9.000000
-51.000000 80.000000
173
78.000000 39.000000
-62.000000 59.000000
77
-52.000000 49.000000
96.000000 -25.000000
196
-8.000000 -73.000000
-94.000000 -11.000000
190
-17.000000 72.000000
73.000000 -42.000000
94
-21.000000 18.000000
99.000000 -45.000000
235
-87.000000 81.000000
87.000000 -33.000000
206
-21.000000 95.000000
56.000000 -27.000000
147
-41.000000 41.000000
-58.000000 62.000000
53
52.000000 19.000000
-92.000000 93.000000
116
-72.000000 9.000000
88.000000 -43.000000
196
-14.000000 29.000000
70.000000 95.000000
222
33.000000 70.000000
78.000000 62.000000
141
14.000000 26.000000
67.000000 -29.000000
132
79.000000 90.000000
-52.000000 -42.000000
179
-11.000000 -63.000000
71.000000 80.000000
166
84.000000 69.000000
-77.000000 -38.000000
120
9.000000 52.000000
67.000000 -34.000000
249
36.000000 1.000000
-93.000000 69.000000
228
-84.000000 97.000000
-50.000000 99.000000
232
-41.000000 99.000000
-78.000000 -10.000000
185
-41.000000 20.000000
-58.000000 97.000000
219
76.000000 -6.000000
68.000000 72.000000
55
67.000000 88.000000
66.000000 -9.000000
246
-75.000000 -85.000000
64.000000 -39.000000
71
0.000000 64.000000
62.000000 -4.000000
50
40.000000 71.000000
-95.000000 90.000000
73
-85.000000 -3.000000
-76.000000 68.000000
89
72.000000 49.000000
73.000000 74.000000
161
93.000000 -48.000000
90.000000 96.000000
184
-99.000000 22.000000
83.000000 75.000000
53
-98.000000 61.000000
73.000000 53.000000
85
95.000000 -37.000000
94.000000 99.000000
218
95.000000 38.000000
76.000000 -35.000000
96
-74.000000 -60.000000
62.000000 61.000000
81
-57.000000 -22.000000
-53.000000 74.000000
106
6.000000 -75.000000
-93.000000 59.000000
163
28.000000 -12.000000
-84.000000 -28.000000
138
-52.000000 -12.000000
-53.000000 -28.000000
114
-91.000000 59.000000
73.000000 62.000000
121
-6.000000 -22.000000
-67.000000 67.000000
240
-77.000000 -97.000000
90.000000 -27.000000
101
-32.000000 -31.000000
88.000000 -17.000000
131
-91.000000 50.000000
-80.000000 98.000000
163
40.000000 -50.000000
-69.000000 -46.000000
228
-96.000000 -48.000000
82.000000 65.000000
153
53.000000 -51.000000
-73.000000 -47.000000
129
69.000000 -19.000000
-74.000000 57.000000
230
-75.000000 79.000000
53.000000 -31.000000
176
90.000000 25.000000
-82.000000 -47.000000
197
-74.000000 63.000000
-62.000000 -17.000000
92
91.000000 -90.000000
-97.000000 -28.000000
130
51.000000 -58.000000
-77.000000 -38.000000
161
-48.000000 -20.000000
-95.000000 -12.000000
94
64.000000 -78.000000
-63.000000 -13.000000
80
-61.000000 -25.000000
58.000000 67.000000
211
-4.000000 -66.000000
-75.000000 -47.000000
167
-1.000000 38.000000
-99.000000 99.000000
88
49.000000 -6.000000
-50.000000 62.000000
76
-30.000000 0.000000
-67.000000 -4.000000
66
91.000000 46.000000
69.000000 89.000000
61
-82.000000 -69.000000
59.000000 -21.000000
179
-99.000000 67.000000
75.000000 -28.000000
127
-2.000000 -88.000000
96.000000 54.000000
91
-17.000000 -8.000000
52.000000 60.000000
72
-92.000000 -71.000000
52.000000 98.000000
186
74.000000 -85.000000
-66.000000 58.000000
186
58.000000 -68.000000
-79.000000 -28.000000
111
33.000000 -72.000000
88.000000 69.000000
213
9.000000 2.000000
-65.000000 59.000000
138
-55.000000 -47.000000
-91.000000 -41.000000
141
-34.000000 -42.000000
-89.000000 75.000000
151
23.000000 -3.000000
-77.000000 -37.000000
158
81.000000 58.000000
54.000000 65.000000
81
55.000000 -73.000000
-52.000000 85.000000
235
-58.000000 86.000000
62.000000 -15.000000
132
-85.000000 -11.000000
54.000000 93.000000
171
72.000000 26.000000
-63.000000 -27.000000
103
46.000000 -23.000000
-68.000000 82.000000
163
-17.000000 87.000000
-54.000000 -1.000000
96
90.000000 -60.000000
54.000000 54.000000
161
2.000000 -21.000000
70.000000 52.000000
230
3.000000 48.000000
81.000000 -33.000000
241
-64.000000 84.000000
-73.000000 -45.000000
147
-11.000000 -62.000000
-78.000000 66.000000
194
6.000000 -28.000000
63.000000 66.000000
207
97.000000 -57.000000
-64.000000 98.000000
149
-88.000000 57.000000
68.000000 -30.000000
101
-94.000000 61.000000
64.000000 54.000000
128
8.000000 -54.000000
59.000000 -14.000000
169
52.000000 53.000000
-90.000000 -38.000000
81
-77.000000 -75.000000
73.000000 -50.000000
159
-75.000000 35.000000
71.000000 -22.000000
93
82.000000 43.000000
67.000000 55.000000
198
-19.000000 26.000000
-87.000000 -24.000000
161
71.000000 42.000000
-79.000000 -36.000000
124
16.000000 -88.000000
66.000000 94.000000
176
-36.000000 -54.000000
-74.000000 53.000000
114
-69.000000 87.000000
72.000000 94.000000
216
45.000000 18.000000
60.000000 70.000000
244
-53.000000 29.000000
93.000000 77.000000
184
47.000000 29.000000
-67.000000 -2.000000
195
-48.000000 -19.000000
-83.000000 89.000000
150
7.000000 81.000000
81.000000 -25.000000
108
-92.000000 -59.000000
92.000000 -44.000000
51
-0.000000 43.000000
-89.000000 -9.000000
63
-96.000000 19.000000
-80.000000 93.000000
115
49.000000 62.000000
-65.000000 64.000000
131
-35.000000 18.000000
71.000000 -3.000000
201
-78.000000 -44.000000
54.000000 98.000000
85
7.000000 46.000000
-63.000000 -36.000000
125
-37.000000 90.000000
-58.000000 -30.000000
238
-27.000000 68.000000
99.000000 58.000000
55
27.000000 41.000000
85.000000 -28.000000
244
81.000000 47.000000
-61.000000 -8.000000
205
-48.000000 -2.000000
68.000000 95.000000
222
-90.000000 -24.000000
-58.000000 56.000000
187
75.000000 40.000000
67.000000 -33.000000
171
-38.000000 -52.000000
-57.000000 58.000000
111
-28.000000 -19.000000
-84.000000 -5.000000
202
-37.000000 -0.000000
-65.000000 -25.000000
127
71.000000 96.000000
-58.000000 84.000000
186
87.000000 26.000000
-68.000000 71.000000
152
-81.000000 -11.000000
-52.000000 51.000000
94
-57.000000 10.000000
60.000000 56.000000
176
-22.000000 -38.000000
-64.000000 63.000000
96
-63.000000 -23.000000
58.000000 85.000000
167
10.000000 -26.000000
80.000000 63.000000
77
3.000000 22.000000
-72.000000 52.000000
54
-7.000000 47.000000
58.000000 -33.000000
64
-16.000000 74.000000
-52.000000 -20.000000
134
-36.000000 -22.000000
-55.000000 59.000000
105
-86.000000 45.000000
59.000000 83.000000
199
47.000000 88.000000
-70.000000 -38.000000
132
87.000000 -42.000000
-65.000000 80.000000
233
42.000000 17.000000
-61.000000 84.000000
211
-39.000000 43.000000
92.000000 -18.000000
191
97.000000 -44.000000
-65.000000 53.000000
136
68.000000 89.000000
66.000000 64.000000
140
76.000000 -95.000000
98.000000 95.000000
55
-93.000000 77.000000
68.000000 78.000000
59
-41.000000 -22.000000
79.000000 -36.000000
105
44.000000 -35.000000
52.000000 -46.000000
192
-34.000000 24.000000
-75.000000 -12.000000
149
-10.000000 -31.000000
86.000000 -49.000000
52
-42.000000 -77.000000
-79.000000 -23.000000
153
-66.000000 -76.000000
-55.000000 81.000000
66
27.000000 76.000000
88.000000 71.000000
58
-70.000000 23.000000
-70.000000 82.000000
139
-42.000000 21.000000
-93.000000 -28.000000
134
49.000000 -71.000000
-67.000000 -25.000000
211
29.000000 -74.000000
54.000000 67.000000
118
-85.000000 66.000000
-99.000000 -10.000000
155
-99.000000 2.000000
-86.000000 83.000000
75
-81.000000 -26.000000
-70.000000 67.000000
93
90.000000 -56.000000
-61.000000 72.000000
50
17.000000 -44.000000
99.000000 -17.000000
63
36.000000 -99.000000
55.000000 -13.000000
246
-47.000000 32.000000
-65.000000 -45.000000
179
58.000000 -26.000000
-94.000000 -11.000000
73
95.000000 25.000000
77.000000 91.000000
93
-73.000000 -6.000000
-52.000000 57.000000
229
62.000000 9.000000
-99.000000 -22.000000
99
-92.000000 -90.000000
-61.000000 -22.000000
78
-96.000000 17.000000
-86.000000 52.000000
81
-16.000000 10.000000
52.000000 -29.000000
97
54.000000 -11.000000
-53.000000 -49.000000
236
5.000000 90.000000
65.000000 -3.000000
105
63.000000 -89.000000
-91.000000 -39.000000
198
-10.000000 -60.000000
-66.000000 -32.000000
225
-42.000000 75.000000
68.000000 76.000000
221
-34.000000 -69.000000
-92.000000 -48.000000
196
-99.000000 69.000000
-80.000000 78.000000
175
6.000000 -53.000000
72.000000 83.000000
118
14.000000 -44.000000
-52.000000 84.000000
228
-5.000000 -89.000000
87.000000 -26.000000
203
45.000000 43.000000
76.000000 77.000000
