6.6743e-11 120 1000
82
-65.000000 32.000000
67.000000 -42.000000
190
80.000000 -19.000000
-61.000000 82.000000
200
56.000000 83.000000
-51.000000 62.000000
173
75.000000 -2.000000
-52.000000 77.000000
106
24.000000 83.000000
54.000000 94.000000
206
-83.000000 -3.000000
59.000000 -18.000000
66
29.000000 75.000000
75.000000 62.000000
202
59.000000 75.000000
58.000000 -16.000000
129
19.000000 82.000000
75.000000 67.000000
55
-11.000000 -77.000000
74.000000 -44.000000
83
32.000000 48.000000
-61.000000 59.000000
218
26.000000 47.000000
-98.000000 -14.000000
208
-81.000000 20.000000
87.000000 81.000000
221
27.000000 10.000000
-78.000000 -1.000000
221
-64.000000 -62.000000
59.000000 60.000000
105
-82.000000 50.000000
94.000000 59.000000
218
-94.000000 -58.000000
59.000000 -14.000000
146
-49.000000 70.000000
-60.000000 74.000000
76
-65.000000 -80.000000
69.000000 -31.000000
216
53.000000 56.000000
70.000000 85.000000
116
-48.000000 -17.000000
-65.000000 98.000000
237
46.000000 -29.000000
-73.000000 -16.000000
85
-19.000000 -30.000000
-50.000000 99.000000
233
-1.000000 -30.000000
97.000000 -37.000000
177
-22.000000 -60.000000
-95.000000 77.000000
112
35.000000 61.000000
-65.000000 90.000000
227
52.000000 -13.000000
-50.000000 72.000000
215
45.000000 31.000000
-80.000000 -22.000000
120
7.000000 -8.000000
60.000000 -16.000000
111
51.000000 -88.000000
-70.000000 63.000000
166
-87.000000 -72.000000
83.000000 96.000000
234
12.000000 -28.000000
57.000000 -1.000000
121
-53.000000 26.000000
90.000000 72.000000
67
-33.000000 -85.000000
-91.000000 85.000000
145
-1.000000 97.000000
97.000000 86.000000
90
-14.000000 -34.000000
60.000000 71.000000
220
61.000000 -65.000000
-67.000000 86.000000
161
-34.000000 66.000000
-64.000000 79.000000
232
-18.000000 7.000000
63.000000 -5.000000
136
-49.000000 -63.000000
96.000000 82.000000
138
27.000000 72.000000
-70.000000 52.000000
87
-52.000000 -67.000000
-70.000000 -12.000000
110
64.000000 35.000000
-73.000000 -35.000000
113
-82.000000 -25.000000
92.000000 72.000000
70
85.000000 0.000000
-92.000000 97.000000
57
-44.000000 -7.000000
86.000000 -46.000000
214
-15.000000 -67.000000
-65.000000 -20.000000
89
-49.000000 85.000000
92.000000 -12.000000
179
-78.000000 -10.000000
64.000000 -18.000000
53
-34.000000 13.000000
95.000000 -41.000000
120
-13.000000 -62.000000
-54.000000 -6.000000
240
20.000000 -35.000000
-92.000000 -46.000000
80
-34.000000 -89.000000
77.000000 50.000000
83
28.000000 -66.000000
52.000000 -11.000000
82
-33.000000 3.000000
66.000000 -19.000000
133
-6.000000 63.000000
-77.000000 82.000000
244
-74.000000 1.000000
-65.000000 -28.000000
240
82.000000 -2.000000
72.000000 68.000000
64
12.000000 53.000000
-94.000000 97.000000
84
-61.000000 38.000000
-61.000000 -26.000000
190
-53.000000 63.000000
-88.000000 82.000000
188
54.000000 -68.000000
96.000000 98.000000
188
-81.000000 51.000000
99.000000 -31.000000
177
38.000000 -66.000000
63.000000 80.000000
51
72.000000 31.000000
-76.000000 -8.000000
65
-51.000000 -65.000000
84.000000 -24.000000
152
-8.000000 -87.000000
55.000000 81.000000
156
-92.000000 -74.000000
-99.000000 89.000000
111
-90.000000 -18.000000
-88.000000 -48.000000
94
8.000000 -21.000000
82.000000 -19.000000
154
-48.000000 -10.000000
61.000000 79.000000
193
-4.000000 -80.000000
83.000000 -23.000000
246
5.000000 0.000000
52.000000 -26.000000
182
80.000000 27.000000
80.000000 -7.000000
215
-23.000000 -36.000000
85.000000 -45.000000
58
-73.000000 -77.000000
80.000000 -16.000000
249
-49.000000 -81.000000
95.000000 60.000000
227
91.000000 -31.000000
-69.000000 63.000000
72
-70.000000 52.000000
86.000000 59.000000
88
-18.000000 -11.000000
62.000000 -2.000000
114
-8.000000 -96.000000
64.000000 -10.000000
101
-48.000000 83.000000
-77.000000 62.000000
192
-28.000000 -33.000000
92.000000 -23.000000
98
-12.000000 93.000000
68.000000 -47.000000
164
54.000000 -55.000000
-54.000000 78.000000
229
-56.000000 87.000000
-57.000000 98.000000
149
-41.000000 -7.000000
69.000000 -43.000000
52
83.000000 92.000000
63.000000 90.000000
158
93.000000 -79.000000
-67.000000 -8.000000
105
77.000000 39.000000
83.000000 89.000000
199
-68.000000 -82.000000
70.000000 60.000000
246
95.000000 -0.000000
-53.000000 63.000000
94
17.000000 62.000000
-97.000000 -19.000000
139
-85.000000 39.000000
59.000000 -9.000000
111
31.000000 65.000000
57.000000 -50.000000
180
-3.000000 -9.000000
-72.000000 75.000000
229
53.000000 21.000000
-96.000000 -14.000000
54
32.000000 49.000000
-95.000000 53.000000
234
44.000000 60.000000
96.000000 -17.000000
235
-30.000000 94.000000
78.000000 -16.000000
213
92.000000 92.000000
-81.000000 93.000000
135
3.000000 -65.000000
96.000000 -35.000000
63
-53.000000 56.000000
-75.000000 98.000000
102
-98.000000 2.000000
57.000000 -6.000000
86
-46.000000 -39.000000
-80.000000 -11.000000
114
22.000000 -57.000000
76.000000 95.000000
78
52.000000 44.000000
94.000000 68.000000
102
94.000000 -39.000000
74.000000 83.000000
209
-2.000000 23.000000
64.000000 -1.000000
139
-79.000000 92.000000
75.000000 -6.000000
164
-48.000000 83.000000
79.000000 -22.000000
228
90.000000 99.000000
60.000000 55.000000
182
-56.000000 52.000000
72.000000 53.000000
54
96.000000 -18.000000
-82.000000 86.000000
114
70.000000 75.000000
94.000000 52.000000
207
-4.000000 -27.000000
69.000000 77.000000
67
-43.000000 79.000000
81.000000 60.000000
134
5.000000 17.000000
54.000000 54.000000
212
74.000000 7.000000
70.000000 -15.000000
126
46.000000 -85.000000
-98.000000 -4.000000
