6.6743e-11 1320 1000
186
39.000000 -17.000000
83.000000 -24.000000
106
-40.000000 3.000000
93.000000 59.000000
151
-60.000000 95.000000
-68.000000 -4.000000
213
7.000000 -50.000000
75.000000 62.000000
125
-27.000000 -31.000000
-81.000000 -32.000000
187
-81.000000 89.000000
-55.000000 -36.000000
160
21.000000 38.000000
61.000000 -36.000000
231
-12.000000 -12.000000
-66.000000 -40.000000
144
19.000000 93.000000
-63.000000 72.000000
50
-95.000000 77.000000
-62.000000 -39.000000
175
-27.000000 81.000000
-75.000000 -10.000000
119
71.000000 -2.000000
-68.000000 -11.000000
127
42.000000 -6.000000
-51.000000 -34.000000
128
43.000000 -63.000000
68.000000 -49.000000
62
41.000000 -75.000000
65.000000 -5.000000
128
1.000000 71.000000
93.000000 70.000000
158
15.000000 -10.000000
-81.000000 -4.000000
138
4.000000 -4.000000
62.000000 -20.000000
94
-90.000000 51.000000
-82.000000 65.000000
78
-6.000000 23.000000
51.000000 66.000000
186
23.000000 -38.000000
84.000000 94.000000
58
-87.000000 81.000000
68.000000 -23.000000
96
-11.000000 -24.000000
-61.000000 66.000000
188
45.000000 1.000000
61.000000 88.000000
230
95.000000 40.000000
-89.000000 -17.000000
53
11.000000 -20.000000
82.000000 55.000000
70
70.000000 2.000000
-85.000000 75.000000
111
29.000000 -20.000000
-97.000000 69.000000
69
80.000000 -71.000000
87.000000 -17.000000
221
81.000000 92.000000
82.000000 -12.000000
181
96.000000 5.000000
99.000000 -14.000000
192
-66.000000 83.000000
-85.000000 -41.000000
62
66.000000 49.000000
-53.000000 66.000000
190
71.000000 -9.000000
86.000000 -32.000000
125
63.000000 12.000000
72.000000 -29.000000
112
99.000000 1.000000
-80.000000 61.000000
190
-19.000000 83.000000
-96.000000 -5.000000
153
92.000000 33.000000
74.000000 88.000000
153
30.000000 -27.000000
91.000000 68.000000
105
90.000000 -67.000000
-79.000000 50.000000
174
13.000000 64.000000
64.000000 -41.000000
227
-74.000000 96.000000
-83.000000 -27.000000
211
98.000000 -77.000000
74.000000 -24.000000
117
-94.000000 1.000000
90.000000 82.000000
230
-0.000000 82.000000
83.000000 66.000000
169
37.000000 -76.000000
-90.000000 81.000000
176
65.000000 55.000000
66.000000 -7.000000
67
-72.000000 37.000000
67.000000 94.000000
159
79.000000 -13.000000
73.000000 68.000000
113
29.000000 73.000000
-67.000000 -45.000000
164
-84.000000 -0.000000
-91.000000 82.000000
193
-49.000000 84.000000
76.000000 81.000000
210
70.000000 -58.000000
-53.000000 65.000000
79
8.000000 24.000000
-74.000000 86.000000
190
-42.000000 -22.000000
64.000000 83.000000
242
-60.000000 7.000000
90.000000 -36.000000
218
35.000000 -62.000000
-52.000000 -31.000000
157
-13.000000 -60.000000
-93.000000 58.000000
145
-75.000000 3.000000
57.000000 -1.000000
147
-86.000000 61.000000
-67.000000 -31.000000
51
62.000000 -88.000000
-59.000000 78.000000
206
79.000000 21.000000
-93.000000 -21.000000
120
-39.000000 74.000000
-59.000000 -1.000000
116
31.000000 43.000000
58.000000 -12.000000
129
10.000000 -4.000000
94.000000 68.000000
215
42.000000 -65.000000
-77.000000 -47.000000
130
-11.000000 24.000000
-72.000000 -17.000000
50
36.000000 23.000000
-64.000000 94.000000
102
39.000000 -0.000000
60.000000 68.000000
74
3.000000 -91.000000
-83.000000 -38.000000
177
-6.000000 -47.000000
-87.000000 51.000000
241
50.000000 21.000000
67.000000 -30.000000
219
-78.000000 -85.000000
66.000000 -8.000000
127
-32.000000 60.000000
97.000000 99.000000
113
-18.000000 -94.000000
-87.000000 59.000000
161
-49.000000 40.000000
-91.000000 89.000000
193
9.000000 -57.000000
71.000000 -19.000000
110
60.000000 33.000000
-64.000000 66.000000
55
40.000000 53.000000
-65.000000 84.000000
135
-88.000000 -66.000000
70.000000 96.000000
141
14.000000 -34.000000
57.000000 88.000000
202
7.000000 -3.000000
50.000000 -46.000000
85
-30.000000 -96.000000
70.000000 -49.000000
115
-52.000000 -30.000000
-87.000000 -29.000000
98
-34.000000 73.000000
-82.000000 -21.000000
91
11.000000 -33.000000
-51.000000 -11.000000
150
15.000000 -20.000000
92.000000 73.000000
125
-44.000000 99.000000
-84.000000 -41.000000
50
-92.000000 -21.000000
-74.000000 -45.000000
225
96.000000 73.000000
-91.000000 -1.000000
114
62.000000 -45.000000
66.000000 82.000000
158
45.000000 37.000000
84.000000 89.000000
71
97.000000 -69.000000
92.000000 -48.000000
224
-15.000000 -83.000000
62.000000 66.000000
131
63.000000 -62.000000
69.000000 -6.000000
74
-77.000000 86.000000
56.000000 92.000000
110
39.000000 -84.000000
76.000000 66.000000
229
-19.000000 72.000000
-68.000000 94.000000
173
11.000000 3.000000
55.000000 74.000000
76
-14.000000 65.000000
-66.000000 -22.000000
62
80.000000 -79.000000
-79.000000 89.000000
56
-25.000000 -58.000000
-92.000000 67.000000
138
24.000000 26.000000
69.000000 -33.000000
247
36.000000 -66.000000
60.000000 -8.000000
193
-38.000000 -72.000000
54.000000 -7.000000
170
-67.000000 -20.000000
85.000000 -3.000000
90
35.000000 -6.000000
94.000000 87.000000
142
-96.000000 98.000000
81.000000 -45.000000
75
-1.000000 84.000000
72.000000 61.000000
220
74.000000 -96.000000
71.000000 -32.000000
236
-6.000000 21.000000
-59.000000 -28.000000
242
78.000000 91.000000
69.000000 81.000000
233
7.000000 92.000000
-86.000000 -42.000000
187
-13.000000 85.000000
-78.000000 -12.000000
58
-23.000000 -15.000000
87.000000 58.000000
103
-41.000000 -57.000000
-98.000000 -13.000000
112
7.000000 -17.000000
69.000000 -28.000000
215
-21.000000 57.000000
92.000000 89.000000
144
-70.000000 -14.000000
-62.000000 -4.000000
203
4.000000 18.000000
91.000000 57.000000
118
64.000000 -66.000000
-55.000000 92.000000
229
-79.000000 91.000000
57.000000 68.000000
213
-2.000000 74.000000
84.000000 72.000000
102
16.000000 -28.000000
63.000000 -36.000000
246
-57.000000 -51.000000
-62.000000 -4.000000
182
24.000000 79.000000
98.000000 66.000000
101
-5.000000 91.000000
61.000000 -40.000000
117
67.000000 -14.000000
72.000000 75.000000
70
-53.000000 35.000000
-93.000000 -49.000000
113
-9.000000 72.000000
82.000000 -11.000000
51
12.000000 -35.000000
71.000000 -37.000000
160
-20.000000 93.000000
-68.000000 -15.000000
94
-42.000000 15.000000
-90.000000 72.000000
79
-65.000000 84.000000
99.000000 67.000000
75
-53.000000 -85.000000
68.000000 -11.000000
239
-96.000000 -61.000000
-51.000000 88.000000
219
18.000000 91.000000
-87.000000 96.000000
168
-42.000000 -49.000000
-80.000000 -30.000000
76
-31.000000 -86.000000
71.000000 98.000000
242
14.000000 -17.000000
-57.000000 99.000000
224
-57.000000 -57.000000
-71.000000 60.000000
62
-30.000000 9.000000
-68.000000 -44.000000
216
-74.000000 24.000000
83.000000 -25.000000
234
-8.000000 -59.000000
92.000000 -22.000000
229
-69.000000 -85.000000
79.000000 -10.000000
197
-82.000000 99.000000
91.000000 73.000000
113
-77.000000 -76.000000
-69.000000 84.000000
131
-89.000000 -38.000000
90.000000 98.000000
111
39.000000 -81.000000
-62.000000 -22.000000
162
6.000000 2.000000
95.000000 -35.000000
217
-36.000000 -48.000000
70.000000 87.000000
150
-98.000000 -40.000000
-92.000000 80.000000
206
2.000000 -84.000000
55.000000 78.000000
105
33.000000 -86.000000
92.000000 91.000000
119
-28.000000 94.000000
93.000000 -17.000000
109
74.000000 -21.000000
-82.000000 65.000000
130
26.000000 74.000000
-65.000000 -45.000000
163
-35.000000 -48.000000
-97.000000 50.000000
63
99.000000 26.000000
62.000000 64.000000
195
9.000000 64.000000
70.000000 -48.000000
82
-43.000000 42.000000
-90.000000 -50.000000
199
-96.000000 -18.000000
-83.000000 95.000000
52
-46.000000 65.000000
-72.000000 62.000000
79
13.000000 -99.000000
79.000000 -29.000000
167
-87.000000 -80.000000
-77.000000 89.000000
53
39.000000 66.000000
65.000000 -27.000000
153
12.000000 41.000000
86.000000 58.000000
167
-46.000000 -1.000000
-58.000000 -46.000000
56
-79.000000 -16.000000
-62.000000 -19.000000
111
-97.000000 1.000000
71.000000 58.000000
64
-58.000000 17.000000
-81.000000 -32.000000
139
75.000000 -98.000000
86.000000 65.000000
173
72.000000 -75.000000
-86.000000 -48.000000
149
27.000000 -44.000000
-70.000000 52.000000
64
-3.000000 53.000000
-70.000000 70.000000
219
-55.000000 -12.000000
-59.000000 90.000000
161
-22.000000 -0.000000
-79.000000 -39.000000
112
-51.000000 -75.000000
-94.000000 96.000000
96
-75.000000 -98.000000
74.000000 75.000000
131
10.000000 83.000000
66.000000 -24.000000
138
9.000000 -76.000000
-93.000000 82.000000
98
90.000000 -67.000000
91.000000 -31.000000
231
-95.000000 82.000000
-73.000000 -1.000000
150
78.000000 50.000000
51.000000 -10.000000
69
-44.000000 -53.000000
-93.000000 -7.000000
186
26.000000 97.000000
-75.000000 84.000000
240
-35.000000 99.000000
77.000000 -26.000000
137
-19.000000 -64.000000
81.000000 -30.000000
188
97.000000 -96.000000
60.000000 -34.000000
186
85.000000 0.000000
80.000000 75.000000
86
-3.000000 -79.000000
88.000000 69.000000
241
-15.000000 -83.000000
-68.000000 83.000000
101
49.000000 -72.000000
95.000000 -21.000000
150
74.000000 57.000000
97.000000 -15.000000
98
54.000000 -69.000000
77.000000 -22.000000
174
-93.000000 62.000000
64.000000 92.000000
202
78.000000 40.000000
-67.000000 55.000000
119
-76.000000 96.000000
51.000000 -30.000000
199
-99.000000 43.000000
-61.000000 74.000000
162
-65.000000 -33.000000
67.000000 -3.000000
72
-24.000000 -1.000000
51.000000 57.000000
144
-27.000000 72.000000
71.000000 -49.000000
63
-4.000000 -41.000000
72.000000 -31.000000
209
1.000000 37.000000
86.000000 79.000000
169
-26.000000 -10.000000
-84.000000 77.000000
187
9.000000 23.000000
90.000000 -35.000000
164
22.000000 -1.000000
65.000000 84.000000
130
-84.000000 79.000000
77.000000 93.000000
169
20.000000 13.000000
-61.000000 59.000000
207
30.000000 -6.000000
-93.000000 -10.000000
111
-58.000000 93.000000
-60.000000 50.000000
235
-85.000000 54.000000
-96.000000 -5.000000
130
27.000000 40.000000
-80.000000 67.000000
57
12.000000 57.000000
-78.000000 78.000000
134
85.000000 -19.000000
-92.000000 -31.000000
112
59.000000 -15.000000
-75.000000 83.000000
141
-30.000000 -42.000000
-63.000000 -26.000000
143
46.000000 -47.000000
-69.000000 94.000000
233
-30.000000 -37.000000
61.000000 -40.000000
159
44.000000 83.000000
-56.000000 82.000000
138
83.000000 21.000000
-63.000000 -7.000000
55
56.000000 -75.000000
-91.000000 -16.000000
116
-26.000000 64.000000
-72.000000 81.000000
246
79.000000 34.000000
58.000000 -15.000000
173
50.000000 -69.000000
83.000000 -10.000000
131
67.000000 -36.000000
-79.000000 -40.000000
197
4.000000 -95.000000
73.000000 93.000000
204
56.000000 51.000000
-76.000000 -3.000000
163
-65.000000 24.000000
-74.000000 -7.000000
71
-8.000000 40.000000
91.000000 72.000000
63
31.000000 -62.000000
74.000000 -8.000000
58
32.000000 -47.000000
79.000000 71.000000
83
-79.000000 -40.000000
74.000000 -5.000000
129
-45.000000 -92.000000
-89.000000 -13.000000
229
-50.000000 -0.000000
93.000000 -20.000000
118
-96.000000 83.000000
98.000000 -34.000000
196
-30.000000 57.000000
-84.000000 50.000000
97
-5.000000 21.000000
53.000000 99.000000
169
11.000000 -0.000000
-66.000000 -10.000000
154
36.000000 -70.000000
99.000000 67.000000
242
99.000000 9.000000
-61.000000 64.000000
147
-59.000000 0.000000
82.000000 72.000000
154
16.000000 20.000000
-62.000000 -20.000000
242
98.000000 54.000000
-97.000000 -41.000000
55
24.000000 -97.000000
53.000000 81.000000
170
14.000000 19.000000
92.000000 58.000000
207
58.000000 67.000000
62.000000 54.000000
69
88.000000 53.000000
86.000000 -1.000000
152
4.000000 -32.000000
-68.000000 -29.000000
51
38.000000 -95.000000
62.000000 60.000000
143
-45.000000 -20.000000
-79.000000 -10.000000
101
-97.000000 -51.000000
60.000000 74.000000
121
18.000000 -3.000000
96.000000 -4.000000
222
94.000000 85.000000
-75.000000 -16.000000
224
27.000000 75.000000
-75.000000 57.000000
192
-71.000000 -23.000000
65.000000 78.000000
218
-18.000000 -27.000000
97.000000 66.000000
64
-41.000000 -29.000000
82.000000 -4.000000
59
-72.000000 -0.000000
64.000000 -25.000000
123
9.000000 -36.000000
-74.000000 68.000000
210
6.000000 -4.000000
-63.000000 98.000000
126
-3.000000 -62.000000
95.000000 85.000000
179
-1.000000 40.000000
77.000000 -18.000000
209
31.000000 19.000000
90.000000 66.000000
96
-99.000000 -70.000000
-52.000000 66.000000
71
52.000000 -6.000000
-89.000000 77.000000
79
69.000000 32.000000
-75.000000 91.000000
200
-39.000000 23.000000
-70.000000 86.000000
58
-98.000000 -6.000000
79.000000 -4.000000
62
-55.000000 -28.000000
78.000000 -44.000000
221
-96.000000 -10.000000
-52.000000 50.000000
53
-40.000000 -94.000000
55.000000 99.000000
176
8.000000 40.000000
-60.000000 -12.000000
237
87.000000 -89.000000
-59.000000 88.000000
214
87.000000 -25.000000
69.000000 51.000000
229
-60.000000 -1.000000
87.000000 55.000000
158
57.000000 70.000000
97.000000 59.000000
72
25.000000 -64.000000
-68.000000 58.000000
184
42.000000 98.000000
90.000000 59.000000
111
71.000000 -10.000000
-77.000000 -5.000000
103
25.000000 -11.000000
-63.000000 71.000000
166
3.000000 -96.000000
74.000000 -32.000000
74
12.000000 80.000000
67.000000 -50.000000
87
44.000000 -11.000000
89.000000 -38.000000
72
-76.000000 47.000000
69.000000 -40.000000
115
-15.000000 34.000000
-73.000000 -1.000000
207
29.000000 63.000000
-96.000000 73.000000
145
47.000000 98.000000
-98.000000 -23.000000
73
-17.000000 46.000000
-77.000000 98.000000
85
80.000000 -34.000000
75.000000 96.000000
70
-9.000000 6.000000
-50.000000 94.000000
67
-10.000000 -64.000000
-57.000000 63.000000
123
82.000000 41.000000
60.000000 -12.000000
213
11.000000 54.000000
-86.000000 66.000000
104
-21.000000 -76.000000
-58.000000 -13.000000
52
-79.000000 82.000000
-92.000000 -23.000000
124
-8.000000 -57.000000
86.000000 71.000000
136
-57.000000 96.000000
-72.000000 -38.000000
170
47.000000 -13.000000
-99.000000 -48.000000
110
-17.000000 -35.000000
69.000000 61.000000
108
56.000000 38.000000
86.000000 69.000000
206
-15.000000 67.000000
89.000000 -42.000000
87
-46.000000 -22.000000
-54.000000 62.000000
113
-49.000000 -91.000000
-55.000000 -17.000000
140
-12.000000 -99.000000
72.000000 -34.000000
117
95.000000 -57.000000
93.000000 69.000000
187
12.000000 -43.000000
-55.000000 -50.000000
190
-52.000000 26.000000
81.000000 -45.000000
116
-74.000000 40.000000
54.000000 -8.000000
88
95.000000 -29.000000
80.000000 74.000000
106
57.000000 -88.000000
-84.000000 -34.000000
222
84.000000 86.000000
78.000000 61.000000
160
-49.000000 -47.000000
82.000000 58.000000
105
87.000000 88.000000
-55.000000 -2.000000
143
80.000000 -72.000000
-78.000000 51.000000
111
-82.000000 -47.000000
60.000000 -16.000000
167
95.000000 91.000000
-85.000000 -3.000000
106
-37.000000 -12.000000
85.000000 73.000000
108
-65.000000 86.000000
-81.000000 -3.000000
85
-9.000000 -42.000000
58.000000 60.000000
113
58.000000 14.000000
59.000000 -44.000000
135
-55.000000 -65.000000
-89.000000 -15.000000
53
-10.000000 92.000000
89.000000 -41.000000
242
50.000000 -5.000000
-80.000000 95.000000
105
-69.000000 42.000000
-86.000000 93.000000
104
39.000000 91.000000
-56.000000 -48.000000
116
39.000000 36.000000
-80.000000 79.000000
165
34.000000 77.000000
-51.000000 76.000000
157
-26.000000 -69.000000
-64.000000 84.000000
140
74.000000 -72.000000
-77.000000 73.000000
226
77.000000 47.000000
-98.000000 -37.000000
237
92.000000 12.000000
-98.000000 -31.000000
120
-99.000000 -37.000000
55.000000 83.000000
60
63.000000 -52.000000
-59.000000 -1.000000
210
57.000000 71.000000
53.000000 -24.000000
177
74.000000 -90.000000
-63.000000 -14.000000
71
45.000000 -0.000000
-75.000000 75.000000
149
-15.000000 25.000000
97.000000 -9.000000
157
-8.000000 -54.000000
59.000000 -3.000000
93
10.000000 -47.000000
-67.000000 -25.000000
62
-69.000000 -15.000000
-82.000000 88.000000
231
33.000000 61.000000
78.000000 79.000000
240
0.000000 35.000000
-93.000000 -29.000000
101
-38.000000 28.000000
62.000000 -25.000000
191
21.000000 2.000000
69.000000 -15.000000
126
91.000000 62.000000
54.000000 -26.000000
136
27.000000 -29.000000
-71.000000 -18.000000
112
55.000000 -74.000000
89.000000 -8.000000
215
-25.000000 -84.000000
-52.000000 -39.000000
139
-48.000000 -17.000000
-82.000000 -47.000000
181
-56.000000 71.000000
-88.000000 83.000000
136
-16.000000 18.000000
-62.000000 -22.000000
179
-94.000000 -25.000000
-65.000000 62.000000
221
6.000000 -14.000000
54.000000 -26.000000
100
3.000000 50.000000
-54.000000 -32.000000
225
-67.000000 -72.000000
97.000000 95.000000
77
46.000000 -15.000000
-95.000000 93.000000
226
34.000000 62.000000
-69.000000 -48.000000
55
-61.000000 -16.000000
62.000000 69.000000
75
37.000000 25.000000
50.000000 87.000000
212
-5.000000 -2.000000
-65.000000 -13.000000
110
1.000000 2.000000
-69.000000 90.000000
122
-94.000000 49.000000
-64.000000 73.000000
156
-34.000000 -33.000000
-52.000000 -18.000000
248
1.000000 60.000000
-71.000000 -19.000000
167
-2.000000 23.000000
92.000000 61.000000
73
52.000000 -10.000000
-52.000000 86.000000
116
-79.000000 -61.000000
-62.000000 -5.000000
240
31.000000 39.000000
-59.000000 -38.000000
55
-43.000000 -9.000000
87.000000 62.000000
236
-69.000000 -21.000000
68.000000 -4.000000
102
20.000000 80.000000
54.000000 64.000000
122
84.000000 -47.000000
50.000000 -7.000000
51
-82.000000 -98.000000
58.000000 -11.000000
115
25.000000 -15.000000
-90.000000 79.000000
64
-86.000000 -0.000000
-61.000000 57.000000
65
45.000000 -98.000000
-84.000000 62.000000
203
34.000000 -3.000000
-94.000000 -23.000000
114
17.000000 -44.000000
98.000000 -9.000000
82
-95.000000 -18.000000
78.000000 -22.000000
223
24.000000 43.000000
-82.000000 -31.000000
112
-11.000000 -67.000000
-51.000000 79.000000
144
12.000000 78.000000
57.000000 60.000000
72
-52.000000 68.000000
65.000000 67.000000
189
-78.000000 51.000000
-77.000000 68.000000
95
-37.000000 29.000000
86.000000 -18.000000
237
83.000000 80.000000
54.000000 72.000000
177
-45.000000 -74.000000
91.000000 84.000000
64
-65.000000 -7.000000
90.000000 58.000000
54
1.000000 19.000000
92.000000 -50.000000
131
-97.000000 52.000000
-77.000000 -16.000000
113
-65.000000 23.000000
-54.000000 98.000000
103
-89.000000 -76.000000
84.000000 -38.000000
111
67.000000 93.000000
72.000000 -32.000000
59
8.000000 -3.000000
-84.000000 54.000000
146
-99.000000 -28.000000
-72.000000 76.000000
54
27.000000 -83.000000
63.000000 -12.000000
62
-12.000000 90.000000
59.000000 -11.000000
247
42.000000 10.000000
58.000000 -28.000000
167
-78.000000 50.000000
84.000000 -34.000000
163
-28.000000 77.000000
53.000000 70.000000
206
-16.000000 -46.000000
87.000000 93.000000
82
90.000000 79.000000
-77.000000 -38.000000
141
55.000000 -52.000000
96.000000 -17.000000
156
28.000000 64.000000
86.000000 -28.000000
107
-59.000000 -96.000000
-73.000000 -14.000000
83
-3.000000 46.000000
93.000000 68.000000
241
14.000000 28.000000
-64.000000 99.000000
66
-86.000000 28.000000
-96.000000 56.000000
82
19.000000 -67.000000
-55.000000 -39.000000
202
-40.000000 14.000000
-71.000000 -26.000000
224
45.000000 -65.000000
68.000000 -43.000000
164
-3.000000 14.000000
68.000000 59.000000
230
81.000000 -4.000000
-98.000000 -19.000000
51
-62.000000 23.000000
95.000000 80.000000
199
46.000000 52.000000
72.000000 97.000000
248
10.000000 42.000000
55.000000 -32.000000
61
2.000000 -82.000000
98.000000 52.000000
246
10.000000 -92.000000
88.000000 -49.000000
140
86.000000 26.000000
-86.000000 88.000000
121
-49.000000 16.000000
-81.000000 53.000000
129
83.000000 -49.000000
60.000000 80.000000
235
-7.000000 53.000000
-81.000000 -8.000000
92
-7.000000 -34.000000
56.000000 -29.000000
228
17.000000 -35.000000
-97.000000 -15.000000
239
13.000000 -31.000000
76.000000 -1.000000
69
-38.000000 31.000000
-82.000000 62.000000
119
70.000000 -8.000000
58.000000 -38.000000
192
27.000000 -15.000000
-69.000000 -42.000000
174
-18.000000 -98.000000
58.000000 88.000000
110
-79.000000 56.000000
-97.000000 -44.000000
171
-0.000000 -3.000000
73.000000 -28.000000
236
65.000000 -98.000000
90.000000 93.000000
60
-74.000000 39.000000
81.000000 -22.000000
181
-78.000000 -40.000000
61.000000 -44.000000
157
-85.000000 -41.000000
-94.000000 77.000000
127
92.000000 -16.000000
53.000000 82.000000
95
-1.000000 -28.000000
90.000000 55.000000
113
-19.000000 75.000000
72.000000 73.000000
77
28.000000 5.000000
76.000000 -36.000000
152
86.000000 -41.000000
-89.000000 -27.000000
158
28.000000 -95.000000
-79.000000 52.000000
135
87.000000 29.000000
-84.000000 -31.000000
149
92.000000 54.000000
-96.000000 -29.000000
213
-0.000000 99.000000
87.000000 -3.000000
179
-19.000000 -50.000000
-75.000000 -31.000000
202
5.000000 12.000000
56.000000 -32.000000
208
69.000000 45.000000
60.000000 -25.000000
71
-81.000000 -87.000000
-88.000000 71.000000
143
-21.000000 21.000000
80.000000 -4.000000
53
81.000000 68.000000
98.000000 -34.000000
182
66.000000 -71.000000
-75.000000 -22.000000
61
-22.000000 -0.000000
-66.000000 60.000000
204
17.000000 51.000000
85.000000 -14.000000
53
84.000000 44.000000
92.000000 -14.000000
55
-55.000000 82.000000
-67.000000 60.000000
53
-38.000000 75.000000
98.000000 73.000000
192
-7.000000 -86.000000
75.000000 -40.000000
209
40.000000 -50.000000
63.000000 65.000000
210
15.000000 -7.000000
-53.000000 -46.000000
113
43.000000 9.000000
-63.000000 72.000000
120
59.000000 -86.000000
-88.000000 95.000000
209
21.000000 88.000000
65.000000 76.000000
104
91.000000 -5.000000
-61.000000 -47.000000
151
17.000000 21.000000
53.000000 56.000000
107
61.000000 97.000000
77.000000 -20.000000
55
-94.000000 27.000000
-76.000000 -47.000000
240
-97.000000 4.000000
-74.000000 -45.000000
78
30.000000 36.000000
-57.000000 -47.000000
157
40.000000 86.000000
90.000000 67.000000
143
18.000000 -77.000000
67.000000 83.000000
209
-61.000000 -37.000000
-97.000000 -45.000000
169
80.000000 22.000000
-70.000000 -3.000000
86
-39.000000 -10.000000
73.000000 60.000000
103
45.000000 27.000000
99.000000 87.000000
70
21.000000 -17.000000
70.000000 74.000000
179
72.000000 39.000000
-69.000000 -10.000000
217
98.000000 89.000000
-89.000000 51.000000
185
37.000000 -52.000000
95.000000 58.000000
164
72.000000 27.000000
80.000000 60.000000
92
-91.000000 -85.000000
53.000000 -50.000000
116
6.000000 -53.000000
-77.000000 -13.000000
207
5.000000 -67.000000
-56.000000 -14.000000
183
-73.000000 -11.000000
97.000000 61.000000
134
-30.000000 -62.000000
85.000000 76.000000
203
-67.000000 -84.000000
98.000000 58.000000
62
-7.000000 -71.000000
-82.000000 -36.000000
98
-66.000000 19.000000
86.000000 -21.000000
215
-79.000000 -2.000000
76.000000 83.000000
82
-77.000000 52.000000
76.000000 97.000000
144
-13.000000 -11.000000
-75.000000 58.000000
63
-73.000000 -16.000000
-62.000000 55.000000
53
-79.000000 -34.000000
-96.000000 -4.000000
200
57.000000 -28.000000
87.000000 57.000000
56
21.000000 69.000000
55.000000 -38.000000
232
97.000000 27.000000
63.000000 -7.000000
187
-4.000000 18.000000
78.000000 -12.000000
204
73.000000 -76.000000
-57.000000 -31.000000
231
-27.000000 -34.000000
-64.000000 88.000000
81
95.000000 57.000000
50.000000 -45.000000
97
9.000000 50.000000
79.000000 82.000000
179
83.000000 -50.000000
-61.000000 62.000000
182
55.000000 -49.000000
-79.000000 55.000000
97
-23.000000 86.000000
94.000000 -48.000000
113
83.000000 5.000000
69.000000 90.000000
122
3.000000 13.000000
53.000000 -11.000000
106
57.000000 -45.000000
-69.000000 -10.000000
213
-22.000000 0.000000
-96.000000 79.000000
202
-79.000000 -57.000000
85.000000 -50.000000
158
80.000000 38.000000
53.000000 99.000000
176
53.000000 -65.000000
-50.000000 -34.000000
204
-20.000000 64.000000
98.000000 -13.000000
157
-6.000000 -17.000000
-58.000000 93.000000
209
5.000000 -94.000000
73.000000 -42.000000
239
-18.000000 -1.000000
77.000000 53.000000
85
54.000000 86.000000
-52.000000 -11.000000
105
-94.000000 -14.000000
-83.000000 -31.000000
147
-86.000000 6.000000
-65.000000 -33.000000
130
-5.000000 64.000000
-55.000000 -7.000000
69
86.000000 -67.000000
68.000000 -43.000000
232
-73.000000 -10.000000
95.000000 -27.000000
61
-88.000000 22.000000
-62.000000 50.000000
137
28.000000 -41.000000
98.000000 -24.000000
230
-65.000000 61.000000
68.000000 80.000000
208
-78.000000 -10.000000
-61.000000 58.000000
168
-20.000000 -5.000000
-73.000000 -32.000000
207
-57.000000 -95.000000
90.000000 -9.000000
210
-50.000000 -25.000000
65.000000 -33.000000
197
12.000000 -82.000000
-72.000000 -42.000000
210
43.000000 -51.000000
-67.000000 72.000000
65
-2.000000 99.000000
61.000000 -33.000000
176
68.000000 -98.000000
60.000000 -49.000000
129
33.000000 4.000000
59.000000 80.000000
84
-35.000000 83.000000
53.000000 -41.000000
246
50.000000 -62.000000
-60.000000 81.000000
225
29.000000 31.000000
93.000000 98.000000
88
-28.000000 -55.000000
-79.000000 56.000000
149
-69.000000 6.000000
57.000000 76.000000
136
-69.000000 79.000000
84.000000 -41.000000
211
75.000000 -92.000000
61.000000 73.000000
159
-16.000000 -51.000000
-72.000000 -46.000000
205
-74.000000 77.000000
-84.000000 98.000000
164
-86.000000 -0.000000
89.000000 -16.000000
78
97.000000 -89.000000
67.000000 79.000000
148
-9.000000 48.000000
79.000000 83.000000
228
33.000000 -34.000000
86.000000 85.000000
58
75.000000 -91.000000
-67.000000 79.000000
83
65.000000 11.000000
73.000000 96.000000
157
-8.000000 -53.000000
-68.000000 -31.000000
132
-80.000000 -45.000000
-80.000000 97.000000
51
32.000000 85.000000
-86.000000 -1.000000
179
-83.000000 -58.000000
75.000000 -6.000000
138
58.000000 70.000000
-85.000000 -7.000000
62
31.000000 -57.000000
-94.000000 -34.000000
121
-36.000000 -77.000000
92.000000 -19.000000
70
50.000000 61.000000
-60.000000 94.000000
194
93.000000 25.000000
-71.000000 91.000000
91
26.000000 -93.000000
52.000000 -25.000000
80
78.000000 78.000000
50.000000 92.000000
199
46.000000 48.000000
-87.000000 79.000000
73
-24.000000 -12.000000
81.000000 -14.000000
246
32.000000 82.000000
92.000000 -16.000000
105
49.000000 47.000000
-94.000000 -15.000000
184
-56.000000 -74.000000
73.000000 -19.000000
85
-39.000000 -96.000000
-79.000000 -1.000000
80
-14.000000 -92.000000
98.000000 -44.000000
186
65.000000 55.000000
-98.000000 74.000000
65
51.000000 97.000000
73.000000 95.000000
169
84.000000 -18.000000
-65.000000 64.000000
100
5.000000 14.000000
-67.000000 -31.000000
78
-51.000000 -52.000000
69.000000 58.000000
247
-39.000000 -89.000000
95.000000 84.000000
224
38.000000 -89.000000
-97.000000 65.000000
71
35.000000 -2.000000
86.000000 87.000000
205
-47.000000 -38.000000
74.000000 -37.000000
99
-35.000000 -84.000000
-99.000000 -39.000000
150
18.000000 3.000000
-61.000000 -44.000000
142
-96.000000 -58.000000
64.000000 65.000000
235
11.000000 79.000000
-66.000000 60.000000
193
-48.000000 1.000000
73.000000 77.000000
161
2.000000 -26.000000
67.000000 -25.000000
96
48.000000 -39.000000
-87.000000 86.000000
86
-60.000000 -69.000000
-65.000000 88.000000
110
-16.000000 -20.000000
87.000000 -5.000000
59
3.000000 -68.000000
64.000000 76.000000
199
68.000000 -90.000000
-86.000000 -38.000000
145
-88.000000 -71.000000
99.000000 -35.000000
51
-67.000000 -82.000000
-97.000000 55.000000
178
32.000000 -9.000000
-78.000000 -23.000000
237
17.000000 85.000000
69.000000 65.000000
129
-29.000000 -26.000000
-96.000000 81.000000
73
96.000000 50.000000
64.000000 -17.000000
162
-67.000000 89.000000
96.000000 -40.000000
124
-74.000000 -10.000000
-72.000000 -10.000000
105
-80.000000 90.000000
-61.000000 70.000000
139
85.000000 -44.000000
75.000000 57.000000
70
-12.000000 37.000000
-88.000000 96.000000
116
85.000000 -11.000000
50.000000 -49.000000
226
27.000000 -6.000000
-83.000000 73.000000
153
-91.000000 45.000000
-80.000000 -5.000000
223
62.000000 -56.000000
-59.000000 -38.000000
76
-92.000000 -67.000000
72.000000 -12.000000
96
29.000000 -18.000000
65.000000 69.000000
185
46.000000 43.000000
79.000000 -28.000000
110
-91.000000 4.000000
73.000000 75.000000
62
-52.000000 47.000000
73.000000 60.000000
195
29.000000 11.000000
-93.000000 93.000000
220
19.000000 40.000000
93.000000 -5.000000
104
24.000000 -68.000000
85.000000 98.000000
224
59.000000 -11.000000
87.000000 -22.000000
204
67.000000 -85.000000
77.000000 62.000000
55
33.000000 6.000000
86.000000 78.000000
85
79.000000 -0.000000
87.000000 60.000000
174
52.000000 50.000000
-72.000000 93.000000
238
-54.000000 32.000000
72.000000 88.000000
192
-57.000000 58.000000
-74.000000 88.000000
117
85.000000 70.000000
-99.000000 -43.000000
89
-92.000000 -25.000000
67.000000 -29.000000
165
18.000000 32.000000
83.000000 95.000000
197
-16.000000 -40.000000
94.000000 89.000000
81
-97.000000 -38.000000
-71.000000 62.000000
106
18.000000 98.000000
-86.000000 -22.000000
200
-42.000000 92.000000
-57.000000 -18.000000
201
-37.000000 82.000000
-62.000000 74.000000
238
-63.000000 97.000000
-75.000000 -25.000000
238
45.000000 -30.000000
-73.000000 -27.000000
68
-9.000000 34.000000
74.000000 -44.000000
69
74.000000 0.000000
53.000000 -17.000000
76
-71.000000 65.000000
-98.000000 96.000000
75
-90.000000 35.000000
67.000000 -12.000000
123
97.000000 12.000000
-58.000000 53.000000
117
-8.000000 -9.000000
-58.000000 64.000000
220
97.000000 -10.000000
78.000000 -46.000000
142
-18.000000 -97.000000
-70.000000 89.000000
225
69.000000 4.000000
-80.000000 95.000000
134
3.000000 -4.000000
74.000000 54.000000
174
-86.000000 27.000000
-87.000000 -30.000000
55
-30.000000 -60.000000
56.000000 70.000000
162
45.000000 26.000000
63.000000 78.000000
96
40.000000 85.000000
-96.000000 -44.000000
137
-80.000000 -12.000000
99.000000 -25.000000
217
9.000000 -18.000000
77.000000 -5.000000
59
14.000000 -67.000000
-56.000000 57.000000
100
26.000000 -71.000000
90.000000 -21.000000
118
-80.000000 88.000000
65.000000 -32.000000
147
55.000000 -48.000000
74.000000 94.000000
185
-6.000000 -18.000000
-97.000000 90.000000
155
54.000000 -90.000000
-90.000000 79.000000
122
-72.000000 92.000000
98.000000 -50.000000
95
58.000000 26.000000
70.000000 -45.000000
169
68.000000 -94.000000
-56.000000 63.000000
141
26.000000 -12.000000
58.000000 59.000000
129
89.000000 59.000000
-64.000000 77.000000
183
-59.000000 -43.000000
83.000000 58.000000
197
-72.000000 95.000000
63.000000 -20.000000
201
-3.000000 44.000000
-64.000000 85.000000
233
-24.000000 92.000000
84.000000 -49.000000
247
-9.000000 68.000000
89.000000 -7.000000
211
79.000000 79.000000
-83.000000 -10.000000
92
36.000000 -89.000000
-98.000000 72.000000
97
-62.000000 38.000000
97.000000 52.000000
155
38.000000 -28.000000
69.000000 90.000000
124
-39.000000 27.000000
57.000000 95.000000
192
-42.000000 53.000000
65.000000 56.000000
180
2.000000 -27.000000
-70.000000 71.000000
54
77.000000 -6.000000
-71.000000 -38.000000
180
50.000000 -92.000000
-78.000000 -50.000000
227
-23.000000 6.000000
91.000000 95.000000
240
55.000000 5.000000
-89.000000 57.000000
54
40.000000 -74.000000
-57.000000 -43.000000
137
-39.000000 78.000000
-79.000000 -22.000000
153
-33.000000 -97.000000
93.000000 -32.000000
194
84.000000 -85.000000
82.000000 -3.000000
56
51.000000 -19.000000
97.000000 -9.000000
104
23.000000 -7.000000
95.000000 77.000000
57
-39.000000 -80.000000
-61.000000 -3.000000
210
66.000000 -12.000000
71.000000 -8.000000
120
-69.000000 95.000000
-76.000000 55.000000
175
44.000000 13.000000
-61.000000 -6.000000
102
-93.000000 74.000000
53.000000 96.000000
56
-7.000000 33.000000
74.000000 -15.000000
160
77.000000 75.000000
-96.000000 -21.000000
135
57.000000 -2.000000
50.000000 -13.000000
240
-8.000000 16.000000
82.000000 63.000000
233
-71.000000 -87.000000
76.000000 72.000000
167
19.000000 -17.000000
-63.000000 75.000000
221
-46.000000 -57.000000
-55.000000 52.000000
241
-59.000000 -4.000000
-61.000000 50.000000
78
53.000000 -99.000000
87.000000 94.000000
203
-38.000000 71.000000
91.000000 71.000000
76
55.000000 -19.000000
-71.000000 81.000000
218
67.000000 78.000000
-61.000000 81.000000
140
90.000000 -89.000000
-83.000000 62.000000
225
-95.000000 57.000000
-92.000000 -31.000000
204
25.000000 -60.000000
-97.000000 -19.000000
90
-42.000000 -43.000000
-75.000000 -6.000000
245
-55.000000 82.000000
53.000000 -17.000000
77
8.000000 76.000000
58.000000 -28.000000
194
36.000000 -67.000000
-54.000000 -4.000000
85
74.000000 37.000000
89.000000 90.000000
133
51.000000 -47.000000
-82.000000 -17.000000
137
41.000000 -46.000000
-80.000000 93.000000
240
-23.000000 -21.000000
83.000000 96.000000
176
-26.000000 34.000000
-71.000000 -29.000000
214
32.000000 -86.000000
67.000000 -25.000000
100
5.000000 62.000000
-78.000000 72.000000
162
47.000000 64.000000
69.000000 -2.000000
92
-37.000000 -52.000000
-51.000000 77.000000
244
-64.000000 -8.000000
-66.000000 87.000000
188
-69.000000 -83.000000
92.000000 85.000000
134
-54.000000 -63.000000
94.000000 -1.000000
73
-78.000000 -61.000000
-71.000000 -22.000000
240
32.000000 -35.000000
95.000000 -10.000000
93
71.000000 31.000000
-72.000000 96.000000
167
-88.000000 68.000000
71.000000 -39.000000
137
-78.000000 -75.000000
99.000000 78.000000
178
66.000000 55.000000
-71.000000 -15.000000
245
0.000000 89.000000
-96.000000 98.000000
163
-33.000000 6.000000
-76.000000 89.000000
205
59.000000 14.000000
-61.000000 -37.000000
249
-54.000000 60.000000
59.000000 75.000000
232
-27.000000 12.000000
61.000000 90.000000
133
90.000000 87.000000
54.000000 -18.000000
160
76.000000 -17.000000
71.000000 99.000000
236
24.000000 55.000000
-67.000000 82.000000
249
-39.000000 11.000000
85.000000 -38.000000
239
-17.000000 84.000000
71.000000 -22.000000
58
-17.000000 -33.000000
-95.000000 -25.000000
171
-82.000000 4.000000
-96.000000 -2.000000
169
25.000000 53.000000
61.000000 67.000000
66
-62.000000 -18.000000
96.000000 70.000000
107
76.000000 -85.000000
90.000000 93.000000
62
7.000000 47.000000
-94.000000 51.000000
207
21.000000 -82.000000
62.000000 79.000000
178
-72.000000 44.000000
-81.000000 91.000000
157
58.000000 94.000000
66.000000 89.000000
110
-7.000000 6.000000
86.000000 86.000000
98
56.000000 44.000000
97.000000 -5.000000
204
6.000000 61.000000
78.000000 78.000000
139
-47.000000 37.000000
-54.000000 -40.000000
187
-23.000000 -23.000000
79.000000 59.000000
119
-69.000000 -92.000000
57.000000 -6.000000
129
66.000000 -7.000000
-96.000000 82.000000
131
-58.000000 -49.000000
-62.000000 62.000000
83
-19.000000 -36.000000
77.000000 59.000000
248
15.000000 -30.000000
-78.000000 76.000000
244
-75.000000 -50.000000
-92.000000 72.000000
227
-12.000000 18.000000
73.000000 -36.000000
89
1.000000 -77.000000
-93.000000 -19.000000
197
-74.000000 -5.000000
-76.000000 -26.000000
172
-85.000000 -90.000000
-80.000000 -31.000000
180
54.000000 11.000000
-54.000000 -25.000000
188
82.000000 25.000000
99.000000 -45.000000
229
37.000000 48.000000
60.000000 75.000000
160
-83.000000 75.000000
63.000000 -12.000000
206
-62.000000 20.000000
93.000000 69.000000
170
76.000000 -50.000000
71.000000 -7.000000
138
-32.000000 11.000000
-56.000000 -47.000000
99
39.000000 87.000000
60.000000 95.000000
203
49.000000 -24.000000
-73.000000 51.000000
142
10.000000 84.000000
-56.000000 68.000000
91
4.000000 17.000000
-56.000000 -15.000000
176
-84.000000 -40.000000
97.000000 -32.000000
186
-72.000000 -43.000000
-95.000000 73.000000
198
-40.000000 33.000000
81.000000 75.000000
173
7.000000 62.000000
-72.000000 92.000000
220
85.000000 59.000000
-70.000000 80.000000
98
-47.000000 -50.000000
-89.000000 -2.000000
79
73.000000 -27.000000
61.000000 -29.000000
215
4.000000 14.000000
73.000000 -4.000000
223
90.000000 98.000000
-95.000000 -32.000000
152
77.000000 49.000000
55.000000 89.000000
160
-24.000000 -78.000000
51.000000 69.000000
158
-54.000000 -94.000000
-58.000000 79.000000
243
-12.000000 -63.000000
95.000000 -26.000000
114
-56.000000 -83.000000
69.000000 89.000000
83
41.000000 -32.000000
-97.000000 -16.000000
52
80.000000 -71.000000
77.000000 -23.000000
77
33.000000 -52.000000
75.000000 73.000000
135
23.000000 39.000000
66.000000 72.000000
98
-52.000000 -89.000000
-71.000000 -15.000000
92
-37.000000 74.000000
-88.000000 80.000000
149
-18.000000 84.000000
-96.000000 65.000000
232
-46.000000 -9.000000
61.000000 96.000000
195
-44.000000 -79.000000
-58.000000 -14.000000
55
54.000000 85.000000
54.000000 66.000000
147
39.000000 64.000000
-95.000000 95.000000
93
31.000000 55.000000
-98.000000 97.000000
78
-20.000000 -21.000000
-85.000000 66.000000
66
-56.000000 -18.000000
56.000000 -24.000000
140
97.000000 -53.000000
81.000000 76.000000
67
90.000000 -73.000000
-72.000000 50.000000
88
43.000000 -24.000000
99.000000 -15.000000
181
5.000000 -94.000000
84.000000 -34.000000
205
-86.000000 -52.000000
62.000000 -32.000000
215
49.000000 34.000000
-70.000000 68.000000
103
55.000000 75.000000
63.000000 54.000000
184
48.000000 92.000000
84.000000 -22.000000
214
36.000000 99.000000
65.000000 -50.000000
51
12.000000 83.000000
-94.000000 73.000000
228
-69.000000 -60.000000
-95.000000 -11.000000
124
-76.000000 -41.000000
-95.000000 74.000000
144
22.000000 28.000000
94.000000 -6.000000
144
-76.000000 19.000000
70.000000 -13.000000
112
52.000000 -68.000000
-70.000000 -26.000000
100
93.000000 -64.000000
-80.000000 -41.000000
199
82.000000 3.000000
76.000000 59.000000
245
-31.000000 -99.000000
-65.000000 -1.000000
237
-21.000000 -41.000000
-88.000000 79.000000
61
-5.000000 -93.000000
-75.000000 -25.000000
102
-12.000000 -83.000000
-62.000000 -48.000000
144
-39.000000 -25.000000
-86.000000 74.000000
135
-74.000000 -38.000000
-56.000000 50.000000
223
-0.000000 99.000000
-68.000000 -44.000000
203
70.000000 -63.000000
99.000000 -23.000000
179
-0.000000 4.000000
-66.000000 -28.000000
110
-55.000000 64.000000
-89.000000 81.000000
134
-23.000000 -42.000000
67.000000 68.000000
201
47.000000 71.000000
-53.000000 -16.000000
151
27.000000 -12.000000
80.000000 -43.000000
92
29.000000 -60.000000
69.000000 81.000000
57
-87.000000 43.000000
-94.000000 -31.000000
153
-31.000000 24.000000
-56.000000 89.000000
184
82.000000 -15.000000
-89.000000 55.000000
53
-82.000000 76.000000
-72.000000 64.000000
199
-72.000000 -40.000000
-76.000000 -17.000000
192
-55.000000 -1.000000
-69.000000 -15.000000
108
-60.000000 41.000000
-81.000000 62.000000
246
59.000000 61.000000
-86.000000 -38.000000
52
-17.000000 87.000000
87.000000 -13.000000
174
69.000000 -90.000000
58.000000 -15.000000
120
-69.000000 -41.000000
51.000000 -22.000000
155
63.000000 70.000000
-92.000000 -34.000000
238
-12.000000 31.000000
-76.000000 -26.000000
242
-76.000000 -33.000000
73.000000 -24.000000
221
13.000000 -16.000000
-85.000000 89.000000
208
55.000000 -36.000000
-88.000000 88.000000
164
39.000000 -45.000000
66.000000 -45.000000
149
-67.000000 -62.000000
99.000000 50.000000
225
-39.000000 -41.000000
-56.000000 97.000000
235
-80.000000 -96.000000
54.000000 58.000000
59
-17.000000 -79.000000
98.000000 -21.000000
103
25.000000 -35.000000
-99.000000 54.000000
233
-56.000000 98.000000
-67.000000 -38.000000
129
28.000000 71.000000
50.000000 -39.000000
174
38.000000 -1.000000
81.000000 78.000000
208
16.000000 17.000000
-58.000000 90.000000
94
72.000000 29.000000
86.000000 66.000000
117
-60.000000 83.000000
-96.000000 -49.000000
131
69.000000 50.000000
-76.000000 -41.000000
201
-78.000000 -8.000000
-77.000000 -50.000000
141
89.000000 -83.000000
60.000000 83.000000
189
47.000000 13.000000
-66.000000 -12.000000
99
-12.000000 -27.000000
-59.000000 86.000000
234
-45.000000 34.000000
-65.000000 -47.000000
178
20.000000 5.000000
93.000000 -19.000000
249
48.000000 85.000000
96.000000 73.000000
214
-7.000000 82.000000
64.000000 -48.000000
132
-87.000000 -11.000000
62.000000 -50.000000
87
65.000000 23.000000
-73.000000 -23.000000
86
-43.000000 -1.000000
-74.000000 -6.000000
215
-93.000000 -3.000000
74.000000 89.000000
242
-89.000000 80.000000
84.000000 -31.000000
160
-73.000000 -47.000000
-80.000000 68.000000
228
-41.000000 -93.000000
-54.000000 -36.000000
110
-94.000000 -45.000000
78.000000 -41.000000
160
-54.000000 59.000000
-94.000000 -39.000000
139
-74.000000 -81.000000
53.000000 -27.000000
149
52.000000 22.000000
-78.000000 83.000000
241
70.000000 -69.000000
86.000000 61.000000
100
-49.000000 -8.000000
-72.000000 62.000000
103
-35.000000 59.000000
65.000000 50.000000
107
-30.000000 -97.000000
61.000000 86.000000
95
-29.000000 -97.000000
96.000000 65.000000
122
96.000000 27.000000
-68.000000 98.000000
125
-11.000000 42.000000
-84.000000 72.000000
217
-37.000000 16.000000
-90.000000 73.000000
161
-26.000000 -51.000000
-73.000000 96.000000
212
-23.000000 -48.000000
84.000000 89.000000
172
85.000000 15.000000
-71.000000 -6.000000
84
-5.000000 66.000000
55.000000 -49.000000
173
2.000000 72.000000
-58.000000 -50.000000
240
35.000000 -58.000000
67.000000 -24.000000
58
63.000000 28.000000
-70.000000 -2.000000
64
43.000000 -97.000000
-77.000000 -43.000000
145
-18.000000 -28.000000
-56.000000 -41.000000
106
-66.000000 19.000000
-93.000000 88.000000
246
-26.000000 -56.000000
64.000000 -26.000000
70
63.000000 -9.000000
-74.000000 -46.000000
178
-20.000000 -5.000000
82.000000 54.000000
119
-24.000000 -80.000000
55.000000 -17.000000
73
71.000000 70.000000
-55.000000 -19.000000
53
-30.000000 -22.000000
71.000000 -31.000000
117
51.000000 3.000000
98.000000 97.000000
64
20.000000 -99.000000
-96.000000 -47.000000
72
60.000000 45.000000
80.000000 -27.000000
94
79.000000 -45.000000
-66.000000 -48.000000
142
20.000000 -46.000000
-81.000000 -25.000000
158
3.000000 -22.000000
58.000000 92.000000
129
5.000000 32.000000
57.000000 69.000000
156
-83.000000 53.000000
-68.000000 -4.000000
88
89.000000 73.000000
89.000000 -36.000000
131
76.000000 -45.000000
-83.000000 55.000000
120
4.000000 -87.000000
-79.000000 96.000000
52
63.000000 -42.000000
-72.000000 -11.000000
119
34.000000 61.000000
68.000000 -38.000000
62
-97.000000 19.000000
-95.000000 63.000000
138
-84.000000 -51.000000
69.000000 -17.000000
238
65.000000 74.000000
-80.000000 51.000000
146
-36.000000 37.000000
50.000000 85.000000
226
-35.000000 -41.000000
-63.000000 74.000000
210
-28.000000 63.000000
-71.000000 75.000000
119
-14.000000 -53.000000
-87.000000 94.000000
115
93.000000 -0.000000
63.000000 88.000000
192
24.000000 -40.000000
78.000000 98.000000
101
-76.000000 -46.000000
-81.000000 -20.000000
125
-72.000000 12.000000
73.000000 70.000000
58
78.000000 41.000000
60.000000 52.000000
214
70.000000 86.000000
-64.000000 -20.000000
227
-58.000000 98.000000
98.000000 -6.000000
97
46.000000 -18.000000
59.000000 90.000000
60
-16.000000 23.000000
-60.000000 73.000000
80
-29.000000 -7.000000
-93.000000 -23.000000
104
80.000000 -20.000000
-66.000000 -29.000000
69
46.000000 26.000000
-54.000000 83.000000
159
72.000000 -54.000000
-65.000000 92.000000
231
86.000000 -26.000000
-62.000000 -7.000000
60
-10.000000 -41.000000
-57.000000 59.000000
56
-81.000000 -43.000000
-75.000000 59.000000
60
-40.000000 31.000000
-51.000000 -13.000000
108
-24.000000 41.000000
63.000000 -27.000000
119
18.000000 -36.000000
73.000000 87.000000
233
-79.000000 -89.000000
89.000000 -1.000000
128
-98.000000 -4.000000
87.000000 58.000000
105
-42.000000 -46.000000
-88.000000 -37.000000
174
-66.000000 62.000000
-78.000000 71.000000
87
53.000000 20.000000
96.000000 69.000000
131
45.000000 -78.000000
-78.000000 69.000000
238
95.000000 -15.000000
60.000000 91.000000
199
-24.000000 -96.000000
-90.000000 -11.000000
208
44.000000 63.000000
93.000000 -34.000000
86
-75.000000 67.000000
53.000000 98.000000
245
84.000000 81.000000
57.000000 -1.000000
244
81.000000 -46.000000
50.000000 -6.000000
186
-40.000000 -17.000000
83.000000 -48.000000
71
-13.000000 -37.000000
69.000000 -4.000000
116
3.000000 -74.000000
-51.000000 83.000000
226
-18.000000 -23.000000
51.000000 -38.000000
205
-17.000000 -24.000000
-62.000000 90.000000
226
57.000000 78.000000
99.000000 72.000000
80
-23.000000 33.000000
81.000000 -33.000000
129
99.000000 -36.000000
-61.000000 56.000000
245
22.000000 92.000000
79.000000 -2.000000
243
36.000000 26.000000
-79.000000 81.000000
249
77.000000 48.000000
-81.000000 65.000000
166
-72.000000 84.000000
-55.000000 64.000000
92
38.000000 76.000000
58.000000 92.000000
118
-15.000000 90.000000
68.000000 -20.000000
158
-67.000000 76.000000
-67.000000 78.000000
54
-41.000000 11.000000
-93.000000 95.000000
50
1.000000 -82.000000
67.000000 -33.000000
163
-74.000000 10.000000
-88.000000 54.000000
196
-9.000000 78.000000
74.000000 -21.000000
172
-41.000000 84.000000
88.000000 62.000000
187
45.000000 -71.000000
60.000000 -7.000000
228
29.000000 -80.000000
87.000000 81.000000
79
-14.000000 -65.000000
83.000000 77.000000
158
-72.000000 51.000000
86.000000 -25.000000
146
11.000000 10.000000
-69.000000 55.000000
197
-66.000000 -19.000000
-63.000000 -12.000000
138
-53.000000 9.000000
-91.000000 -34.000000
183
95.000000 -46.000000
-55.000000 -43.000000
74
-60.000000 -73.000000
-89.000000 -10.000000
173
2.000000 0.000000
93.000000 -35.000000
85
44.000000 -1.000000
81.000000 -29.000000
99
-50.000000 -52.000000
89.000000 -3.000000
62
-3.000000 -72.000000
-51.000000 63.000000
223
-10.000000 -68.000000
99.000000 -2.000000
109
77.000000 -91.000000
94.000000 67.000000
151
23.000000 -16.000000
81.000000 59.000000
99
-51.000000 41.000000
77.000000 78.000000
196
-80.000000 -64.000000
54.000000 -22.000000
116
63.000000 -57.000000
-86.000000 83.000000
112
70.000000 22.000000
-77.000000 88.000000
161
-97.000000 25.000000
55.000000 98.000000
165
39.000000 2.000000
83.000000 89.000000
191
56.000000 36.000000
72.000000 -40.000000
93
50.000000 -5.000000
-65.000000 88.000000
84
10.000000 51.000000
-58.000000 -28.000000
182
84.000000 64.000000
66.000000 64.000000
133
19.000000 -21.000000
64.000000 -4.000000
73
-87.000000 -0.000000
-97.000000 -18.000000
180
-23.000000 -40.000000
-57.000000 -25.000000
170
-86.000000 80.000000
84.000000 -25.000000
75
-89.000000 69.000000
80.000000 59.000000
105
-6.000000 -89.000000
-94.000000 -14.000000
194
32.000000 98.000000
-56.000000 52.000000
111
-1.000000 86.000000
53.000000 75.000000
69
17.000000 23.000000
-86.000000 90.000000
198
9.000000 55.000000
84.000000 56.000000
184
-52.000000 70.000000
85.000000 72.000000
183
4.000000 -45.000000
-83.000000 62.000000
196
10.000000 -45.000000
-55.000000 87.000000
126
54.000000 -87.000000
76.000000 93.000000
63
-49.000000 -86.000000
77.000000 56.000000
100
45.000000 -34.000000
-90.000000 -45.000000
214
55.000000 10.000000
90.000000 96.000000
73
99.000000 81.000000
-93.000000 -14.000000
69
-94.000000 -81.000000
-79.000000 -29.000000
60
61.000000 6.000000
-77.000000 54.000000
120
90.000000 -55.000000
79.000000 64.000000
226
35.000000 -90.000000
56.000000 84.000000
93
97.000000 -61.000000
-85.000000 -43.000000
149
-92.000000 9.000000
-69.000000 63.000000
142
-1.000000 61.000000
-77.000000 65.000000
243
-13.000000 -99.000000
94.000000 98.000000
71
50.000000 37.000000
-81.000000 69.000000
171
-16.000000 59.000000
-54.000000 82.000000
205
84.000000 61.000000
-69.000000 -48.000000
170
42.000000 -33.000000
56.000000 80.000000
122
-73.000000 -64.000000
53.000000 -40.000000
77
-1.000000 41.000000
-83.000000 -19.000000
203
-2.000000 55.000000
-69.000000 -11.000000
75
96.000000 -24.000000
71.000000 -33.000000
160
24.000000 -64.000000
95.000000 51.000000
128
15.000000 -96.000000
-54.000000 94.000000
115
-61.000000 -0.000000
-73.000000 67.000000
82
-36.000000 73.000000
59.000000 52.000000
199
-1.000000 -5.000000
51.000000 88.000000
133
54.000000 75.000000
51.000000 -2.000000
214
29.000000 -18.000000
-88.000000 -24.000000
120
-16.000000 36.000000
-86.000000 78.000000
198
90.000000 25.000000
64.000000 89.000000
189
67.000000 -62.000000
-58.000000 51.000000
249
-60.000000 75.000000
64.000000 -20.000000
113
76.000000 22.000000
-60.000000 -21.000000
82
-64.000000 0.000000
58.000000 68.000000
151
7.000000 31.000000
-92.000000 -18.000000
181
49.000000 -79.000000
-71.000000 67.000000
233
73.000000 -64.000000
-63.000000 -48.000000
97
43.000000 63.000000
-75.000000 85.000000
182
13.000000 -26.000000
-59.000000 -9.000000
76
-66.000000 13.000000
-72.000000 -28.000000
219
13.000000 3.000000
-93.000000 -49.000000
102
-71.000000 -93.000000
-93.000000 73.000000
175
61.000000 -52.000000
-98.000000 -42.000000
92
-65.000000 -14.000000
98.000000 -16.000000
54
-23.000000 15.000000
-90.000000 75.000000
94
79.000000 23.000000
61.000000 52.000000
85
-44.000000 -81.000000
88.000000 99.000000
164
-3.000000 -89.000000
68.000000 -2.000000
110
-65.000000 39.000000
64.000000 -17.000000
67
52.000000 -41.000000
-72.000000 -22.000000
234
-20.000000 -52.000000
-72.000000 -20.000000
104
-22.000000 7.000000
85.000000 85.000000
168
4.000000 50.000000
-72.000000 -23.000000
182
-83.000000 59.000000
-65.000000 -16.000000
157
-33.000000 -69.000000
97.000000 -16.000000
66
-88.000000 -81.000000
-57.000000 91.000000
204
-9.000000 -11.000000
-76.000000 -6.000000
76
-81.000000 -53.000000
-96.000000 -24.000000
245
-99.000000 77.000000
-83.000000 81.000000
82
-43.000000 7.000000
73.000000 -45.000000
223
15.000000 -16.000000
-76.000000 80.000000
100
3.000000 -87.000000
-82.000000 -32.000000
86
71.000000 22.000000
-98.000000 54.000000
121
72.000000 29.000000
-69.000000 -41.000000
181
-25.000000 -93.000000
-98.000000 68.000000
135
98.000000 -51.000000
61.000000 -43.000000
53
-70.000000 29.000000
-75.000000 -9.000000
126
-29.000000 -76.000000
84.000000 -40.000000
181
34.000000 1.000000
88.000000 -42.000000
129
93.000000 -85.000000
61.000000 -7.000000
200
45.000000 -28.000000
85.000000 99.000000
127
83.000000 -48.000000
66.000000 -4.000000
149
-99.000000 38.000000
64.000000 -38.000000
154
-2.000000 -23.000000
-70.000000 -7.000000
74
82.000000 -85.000000
-97.000000 -19.000000
171
7.000000 88.000000
-87.000000 72.000000
196
98.000000 -50.000000
-58.000000 80.000000
59
-9.000000 -85.000000
94.000000 62.000000
177
-93.000000 -21.000000
52.000000 -38.000000
149
42.000000 -36.000000
85.000000 -8.000000
133
88.000000 -51.000000
71.000000 -4.000000
78
-6.000000 15.000000
86.000000 75.000000
144
98.000000 -13.000000
56.000000 -39.000000
181
32.000000 -9.000000
82.000000 -18.000000
189
-99.000000 99.000000
86.000000 -17.000000
179
49.000000 16.000000
-60.000000 79.000000
86
-34.000000 -49.000000
67.000000 -40.000000
149
-45.000000 10.000000
-51.000000 -12.000000
51
-79.000000 -4.000000
-87.000000 71.000000
127
-73.000000 -11.000000
83.000000 97.000000
139
-43.000000 -50.000000
99.000000 61.000000
122
-89.000000 -64.000000
-95.000000 -28.000000
166
2.000000 43.000000
-97.000000 -40.000000
244
-26.000000 -76.000000
-60.000000 -5.000000
88
3.000000 94.000000
56.000000 62.000000
244
-6.000000 -53.000000
71.000000 70.000000
212
-24.000000 19.000000
-94.000000 -30.000000
166
15.000000 -71.000000
67.000000 -10.000000
126
4.000000 89.000000
-90.000000 -31.000000
151
-45.000000 94.000000
-83.000000 -19.000000
159
96.000000 -4.000000
88.000000 66.000000
84
-94.000000 -1.000000
-83.000000 -11.000000
230
-71.000000 -14.000000
63.000000 61.000000
217
66.000000 -52.000000
60.000000 -41.000000
130
60.000000 54.000000
-85.000000 71.000000
99
24.000000 46.000000
50.000000 -49.000000
102
-73.000000 -84.000000
68.000000 84.000000
190
-22.000000 31.000000
-74.000000 63.000000
165
-16.000000 86.000000
-63.000000 -14.000000
102
20.000000 -4.000000
81.000000 99.000000
138
36.000000 12.000000
-76.000000 54.000000
61
-17.000000 -70.000000
52.000000 -19.000000
194
-61.000000 -5.000000
81.000000 87.000000
177
-29.000000 -83.000000
-59.000000 91.000000
108
-25.000000 -58.000000
-86.000000 -5.000000
52
71.000000 -44.000000
-51.000000 92.000000
92
38.000000 29.000000
-87.000000 -30.000000
111
-58.000000 -91.000000
77.000000 63.000000
81
14.000000 -48.000000
-71.000000 -35.000000
195
48.000000 28.000000
-62.000000 -13.000000
55
48.000000 79.000000
-53.000000 -24.000000
218
51.000000 37.000000
-87.000000 50.000000
239
46.000000 38.000000
84.000000 54.000000
193
90.000000 69.000000
77.000000 70.000000
52
-80.000000 -82.000000
-54.000000 56.000000
187
-40.000000 78.000000
65.000000 54.000000
223
99.000000 -21.000000
-58.000000 98.000000
62
-26.000000 84.000000
-67.000000 86.000000
100
29.000000 -51.000000
78.000000 -31.000000
202
44.000000 -97.000000
71.000000 -24.000000
174
-1.000000 63.000000
54.000000 -11.000000
141
81.000000 -50.000000
-82.000000 96.000000
144
-34.000000 -29.000000
76.000000 64.000000
168
-13.000000 99.000000
-74.000000 -29.000000
208
-86.000000 -81.000000
-56.000000 -47.000000
78
15.000000 -82.000000
63.000000 71.000000
249
-33.000000 3.000000
-86.000000 -20.000000
115
64.000000 56.000000
53.000000 -39.000000
122
79.000000 34.000000
-81.000000 -23.000000
142
-96.000000 16.000000
-50.000000 -27.000000
55
-10.000000 -42.000000
73.000000 91.000000
154
44.000000 -40.000000
93.000000 -3.000000
218
25.000000 -16.000000
57.000000 59.000000
71
-18.000000 -84.000000
51.000000 69.000000
147
7.000000 -44.000000
-94.000000 93.000000
70
-32.000000 35.000000
-83.000000 -29.000000
189
15.000000 79.000000
-71.000000 74.000000
113
93.000000 -77.000000
-82.000000 63.000000
141
0.000000 -4.000000
58.000000 -3.000000
128
-59.000000 -38.000000
-94.000000 68.000000
226
92.000000 89.000000
-50.000000 -29.000000
124
89.000000 -48.000000
92.000000 86.000000
97
-2.000000 -97.000000
87.000000 -41.000000
158
-31.000000 89.000000
59.000000 -25.000000
246
93.000000 20.000000
87.000000 -18.000000
211
-73.000000 -40.000000
91.000000 66.000000
55
-93.000000 -83.000000
-74.000000 72.000000
105
-89.000000 -99.000000
90.000000 -27.000000
56
30.000000 -17.000000
-54.000000 -1.000000
64
8.000000 98.000000
99.000000 -33.000000
65
-6.000000 31.000000
78.000000 -13.000000
131
53.000000 -2.000000
-88.000000 96.000000
114
55.000000 -38.000000
-64.000000 -19.000000
157
69.000000 -57.000000
-78.000000 72.000000
247
-84.000000 86.000000
74.000000 -6.000000
161
90.000000 88.000000
59.000000 -18.000000
105
44.000000 99.000000
-77.000000 -41.000000
108
-19.000000 37.000000
-71.000000 -50.000000
207
-61.000000 -86.000000
90.000000 85.000000
138
29.000000 -13.000000
65.000000 -46.000000
193
76.000000 52.000000
82.000000 79.000000
88
-11.000000 -43.000000
-64.000000 75.000000
244
-36.000000 -70.000000
-90.000000 -20.000000
96
8.000000 21.000000
-91.000000 70.000000
132
0.000000 -81.000000
-83.000000 60.000000
163
90.000000 92.000000
-74.000000 -2.000000
188
-41.000000 -15.000000
-72.000000 -29.000000
131
16.000000 24.000000
59.000000 -38.000000
192
55.000000 -49.000000
-55.000000 -39.000000
232
43.000000 -60.000000
91.000000 -11.000000
66
55.000000 52.000000
-52.000000 99.000000
200
36.000000 84.000000
83.000000 -33.000000
217
-66.000000 -69.000000
96.000000 99.000000
131
-83.000000 -91.000000
63.000000 94.000000
59
-68.000000 51.000000
89.000000 -32.000000
56
-88.000000 94.000000
80.000000 -49.000000
77
-77.000000 72.000000
-88.000000 96.000000
214
-96.000000 48.000000
78.000000 -27.000000
147
-94.000000 -17.000000
-62.000000 60.000000
229
37.000000 -39.000000
95.000000 -21.000000
239
45.000000 -66.000000
-79.000000 -27.000000
191
-67.000000 -10.000000
-53.000000 -20.000000
195
20.000000 -81.000000
-99.000000 59.000000
209
44.000000 -91.000000
-77.000000 -9.000000
244
29.000000 97.000000
57.000000 66.000000
174
-30.000000 -92.000000
-60.000000 -39.000000
106
-84.000000 -90.000000
95.000000 -34.000000
202
-27.000000 66.000000
-90.000000 73.000000
152
-26.000000 85.000000
89.000000 63.000000
69
-94.000000 39.000000
81.000000 -46.000000
185
84.000000 -42.000000
-76.000000 68.000000
187
2.000000 -12.000000
91.000000 58.000000
137
92.000000 -49.000000
64.000000 50.000000
213
-69.000000 -34.000000
55.000000 74.000000
188
69.000000 67.000000
-56.000000 -40.000000
51
21.000000 31.000000
-64.000000 -31.000000
133
81.000000 -73.000000
-55.000000 -11.000000
137
9.000000 77.000000
87.000000 86.000000
220
97.000000 -80.000000
53.000000 -18.000000
136
27.000000 -88.000000
53.000000 -8.000000
174
-87.000000 -16.000000
67.000000 64.000000
242
-84.000000 27.000000
95.000000 -48.000000
67
-74.000000 12.000000
78.000000 -20.000000
187
17.000000 61.000000
75.000000 72.000000
118
-3.000000 -81.000000
-60.000000 -26.000000
77
-14.000000 45.000000
89.000000 83.000000
136
-89.000000 34.000000
90.000000 -24.000000
171
1.000000 -94.000000
69.000000 75.000000
224
48.000000 44.000000
-88.000000 56.000000
103
37.000000 94.000000
-73.000000 98.000000
178
94.000000 -70.000000
-95.000000 -43.000000
164
65.000000 -44.000000
-68.000000 -13.000000
85
8.000000 -87.000000
80.000000 93.000000
220
41.000000 -82.000000
58.000000 74.000000
211
85.000000 -97.000000
79.000000 59.000000
165
77.000000 6.000000
52.000000 87.000000
172
-0.000000 77.000000
91.000000 -6.000000
179
-47.000000 93.000000
-92.000000 -37.000000
224
-56.000000 70.000000
-64.000000 -35.000000
146
-28.000000 -43.000000
69.000000 92.000000
84
92.000000 -72.000000
-51.000000 78.000000
72
-49.000000 -16.000000
-99.000000 97.000000
123
-34.000000 -8.000000
-85.000000 -4.000000
192
34.000000 76.000000
-53.000000 -45.000000
247
-83.000000 61.000000
87.000000 81.000000
110
97.000000 -95.000000
-56.000000 84.000000
97
-10.000000 7.000000
-85.000000 -46.000000
50
11.000000 54.000000
-87.000000 -19.000000
106
-32.000000 47.000000
-56.000000 53.000000
194
37.000000 -57.000000
64.000000 -12.000000
124
-91.000000 -9.000000
72.000000 -16.000000
94
13.000000 -48.000000
89.000000 -26.000000
74
-49.000000 49.000000
-84.000000 99.000000
169
-11.000000 1.000000
-66.000000 79.000000
222
62.000000 -29.000000
89.000000 -37.000000
214
-0.000000 -11.000000
-87.000000 60.000000
244
99.000000 -17.000000
99.000000 -6.000000
51
44.000000 38.000000
75.000000 -30.000000
121
43.000000 -64.000000
80.000000 98.000000
216
-73.000000 -25.000000
-68.000000 92.000000
110
-34.000000 90.000000
-87.000000 -32.000000
199
-45.000000 46.000000
-62.000000 74.000000
133
21.000000 -16.000000
-57.000000 64.000000
238
21.000000 73.000000
-70.000000 94.000000
222
5.000000 99.000000
95.000000 -28.000000
192
-49.000000 30.000000
-86.000000 71.000000
203
88.000000 -34.000000
96.000000 86.000000
88
77.000000 -98.000000
-78.000000 -4.000000
126
-18.000000 95.000000
-88.000000 72.000000
245
1.000000 -79.000000
72.000000 61.000000
202
-77.000000 67.000000
83.000000 80.000000
120
67.000000 38.000000
-82.000000 80.000000
184
24.000000 57.000000
-53.000000 -11.000000
163
49.000000 -19.000000
99.000000 -38.000000
113
-67.000000 -23.000000
63.000000 93.000000
82
-1.000000 75.000000
83.000000 -1.000000
50
75.000000 -85.000000
-97.000000 -23.000000
187
-57.000000 80.000000
62.000000 75.000000
108
18.000000 -66.000000
50.000000 60.000000
62
66.000000 -13.000000
91.000000 -12.000000
202
3.000000 -64.000000
61.000000 -33.000000
180
3.000000 -76.000000
52.000000 93.000000
151
23.000000 14.000000
-94.000000 57.000000
69
57.000000 -70.000000
-80.000000 -19.000000
162
77.000000 -85.000000
-71.000000 73.000000
99
41.000000 -11.000000
87.000000 -25.000000
145
-70.000000 66.000000
-94.000000 -28.000000
119
4.000000 -89.000000
81.000000 -36.000000
224
83.000000 -87.000000
-80.000000 65.000000
74
30.000000 -67.000000
85.000000 85.000000
155
-4.000000 24.000000
98.000000 -42.000000
249
34.000000 -1.000000
61.000000 -18.000000
54
34.000000 60.000000
64.000000 -32.000000
88
-62.000000 -46.000000
-59.000000 96.000000
238
2.000000 -44.000000
-80.000000 -9.000000
129
0.000000 17.000000
58.000000 92.000000
70
-5.000000 11.000000
65.000000 91.000000
222
64.000000 95.000000
88.000000 -2.000000
246
-67.000000 86.000000
67.000000 94.000000
246
75.000000 20.000000
95.000000 -11.000000
160
5.000000 -24.000000
62.000000 -48.000000
59
56.000000 -18.000000
84.000000 65.000000
76
94.000000 88.000000
61.000000 74.000000
211
-53.000000 83.000000
50.000000 88.000000
65
-5.000000 -13.000000
-81.000000 71.000000
199
34.000000 -15.000000
90.000000 61.000000
164
28.000000 -63.000000
82.000000 96.000000
82
-69.000000 94.000000
-67.000000 58.000000
243
-30.000000 49.000000
-87.000000 81.000000
67
-17.000000 25.000000
-69.000000 -19.000000
177
19.000000 -64.000000
-67.000000 86.000000
124
57.000000 39.000000
-65.000000 -32.000000
206
84.000000 21.000000
58.000000 83.000000
233
42.000000 -41.000000
90.000000 57.000000
222
73.000000 -6.000000
-89.000000 65.000000
58
29.000000 16.000000
58.000000 -11.000000
220
-44.000000 60.000000
-88.000000 -19.000000
97
5.000000 -74.000000
-71.000000 51.000000
145
-47.000000 13.000000
-52.000000 -10.000000
107
-87.000000 -37.000000
-53.000000 -14.000000
162
15.000000 -93.000000
-97.000000 -3.000000
110
-46.000000 -77.000000
72.000000 84.000000
61
78.000000 89.000000
-85.000000 -50.000000
139
21.000000 -14.000000
94.000000 58.000000
92
-39.000000 -53.000000
-61.000000 74.000000
97
-7.000000 -84.000000
-75.000000 -37.000000
119
29.000000 -78.000000
91.000000 61.000000
