6.6743e-11 800 1000
143
18 39
66 91
153
87 94
84 52
166
95 37
56 61
154
62 71
54 57
104
3 3
58 54
50
3 31
74 74
135
15 67
61 56
181
5 59
63 70
89
0 86
98 86
207
69 42
99 71
223
5 25
81 78
63
12 28
52 67
138
22 54
60 53
183
21 35
55 90
135
44 29
67 85
92
10 94
66 63
61
43 88
66 68
75
97 34
53 87
149
57 26
79 73
170
16 6
96 91
124
77 26
64 68
147
10 12
75 59
78
63 70
89 72
81
73 97
86 78
126
12 80
53 85
144
12 5
99 62
110
25 36
56 88
91
18 35
94 52
95
16 80
54 60
157
53 44
72 82
90
4 60
96 52
108
3 98
61 70
104
49 82
70 80
206
7 73
75 76
103
58 24
86 72
164
80 29
64 68
55
74 8
62 59
122
11 19
91 78
174
24 82
64 73
246
88 81
58 54
215
84 9
81 75
170
13 90
58 51
129
18 6
67 53
180
87 78
56 91
178
40 17
91 52
105
24 49
55 95
182
66 60
86 66
200
78 89
90 63
186
48 94
99 54
165
77 36
80 52
85
47 31
85 76
140
84 83
78 65
191
38 99
66 58
176
57 58
73 54
197
67 92
98 95
116
87 62
65 96
67
48 31
59 64
133
94 55
72 70
122
21 61
71 63
139
79 41
98 96
154
90 93
90 71
91
55 90
86 78
70
69 97
61 70
231
68 55
75 75
240
89 48
63 62
160
4 1
98 92
52
93 46
70 95
236
12 38
68 91
200
15 13
83 71
226
88 52
80 97
166
80 87
51 57
193
53 67
61 97
203
60 2
97 98
232
85 36
79 96
53
42 96
67 68
177
72 46
93 68
102
83 84
91 82
84
60 27
76 89
124
28 44
93 86
125
31 68
64 62
111
62 67
87 53
131
84 83
51 53
129
87 57
91 62
230
68 97
88 92
97
33 18
54 75
78
24 3
65 59
88
35 20
76 52
122
59 34
89 56
112
49 88
50 51
140
99 33
75 61
238
44 58
85 71
150
88 1
60 75
154
33 15
68 89
159
2 63
72 70
243
60 34
85 92
160
68 85
98 62
95
58 50
73 91
93
24 42
67 84
186
82 88
79 69
100
42 30
52 54
64
88 50
92 76
173
29 37
99 93
79
1 41
82 87
126
24 83
67 50
93
7 88
60 76
188
40 28
85 82
145
35 99
75 83
229
14 59
54 59
215
95 38
78 66
80
13 42
94 56
182
35 50
78 91
195
8 81
63 87
143
64 32
68 78
192
79 8
69 56
83
59 74
90 81
139
35 11
67 52
131
19 86
77 68
249
58 13
51 58
74
35 1
80 88
105
90 30
89 84
209
13 20
51 70
55
64 60
62 92
83
1 26
94 53
228
8 52
60 89
161
14 13
53 98
94
36 6
90 86
225
60 97
67 90
163
27 45
90 77
92
16 63
66 93
60
20 21
62 70
83
75 81
82 97
231
38 43
81 67
80
78 44
86 93
95
81 56
86 73
73
49 15
58 89
67
31 2
72 89
144
6 22
71 69
88
16 2
69 78
247
15 58
51 75
201
10 21
94 85
246
61 8
98 95
169
50 14
53 50
124
26 44
66 80
149
68 70
98 66
190
9 13
89 57
212
62 59
94 72
158
4 68
65 69
154
31 88
90 56
85
87 81
63 63
103
84 12
80 73
84
46 65
73 93
185
84 6
78 99
230
99 57
76 84
166
66 41
97 98
106
80 35
98 95
244
12 0
76 78
243
91 64
58 89
166
66 26
77 50
246
84 80
67 97
212
58 16
64 78
207
51 36
82 88
149
32 32
62 63
108
26 8
97 52
236
25 18
71 52
202
51 1
98 86
70
64 98
78 80
130
15 88
76 81
149
10 82
96 83
122
54 42
96 50
204
14 89
93 81
135
94 84
72 89
193
23 61
92 59
103
80 92
73 70
108
58 19
53 68
206
97 92
94 62
95
83 16
50 59
227
84 97
88 73
158
51 18
78 83
193
70 37
57 75
195
29 33
53 53
182
97 59
72 81
94
90 26
87 77
240
86 56
80 76
126
98 35
70 78
178
7 71
99 98
67
84 96
99 96
240
11 30
61 87
135
89 31
61 75
76
67 18
94 65
149
31 41
69 98
152
93 78
79 61
94
25 30
76 78
226
58 18
58 89
171
89 24
52 60
202
70 89
54 72
116
47 71
71 50
219
0 4
67 62
79
48 6
86 54
226
5 82
72 85
213
46 56
67 54
100
8 9
81 72
164
52 39
91 61
176
45 30
94 76
164
2 7
63 62
191
95 39
74 96
167
82 61
67 66
51
26 66
89 59
209
30 23
87 64
221
67 90
68 68
114
75 82
95 68
138
36 59
57 83
112
18 53
69 94
238
35 46
57 66
224
31 26
92 56
70
32 27
95 89
50
30 3
72 77
125
33 15
50 63
141
3 25
71 61
122
67 49
68 60
77
46 86
93 58
138
70 78
67 70
168
73 72
99 98
197
66 75
88 80
66
15 71
85 72
86
34 96
56 56
152
43 83
93 98
88
71 88
58 60
90
32 78
78 65
133
5 12
95 99
93
68 18
90 60
203
86 47
53 90
245
86 42
93 90
229
83 28
88 52
194
19 94
60 76
99
24 60
61 55
171
79 50
61 90
171
8 95
85 60
61
30 55
97 99
75
25 80
82 58
115
28 52
81 86
190
93 86
91 67
204
91 38
80 86
202
76 59
69 62
161
26 75
74 93
73
4 18
77 50
188
31 18
54 67
62
40 7
74 55
83
15 12
50 75
245
9 29
92 73
131
69 35
78 59
144
99 35
85 50
128
53 89
58 59
110
67 74
81 50
94
43 34
61 59
195
92 6
80 55
236
17 88
97 56
147
82 50
52 96
220
93 74
86 75
151
10 35
86 71
91
22 65
76 87
235
34 82
89 77
214
77 64
70 83
227
22 31
77 61
224
54 33
59 70
92
44 21
94 52
82
11 45
82 54
89
65 91
69 74
204
85 90
74 84
207
55 13
76 79
184
10 5
75 90
69
99 82
86 65
143
32 48
54 55
164
46 44
70 81
117
61 86
72 52
235
87 9
90 92
213
45 78
69 73
73
53 44
60 72
90
8 67
74 72
64
21 86
68 60
141
56 79
81 54
180
92 41
85 67
182
64 32
58 80
185
2 5
77 88
112
46 80
52 72
73
91 89
99 94
159
81 87
94 67
162
37 99
68 55
73
0 89
69 89
108
24 74
64 63
153
95 75
50 52
149
39 25
71 90
190
60 51
68 71
154
19 86
93 92
137
32 17
56 88
54
30 98
61 80
146
39 36
88 91
239
15 91
83 80
238
85 72
96 98
55
32 5
99 75
125
16 12
52 59
74
51 15
96 56
212
84 2
96 53
124
89 94
74 89
72
99 29
77 57
95
34 65
90 77
235
54 4
65 51
109
31 77
83 60
129
86 24
78 63
182
72 37
78 71
249
7 95
55 98
186
20 95
72 73
212
28 8
62 68
245
39 27
87 78
73
14 57
72 61
94
61 93
66 66
241
61 67
67 50
66
12 39
62 88
186
70 50
69 66
234
98 12
90 76
238
0 99
60 52
222
5 46
64 86
173
34 77
80 86
201
19 53
93 64
231
96 52
69 53
65
81 40
66 65
121
15 53
55 73
77
53 96
84 84
118
63 7
93 52
193
48 5
71 62
92
74 95
99 88
193
39 5
70 74
157
24 47
71 72
181
19 1
85 85
55
44 5
59 68
89
64 12
74 88
236
70 82
72 60
71
29 3
79 62
201
78 19
93 77
51
94 59
96 70
81
1 25
96 77
110
58 66
56 76
82
40 62
74 54
114
77 75
87 93
158
58 97
74 87
201
35 88
61 95
133
38 28
55 86
134
74 96
75 92
130
87 27
81 73
212
9 37
81 91
98
80 0
89 57
54
27 58
56 92
238
84 75
62 77
142
60 11
56 66
235
33 46
69 75
116
9 39
82 77
242
82 76
85 72
171
45 28
70 51
103
48 89
68 88
110
32 82
98 72
88
46 58
85 73
168
26 89
69 77
158
97 19
91 93
82
19 16
67 79
242
59 83
73 90
177
55 0
74 61
153
34 49
72 99
119
14 67
96 95
185
65 56
99 82
206
15 16
95 78
135
80 20
60 94
203
12 23
85 60
86
36 63
65 71
211
84 92
90 75
181
96 62
94 98
245
10 57
85 62
157
57 47
93 88
167
67 93
54 81
104
17 69
90 90
184
33 51
78 71
123
40 54
52 71
184
59 16
80 96
146
78 4
94 53
71
37 22
53 90
141
73 94
87 61
115
88 95
66 50
69
72 75
96 59
125
64 46
94 84
145
98 83
86 75
244
59 98
91 82
164
85 23
84 89
224
32 57
57 63
100
35 34
95 73
181
91 50
86 98
88
19 95
70 88
206
18 83
65 67
59
90 33
75 97
77
82 21
86 59
191
70 61
86 76
218
86 60
58 61
173
3 49
88 92
225
21 50
69 95
238
3 7
54 78
178
27 5
66 60
66
78 3
80 88
116
40 6
68 53
50
67 28
72 53
107
73 78
73 78
92
30 66
97 97
186
2 25
87 66
221
91 32
70 51
73
29 67
72 63
97
0 63
68 66
73
48 24
54 98
73
73 42
90 56
120
17 42
60 74
55
42 95
96 98
215
16 71
86 96
238
1 45
61 91
169
87 64
64 69
92
6 42
50 65
96
43 37
61 64
55
9 21
69 50
155
92 17
63 71
128
8 62
53 79
121
19 50
69 59
233
63 53
70 91
114
57 40
56 59
220
29 64
64 79
248
81 37
58 92
246
72 20
99 56
125
49 28
89 96
168
92 81
73 81
162
15 97
56 71
121
21 91
71 50
187
8 50
92 69
168
64 67
74 91
213
4 18
67 64
193
98 34
67 85
223
65 47
68 88
171
11 11
61 92
232
13 80
51 92
207
18 61
54 71
144
74 84
50 98
241
34 41
78 90
52
27 63
54 67
97
15 88
83 59
77
63 93
86 92
216
49 50
71 86
103
8 31
81 77
110
75 71
61 95
53
76 97
66 81
230
4 78
89 96
237
83 75
67 52
69
69 68
55 68
143
88 73
52 53
219
23 13
58 94
186
57 0
81 65
223
61 45
93 80
101
68 69
72 84
238
92 5
75 59
99
98 2
57 87
152
21 59
53 76
131
3 14
79 91
236
77 16
96 98
120
16 51
85 91
90
42 31
90 84
217
95 34
71 67
152
30 19
95 75
136
12 9
52 91
241
68 28
78 68
165
79 39
82 83
114
13 75
59 58
203
93 25
94 50
67
13 3
80 97
61
91 85
77 73
93
7 14
83 62
85
74 79
62 64
206
89 30
88 69
98
65 74
75 94
109
30 11
60 72
210
96 83
56 54
225
73 47
59 82
158
38 17
81 82
102
61 90
61 91
99
85 42
86 64
62
47 73
97 92
159
81 55
59 55
89
58 80
64 62
168
31 20
54 58
212
44 13
54 73
205
48 24
90 93
234
15 5
50 83
63
7 93
50 96
216
83 37
52 74
147
22 94
53 79
79
16 43
67 73
172
43 81
76 71
236
83 7
93 51
133
36 66
64 90
88
2 8
85 71
154
79 19
98 78
84
91 7
83 52
60
66 77
50 56
142
59 92
95 75
52
64 59
51 88
178
62 77
50 82
97
69 38
69 78
119
76 65
69 63
111
96 75
83 77
98
77 19
95 58
225
6 10
51 89
157
30 19
54 69
230
92 68
97 52
111
64 23
86 90
233
64 51
79 82
247
98 80
90 77
195
3 2
91 51
206
60 11
82 86
116
53 18
72 59
150
96 72
62 66
82
14 99
83 98
95
16 98
75 95
206
27 41
94 59
118
7 67
53 80
142
24 47
58 95
146
30 97
63 92
195
64 77
77 61
98
75 56
51 64
50
44 20
82 77
191
99 47
80 98
155
79 40
87 81
187
34 77
72 69
97
99 64
77 62
226
83 60
74 52
237
96 4
84 83
130
31 24
75 82
113
17 37
68 92
105
47 31
53 91
119
19 89
53 70
97
65 97
51 82
239
5 21
55 87
139
81 18
52 73
108
39 88
81 78
59
14 35
76 58
67
65 78
98 87
68
47 36
68 83
198
40 24
64 56
247
84 47
72 78
236
61 89
67 77
94
52 38
96 58
178
76 28
65 96
77
53 16
52 74
221
28 75
83 63
92
80 60
91 78
55
32 64
91 66
199
31 10
70 53
228
48 33
79 56
115
48 33
58 68
150
35 42
55 78
218
18 23
51 50
211
18 5
71 95
109
33 46
99 93
104
32 21
77 52
214
13 68
88 62
223
80 64
94 58
188
19 28
78 58
71
34 21
66 89
207
12 50
93 91
113
66 45
99 97
96
19 11
75 59
108
91 84
92 90
238
72 80
90 57
50
61 28
69 84
229
22 44
85 91
217
32 6
54 84
133
17 32
93 53
95
27 13
55 86
221
36 24
82 93
126
12 43
80 90
134
74 69
63 58
159
71 25
61 93
75
43 76
79 93
236
44 88
76 63
150
53 84
77 88
187
23 64
56 51
203
28 37
95 77
243
21 88
81 64
182
57 42
85 78
239
25 14
80 83
103
16 85
73 56
194
90 95
97 67
146
34 72
51 76
180
39 69
86 53
222
28 87
65 81
115
82 70
56 92
164
41 47
56 80
117
1 26
95 57
248
17 5
82 85
118
3 67
70 59
139
9 31
63 69
127
35 86
80 61
93
28 25
55 85
184
34 52
61 85
129
66 86
71 97
50
38 17
77 54
210
60 45
67 69
175
53 46
57 61
84
34 4
91 62
240
45 48
83 76
108
21 55
54 75
142
74 25
81 82
153
27 42
62 63
96
10 89
52 51
170
58 85
99 54
202
99 96
72 97
233
28 56
83 54
134
10 49
81 58
242
74 61
75 71
188
66 17
68 50
170
6 20
75 78
207
71 30
80 57
146
88 92
98 74
223
97 60
69 83
179
80 75
98 55
207
67 45
97 75
238
18 95
76 94
95
8 3
60 68
90
4 64
90 80
203
1 53
87 50
122
64 31
88 52
213
35 62
87 82
183
85 70
66 51
113
20 48
66 73
82
81 64
94 89
223
50 42
94 76
237
76 98
51 53
116
65 18
51 52
104
71 35
88 91
90
86 54
78 62
204
94 44
83 87
240
27 61
87 90
222
86 79
83 50
239
53 66
70 54
204
55 60
52 78
195
58 18
80 83
186
26 38
75 82
62
38 25
65 89
176
97 63
63 64
82
30 53
59 85
200
71 92
70 58
73
40 55
89 82
172
29 70
55 50
156
30 12
54 95
97
19 71
87 94
133
92 28
64 65
201
6 67
75 74
178
33 98
82 70
74
2 42
92 53
209
7 11
56 89
113
79 37
83 82
116
62 17
82 58
178
50 61
86 86
77
34 66
86 62
68
80 36
91 72
124
53 32
73 81
159
62 96
81 89
146
48 55
66 60
233
27 90
76 85
213
94 12
77 99
130
13 67
90 60
157
24 34
68 60
147
16 21
60 60
197
18 8
68 98
186
60 83
68 63
238
32 79
78 82
59
48 14
74 73
190
60 30
92 64
230
63 13
73 97
76
81 96
94 96
101
27 32
95 61
145
74 51
83 78
205
47 89
64 53
123
46 43
59 84
138
72 14
63 54
96
60 30
76 79
54
58 83
94 84
155
46 31
61 82
181
1 87
90 79
115
85 4
88 62
246
5 52
56 68
218
86 66
98 80
114
81 85
71 74
77
52 80
62 75
114
51 57
88 67
243
92 82
96 78
233
99 26
96 90
105
65 60
91 94
213
78 58
83 96
201
65 23
51 53
127
10 19
86 78
200
19 21
51 92
67
29 77
69 66
225
30 72
66 90
73
76 55
53 53
59
79 4
57 74
230
79 3
83 90
165
56 40
84 86
109
64 4
70 88
83
44 16
58 65
212
16 38
91 89
69
95 0
77 98
105
30 78
70 84
216
12 1
88 72
249
92 34
74 63
162
90 48
64 59
101
54 71
60 67
96
63 86
85 93
240
15 0
84 72
238
88 38
63 50
126
47 99
64 68
123
63 32
91 66
177
65 67
84 81
77
72 79
75 90
159
25 80
53 75
162
43 65
65 50
106
17 76
96 55
133
80 29
95 96
72
12 25
59 89
148
90 66
57 70
165
37 32
57 93
92
74 57
57 86
89
85 94
50 58
83
79 92
90 63
126
68 87
76 90
229
93 38
60 69
100
44 37
80 89
103
87 34
70 77
146
14 19
77 83
166
71 66
79 97
64
67 23
63 84
143
53 13
84 88
216
71 40
80 60
103
66 64
93 92
236
62 88
71 52
240
87 69
68 63
69
92 79
63 86
57
78 31
70 63
163
10 31
91 84
192
57 90
82 58
151
23 46
51 63
194
72 5
71 84
90
2 55
91 82
66
24 92
55 94
144
36 7
94 57
179
86 51
60 89
218
58 92
57 91
59
65 88
74 83
86
79 74
58 88
122
50 6
53 96
157
12 43
50 93
206
51 25
64 92
213
56 63
56 72
213
94 83
67 78
220
91 16
57 99
51
13 73
70 54
116
13 11
57 79
215
32 87
82 66
98
97 32
54 54
53
89 19
50 50
156
16 20
72 99
173
95 51
55 89
167
18 7
88 82
75
26 47
66 57
110
48 5
61 57
204
81 60
62 93
83
35 2
51 99
207
54 25
64 54
111
21 74
56 80
162
4 5
65 88
122
72 50
57 70
236
19 26
69 67
184
23 52
51 69
225
78 78
84 81
242
8 43
75 66
115
80 78
68 71
197
18 93
65 70
127
91 6
75 98
62
77 82
53 88
80
81 15
96 59
166
91 53
71 74
216
49 41
64 99
119
7 98
68 89
174
76 68
67 67
103
51 32
70 82
105
35 65
74 86
233
79 4
81 75
101
22 93
92 52
87
43 22
63 96
163
82 73
90 90
101
24 95
80 54
