6.6743e-11 1300 1000
225
99 23
75 91
93
80 23
56 97
63
48 42
71 92
190
98 80
74 81
235
77 17
66 66
209
63 4
80 53
185
3 28
71 84
79
44 29
76 61
100
71 74
69 50
242
49 43
74 92
175
41 79
98 54
59
2 14
69 72
232
0 7
93 87
71
22 18
79 66
201
6 68
71 72
225
14 14
58 74
88
88 1
55 81
236
21 40
65 90
191
24 74
61 91
168
30 62
80 90
211
1 91
65 67
222
31 42
68 86
90
19 76
59 80
77
99 66
58 98
66
32 41
82 91
93
97 59
51 75
127
95 87
54 78
210
49 2
88 94
217
16 36
66 89
125
34 18
68 77
242
60 43
86 74
144
95 19
95 91
249
84 21
51 94
240
54 6
50 89
244
86 59
98 61
204
68 86
65 88
236
61 80
54 96
247
24 41
82 93
171
5 44
88 57
107
44 99
89 61
197
50 57
68 85
198
7 40
78 66
122
9 54
51 83
215
42 83
78 89
176
72 62
71 82
160
71 41
54 56
212
61 5
91 62
80
83 12
80 89
61
34 13
99 72
185
82 38
79 79
60
94 8
92 82
215
33 44
52 88
139
8 50
62 50
201
74 32
71 84
104
35 97
70 89
84
60 76
56 68
89
14 78
62 85
156
8 51
89 91
60
90 80
82 70
54
15 73
59 79
138
9 85
76 75
81
55 9
79 91
211
7 82
68 77
221
71 85
78 79
112
8 42
62 54
140
38 9
90 57
247
77 46
71 56
154
83 37
80 61
62
63 24
51 72
233
88 43
75 54
66
17 16
71 76
231
82 18
76 71
172
74 69
77 99
145
17 55
66 80
147
90 43
65 62
143
10 95
51 83
87
70 1
79 54
193
48 88
59 75
226
80 99
98 50
58
6 97
78 77
74
23 74
89 67
240
86 12
96 52
138
47 90
94 60
127
84 53
78 77
94
77 5
57 74
77
4 84
61 85
134
88 10
77 59
229
89 49
54 65
237
44 5
65 87
90
68 16
93 75
196
98 21
95 75
207
82 3
88 61
93
50 98
59 83
129
59 62
78 69
215
85 8
95 59
51
11 49
76 71
206
47 20
95 54
195
50 63
75 77
241
75 22
56 91
234
20 21
92 95
50
50 60
71 86
248
71 39
60 59
99
80 66
72 97
126
36 42
71 78
63
43 69
63 90
51
84 24
72 72
228
84 22
60 80
56
99 78
88 79
210
6 78
77 92
80
69 68
97 66
140
68 31
71 86
81
48 87
59 67
170
84 45
78 54
246
56 62
91 96
246
22 8
50 52
99
21 85
51 69
70
35 61
97 88
156
87 72
89 56
146
37 78
85 82
65
97 29
77 73
91
37 20
74 63
139
59 12
83 60
213
45 82
71 98
194
95 56
65 81
236
93 80
64 73
78
45 90
64 78
124
86 19
82 61
210
46 1
63 70
180
46 35
85 77
119
93 23
57 64
158
39 50
76 52
153
68 82
60 51
84
79 75
89 70
163
40 81
53 60
105
88 42
69 51
123
92 70
86 66
249
89 75
79 90
217
63 94
97 85
174
22 70
90 55
163
23 21
83 53
126
75 61
62 66
194
85 89
58 88
121
35 40
80 60
66
76 27
65 79
73
37 55
63 98
229
84 11
67 53
167
78 31
98 92
90
89 88
76 75
147
16 49
59 84
197
89 0
82 73
106
87 47
97 93
200
8 72
77 86
75
59 3
97 55
109
35 96
73 98
162
74 98
84 80
134
35 27
53 75
169
2 81
76 58
249
98 61
97 57
128
51 85
90 87
100
88 96
96 86
64
94 50
80 88
179
10 24
51 66
163
82 87
95 67
158
6 66
75 59
104
62 37
76 57
205
74 59
95 95
172
47 9
50 67
228
74 98
66 90
126
53 5
72 60
200
90 71
82 57
117
71 63
72 82
247
31 37
82 73
179
94 45
64 76
194
12 6
96 70
80
51 46
59 85
225
80 86
95 67
64
58 85
67 85
132
56 82
57 63
138
2 42
69 82
167
25 26
99 81
174
95 64
99 77
206
85 3
72 88
182
9 2
87 92
126
21 24
88 84
128
32 73
57 83
53
86 50
83 79
85
47 5
82 82
249
87 39
79 84
110
82 69
61 69
119
36 98
82 93
76
7 21
54 58
165
56 62
93 53
242
0 88
72 89
82
61 38
75 72
143
44 84
53 75
57
3 96
89 93
88
13 69
80 97
69
94 64
67 76
239
57 20
59 89
130
50 21
95 91
127
29 34
61 73
185
58 80
76 88
99
97 28
76 64
127
90 34
62 73
158
82 12
51 65
243
23 45
89 95
170
25 72
97 50
189
78 85
73 97
204
4 98
63 51
180
47 81
54 70
211
17 80
96 93
68
43 36
82 93
84
56 14
66 60
104
1 99
98 84
126
98 38
91 80
161
74 10
81 60
81
63 71
64 98
159
3 18
64 55
237
30 39
51 93
196
50 97
81 97
200
71 23
54 99
215
14 60
73 91
247
46 22
72 63
163
41 74
79 66
207
19 3
98 87
220
48 85
82 73
79
7 23
72 53
61
85 70
61 78
110
36 27
90 56
208
15 19
87 51
196
42 8
97 67
191
32 40
63 89
66
88 70
75 74
163
45 87
65 98
209
45 10
66 95
187
36 5
57 54
125
17 51
68 68
115
8 59
98 99
223
70 66
90 62
196
77 75
75 93
145
35 2
99 92
201
55 29
84 89
114
85 15
85 81
55
44 98
50 66
194
66 39
51 64
158
28 12
56 87
103
58 84
76 90
110
6 92
83 67
190
50 31
64 77
185
15 82
98 81
165
40 75
92 81
91
54 41
78 72
160
15 27
68 71
241
12 81
98 97
245
31 89
66 98
145
1 33
67 60
99
92 25
58 89
184
51 83
57 89
232
84 99
72 97
202
53 88
86 66
203
75 64
62 84
244
47 80
92 95
214
20 96
88 59
80
73 43
84 82
180
36 64
61 66
158
1 71
87 62
189
51 15
52 65
163
32 61
58 63
76
4 29
88 96
244
82 29
61 69
116
27 49
68 52
90
39 63
75 91
176
92 81
98 78
194
9 43
58 78
219
38 55
53 73
126
82 20
89 58
195
41 77
81 72
159
94 12
54 98
221
87 74
54 64
185
0 60
89 96
158
96 65
90 96
199
10 23
83 84
52
10 29
54 93
144
66 4
52 88
222
78 12
76 59
185
36 46
92 85
227
59 43
92 73
200
65 75
61 62
148
92 14
59 61
196
13 7
97 63
67
59 37
99 96
237
95 83
70 74
240
13 53
77 99
57
54 99
62 72
215
78 23
86 57
138
43 56
71 51
192
58 19
67 52
157
50 89
65 55
70
19 45
96 85
148
46 93
67 54
60
92 69
78 88
178
34 76
80 73
57
49 66
68 66
218
9 25
82 70
125
77 90
77 96
74
72 44
50 72
240
21 32
72 82
249
1 63
88 86
81
4 93
61 82
174
89 0
70 84
71
12 61
57 99
241
3 75
99 64
53
33 6
90 76
155
55 75
63 58
144
59 89
73 98
172
25 75
61 61
197
74 33
84 59
231
11 3
67 86
110
25 91
67 95
115
94 50
61 71
110
2 15
65 71
226
92 93
57 51
203
42 49
60 77
228
63 60
98 91
232
91 1
96 57
208
48 25
98 55
159
65 17
88 64
132
33 40
93 75
140
94 28
58 84
205
68 62
53 70
119
56 5
62 60
204
89 71
76 55
189
93 16
80 54
83
20 87
62 66
216
42 9
93 60
100
56 67
90 71
161
95 40
52 70
109
23 74
79 99
149
46 88
95 94
128
32 77
94 99
96
53 17
77 88
148
97 91
62 56
237
54 18
88 82
56
64 41
92 82
96
83 81
78 94
78
55 22
73 60
201
90 6
96 56
170
37 55
61 69
101
31 56
90 55
71
83 64
96 88
76
79 84
80 61
59
2 89
99 67
78
7 68
77 70
103
84 90
61 93
247
19 94
52 79
59
68 2
90 95
216
76 71
82 95
206
73 7
74 61
124
44 39
59 81
71
52 86
79 57
213
76 55
86 83
78
90 44
89 96
81
12 14
59 59
146
18 68
79 69
92
70 43
76 87
81
63 60
68 83
194
73 99
84 70
211
78 0
98 51
70
62 34
94 82
224
14 81
50 92
195
46 87
74 65
72
34 98
84 87
154
33 34
56 79
69
59 90
92 99
157
76 69
54 72
72
35 96
90 86
87
27 81
98 83
151
99 58
97 88
83
33 44
74 66
190
64 85
84 99
108
56 58
80 85
160
28 57
96 97
119
79 34
70 96
230
28 50
90 79
177
34 12
78 61
210
15 53
52 75
51
62 83
70 59
93
80 19
68 71
76
3 40
89 57
223
39 37
66 53
231
28 32
93 65
208
46 28
53 75
100
88 79
88 63
61
60 8
79 91
78
72 69
76 81
63
64 56
61 54
130
46 85
52 59
189
80 19
95 88
235
24 40
55 74
62
13 37
78 74
95
49 53
86 69
125
45 82
86 89
108
23 72
83 54
225
52 96
84 56
147
26 93
69 73
182
56 38
62 97
134
67 94
63 83
54
97 61
52 51
133
24 59
64 56
107
60 34
92 62
96
35 59
85 74
205
23 8
56 61
87
52 48
83 55
218
94 61
62 65
97
21 1
59 73
87
93 81
93 99
185
54 47
72 71
241
80 78
89 64
188
37 52
59 93
73
70 11
76 67
134
77 16
90 55
139
73 95
96 82
218
44 70
93 72
218
71 14
80 50
210
84 91
84 50
143
45 73
92 65
123
59 99
57 51
201
4 40
74 74
50
44 92
66 96
239
32 64
67 60
163
8 73
75 99
244
0 95
60 89
192
62 12
65 51
69
7 4
78 73
232
20 75
72 78
237
88 20
80 69
107
5 84
84 67
130
29 11
52 80
241
67 75
78 53
184
33 24
97 92
111
75 76
56 84
249
26 73
94 89
109
29 97
64 64
65
78 97
79 96
82
56 87
93 99
135
17 86
78 68
67
56 31
65 92
64
90 91
80 91
185
79 52
68 64
96
65 31
77 74
97
14 56
58 55
157
94 40
60 75
124
42 94
86 82
109
29 96
89 50
61
41 85
51 91
60
32 37
61 77
209
69 26
82 75
127
22 85
62 73
135
56 97
81 79
144
28 38
90 73
167
77 34
77 61
180
14 21
50 62
177
27 73
51 99
211
88 26
52 83
100
51 20
99 58
133
38 52
75 63
80
61 80
93 58
189
64 38
53 55
67
78 33
82 94
79
60 5
90 67
164
61 19
77 66
62
29 49
62 52
206
44 33
93 70
138
83 9
64 54
138
99 21
67 67
83
74 48
68 96
217
37 60
76 80
217
27 92
95 98
189
80 5
77 86
223
36 24
80 58
52
54 97
64 54
73
64 87
83 98
232
46 17
97 72
122
89 39
87 50
86
44 91
77 68
221
3 41
52 59
134
99 14
68 90
113
7 13
61 77
143
28 62
84 89
227
73 63
63 69
162
55 7
76 59
184
69 80
90 88
221
6 74
66 70
224
29 85
65 81
243
27 26
65 73
163
29 51
70 86
94
77 50
59 51
55
92 86
76 75
234
2 46
67 90
68
2 64
97 99
169
24 92
66 96
91
69 59
97 72
141
0 19
72 70
109
60 26
51 53
186
47 87
77 90
66
41 60
60 71
141
4 90
89 67
120
0 60
85 89
148
54 30
51 50
126
77 61
65 87
80
52 25
68 77
232
28 94
65 75
90
7 66
85 95
246
46 67
57 97
183
89 47
97 89
142
10 15
54 71
125
82 51
81 80
52
27 62
87 80
142
56 23
68 51
191
35 48
95 89
144
44 72
61 86
191
79 28
52 53
85
53 79
59 69
136
73 71
52 63
60
77 57
59 66
195
57 60
99 82
204
24 79
65 50
85
95 91
96 66
199
25 2
71 53
86
43 41
55 59
147
12 72
90 74
123
50 71
55 82
152
86 88
88 76
51
81 13
80 99
178
82 98
53 53
155
95 42
53 50
152
75 97
73 66
168
46 40
74 70
52
63 22
50 88
51
14 42
93 83
244
93 11
66 78
149
58 85
86 94
112
35 48
64 89
209
6 59
80 55
231
54 59
50 94
105
94 97
80 69
239
43 15
95 82
210
80 81
77 70
116
27 84
76 54
144
85 13
70 50
115
82 33
79 72
184
27 27
98 78
157
63 69
53 53
60
37 63
85 90
214
70 9
63 94
246
28 38
88 81
100
24 99
71 82
103
50 66
96 80
148
15 40
93 63
121
58 23
65 58
93
74 24
68 63
139
6 61
95 69
247
94 20
52 71
167
71 74
55 67
119
47 17
80 87
140
53 8
66 98
68
40 43
59 95
111
70 86
56 67
215
76 16
87 61
130
12 80
99 53
69
16 73
62 68
196
70 8
58 51
188
3 22
69 80
62
5 43
61 83
111
27 48
62 89
67
92 22
77 81
242
2 52
70 58
114
30 7
60 86
140
84 76
57 93
53
50 6
89 61
163
89 22
64 93
151
38 62
93 96
65
47 38
98 68
67
57 82
71 97
118
97 37
80 52
106
88 8
69 59
79
43 24
67 69
109
31 72
68 97
124
8 13
81 71
157
65 90
87 64
236
26 84
89 86
159
97 92
53 97
116
28 27
98 61
147
70 21
68 79
91
31 55
77 99
64
19 8
75 82
207
9 70
56 85
248
51 96
94 95
204
73 13
75 82
73
96 32
61 95
116
16 86
88 50
195
96 64
98 65
71
19 74
59 83
227
6 81
79 78
202
94 35
69 77
71
1 0
95 69
112
84 36
86 79
122
2 76
91 70
101
15 94
77 72
75
10 99
80 83
241
15 35
62 88
186
64 59
81 88
59
17 52
83 93
105
60 17
90 59
51
84 60
84 67
163
34 94
77 75
216
64 67
57 83
78
68 69
59 92
199
12 53
99 68
197
16 73
83 57
56
95 9
78 92
180
24 7
83 66
151
2 34
67 67
109
88 45
89 77
198
42 29
97 62
243
21 59
67 60
106
28 68
63 51
108
70 33
51 82
103
35 35
52 57
204
49 18
96 93
240
75 43
57 84
172
66 78
90 95
235
60 51
55 65
173
40 23
57 94
192
92 99
59 79
246
77 84
79 97
125
74 87
72 50
231
2 25
72 99
92
24 37
52 52
181
78 78
72 71
185
23 13
95 80
232
79 76
74 62
160
13 87
90 84
135
67 17
66 89
189
53 81
86 65
58
14 46
70 86
188
83 73
53 63
80
30 96
58 61
106
47 71
57 69
187
76 7
96 54
195
80 44
59 98
166
58 58
94 82
78
70 20
83 63
173
81 94
55 55
91
79 13
83 89
136
42 78
83 65
90
27 60
60 70
188
69 88
72 98
215
42 28
92 85
78
38 59
66 61
243
30 3
94 72
215
22 11
76 59
55
38 99
72 84
98
12 75
75 67
185
4 83
70 79
246
81 57
69 84
148
74 79
54 80
168
15 45
56 92
243
55 98
84 83
129
61 31
99 94
187
84 79
60 91
104
70 37
73 86
191
2 86
66 65
156
63 85
77 73
169
27 18
51 76
164
33 58
52 75
84
33 12
53 68
243
42 24
62 63
115
98 4
71 68
166
56 26
50 79
236
18 50
79 63
70
87 79
55 53
91
67 39
59 74
223
33 19
85 65
196
39 33
51 96
213
79 13
94 71
129
95 57
73 98
126
2 70
75 63
59
14 4
80 77
173
49 2
67 56
134
2 54
53 76
53
16 39
60 83
162
20 14
64 59
245
34 35
50 97
159
6 7
86 73
186
38 46
55 88
57
61 22
50 60
114
41 65
50 82
54
67 97
56 74
81
44 71
68 66
144
27 75
51 53
165
97 89
79 55
154
54 13
75 66
54
92 82
67 98
95
64 2
78 62
70
49 43
59 64
219
37 11
64 97
138
5 64
70 87
235
35 94
62 89
60
94 95
93 54
211
95 99
63 75
175
7 98
64 74
118
25 44
93 57
91
57 45
85 97
77
29 84
73 62
91
70 24
79 87
66
30 1
76 63
144
76 89
63 53
141
59 73
81 66
102
28 58
57 60
65
41 89
52 96
166
28 89
77 88
157
78 54
68 90
206
7 36
91 83
172
14 24
92 84
247
2 86
98 78
109
38 93
90 52
92
79 68
59 70
58
13 30
70 86
133
8 95
78 90
99
4 65
99 63
246
37 13
91 51
236
84 62
65 76
76
35 18
90 56
144
70 66
55 58
92
0 91
84 50
130
51 51
67 84
152
80 32
83 89
221
46 77
53 57
163
71 34
92 98
62
58 43
53 84
213
46 77
79 65
82
31 95
81 85
148
64 37
79 80
149
6 1
58 97
110
42 10
61 83
136
54 47
84 95
59
63 60
76 57
92
23 92
77 75
205
17 75
55 69
96
58 70
68 52
117
30 64
50 61
191
99 48
95 97
83
5 56
66 96
131
8 39
66 55
137
44 12
83 54
151
53 50
55 60
223
71 27
90 54
221
88 45
93 71
183
1 4
53 91
219
92 24
81 79
210
93 17
71 54
226
24 6
68 80
81
97 3
59 52
87
5 26
97 78
200
53 63
54 53
156
31 73
52 50
162
19 63
69 56
243
77 34
66 69
245
20 0
52 92
81
28 30
60 86
227
23 38
92 81
80
67 89
90 61
71
55 73
81 91
124
66 86
55 52
184
55 47
90 54
59
22 38
76 88
232
65 67
50 57
109
40 87
50 76
82
26 47
90 87
107
78 61
63 75
83
13 10
66 90
203
54 50
90 77
231
7 9
66 98
108
6 57
85 50
56
34 82
71 82
177
82 42
69 55
198
79 91
83 61
198
85 66
93 54
75
2 87
85 85
70
94 95
97 76
231
79 85
67 66
150
11 95
50 84
231
43 82
95 62
177
61 60
67 62
204
54 90
77 58
90
74 81
59 86
221
44 68
86 52
164
31 54
88 75
233
23 6
69 79
168
31 58
72 82
248
12 86
97 53
189
28 45
83 65
137
3 36
88 84
89
92 98
75 72
83
34 58
89 56
155
47 26
58 86
219
97 87
92 84
94
89 25
91 74
222
27 63
97 76
68
45 67
92 60
223
52 95
51 57
243
30 12
98 90
138
87 61
95 87
129
73 33
57 68
214
21 93
71 93
218
88 61
74 66
132
19 91
98 86
73
10 79
71 53
60
33 41
81 98
130
64 29
98 53
172
43 69
63 95
214
74 15
83 54
100
24 39
75 70
172
5 93
98 84
78
91 47
95 63
172
26 94
99 87
126
69 61
56 69
232
71 83
90 58
107
79 59
81 81
54
26 56
90 61
174
87 90
55 65
234
49 38
75 63
51
86 39
59 70
244
94 4
64 67
84
23 74
56 65
206
12 70
83 82
54
25 6
74 94
131
12 80
93 80
139
83 83
53 77
244
9 21
88 90
224
13 27
92 99
71
14 6
88 85
248
47 41
85 73
171
18 4
87 85
111
22 74
53 96
126
74 42
85 87
114
62 63
63 79
56
19 50
87 71
209
29 19
94 56
116
51 27
62 84
140
38 98
96 62
141
41 40
78 67
126
41 82
61 90
104
14 96
67 75
203
88 85
91 82
185
71 1
87 86
85
35 76
88 74
184
29 65
83 75
109
17 3
93 52
130
89 59
84 94
209
21 48
82 99
215
83 34
70 86
71
48 23
97 58
239
15 42
69 70
100
72 81
83 67
115
92 47
94 57
179
94 66
67 50
178
52 67
55 64
74
79 37
95 73
126
40 14
84 93
211
65 93
62 84
200
12 51
60 93
56
28 24
76 52
196
94 32
96 98
199
33 74
99 78
81
13 57
50 73
99
46 84
70 66
208
74 17
62 70
86
36 28
80 65
64
65 63
63 58
211
87 10
90 97
237
47 78
53 52
150
89 2
68 96
210
37 56
77 86
99
7 22
89 87
190
2 52
62 55
65
22 66
63 53
163
43 42
94 62
246
48 64
62 86
67
19 98
84 56
248
58 56
95 55
100
49 45
50 52
112
69 68
73 86
232
65 1
64 78
61
30 74
62 60
243
10 29
85 62
96
43 62
67 55
91
65 7
59 90
165
79 52
89 86
152
90 71
99 69
106
75 31
93 87
238
72 32
94 98
109
58 45
52 53
75
9 44
86 90
170
39 58
94 50
230
17 54
74 72
116
57 79
68 92
150
50 30
80 74
196
25 83
88 54
229
34 81
74 90
171
82 61
61 62
78
67 92
64 96
91
45 64
58 50
165
40 2
76 67
71
62 15
71 98
50
53 30
70 87
227
83 8
70 61
146
64 91
89 64
180
6 57
58 78
114
62 43
61 55
239
76 78
76 51
198
58 3
92 53
79
50 82
95 62
172
36 9
75 88
176
82 69
97 82
92
92 48
55 55
155
83 94
97 84
162
52 82
87 70
145
69 99
64 97
64
25 72
60 52
100
31 80
64 82
130
13 27
82 73
68
26 78
62 54
125
46 66
86 79
135
88 74
72 56
54
96 72
75 79
56
55 31
65 88
70
42 18
93 85
224
74 55
59 52
188
75 27
57 85
214
33 22
79 52
107
1 56
87 53
226
68 60
50 84
133
20 56
91 76
66
96 0
53 90
56
32 28
65 83
141
88 97
99 75
67
57 82
88 68
144
0 95
81 62
200
87 98
74 72
178
76 38
78 76
231
9 34
68 66
224
17 57
82 62
169
17 79
50 76
107
97 23
87 57
78
35 7
81 65
61
20 95
71 90
50
58 73
89 59
228
97 84
96 95
81
78 66
95 50
78
18 57
64 75
105
73 53
70 93
205
15 6
96 77
188
20 27
87 96
209
21 26
72 58
69
40 40
90 97
85
50 77
52 53
66
7 61
56 90
177
62 97
76 94
211
3 33
81 81
190
8 92
51 63
132
93 33
82 72
135
60 58
61 87
164
24 4
96 72
230
95 1
96 93
121
81 56
87 74
212
81 67
80 72
84
65 4
77 79
98
85 65
52 60
198
8 74
98 75
104
2 5
50 99
100
56 20
95 81
95
14 45
70 79
144
24 65
95 62
153
62 12
72 88
216
98 89
66 75
249
71 29
79 51
74
51 51
84 82
196
31 30
59 62
201
26 7
71 78
121
83 31
72 83
105
61 0
75 55
229
56 4
57 50
85
8 26
59 87
144
41 85
50 78
152
9 81
59 78
230
41 0
85 63
63
37 70
77 76
62
32 5
57 71
139
34 56
95 50
95
33 96
74 88
233
8 40
68 92
67
68 24
87 58
56
9 23
51 93
186
6 8
79 68
216
37 10
62 52
135
8 97
87 68
85
27 53
97 93
145
21 60
71 66
110
46 22
67 69
98
25 5
76 54
204
88 72
74 94
50
73 29
99 60
110
52 95
90 87
199
3 35
51 72
224
25 82
51 70
192
8 20
77 68
84
99 74
68 74
174
99 74
87 97
248
82 10
97 50
75
32 51
73 78
185
55 2
74 60
108
47 3
73 67
124
49 53
78 73
218
54 49
99 69
191
9 18
68 76
108
72 1
79 91
95
83 26
89 53
159
94 11
80 56
167
84 30
56 66
114
5 86
56 70
154
24 64
90 63
94
93 72
65 66
124
93 14
67 57
82
30 18
77 76
111
9 95
62 97
215
0 61
81 71
208
47 27
93 84
237
17 79
97 82
182
61 6
65 77
78
34 10
88 59
163
84 72
69 72
148
30 88
61 50
63
90 9
95 61
133
74 0
83 50
72
91 32
60 83
57
72 64
75 93
162
47 6
78 98
66
68 98
99 98
181
10 63
76 72
155
29 5
58 82
112
42 54
89 55
154
53 12
57 76
130
63 41
89 77
194
88 95
93 64
239
9 96
68 99
235
75 56
88 66
183
94 28
84 76
234
98 80
59 89
106
50 70
97 71
241
45 67
82 79
140
28 20
69 99
148
28 37
53 75
166
84 11
89 61
220
71 47
86 70
130
58 76
50 82
158
67 26
57 53
249
78 43
95 79
199
84 29
57 77
189
18 46
59 73
107
56 45
66 78
194
94 61
95 55
144
21 63
68 62
229
11 13
93 59
208
74 58
86 92
131
82 34
57 99
141
55 8
87 99
171
50 95
50 65
147
13 62
74 69
131
37 50
59 95
132
17 55
50 57
55
84 38
88 89
243
46 82
81 98
185
77 21
87 87
177
99 35
56 93
225
8 26
71 64
69
79 47
54 88
179
94 94
83 63
82
68 6
57 81
199
28 18
58 78
167
95 58
51 68
151
29 43
58 61
103
7 80
70 82
113
66 61
76 57
102
84 42
75 70
141
95 69
50 70
153
58 37
56 98
211
1 51
62 90
211
44 43
75 68
167
88 83
91 83
164
35 35
55 99
210
77 90
60 55
127
0 59
59 85
56
61 96
86 59
75
82 21
89 72
107
73 39
72 96
116
10 12
61 51
115
54 13
68 94
114
79 71
56 66
91
54 74
84 52
243
55 79
51 75
146
92 84
82 69
217
95 87
90 77
56
53 94
89 60
124
12 77
95 55
121
20 46
50 75
104
80 70
97 59
83
82 57
77 78
214
66 45
74 61
157
20 18
80 60
211
59 86
92 74
55
38 97
74 75
89
45 31
92 71
192
49 56
84 76
78
31 41
54 95
207
22 2
64 78
155
1 91
67 64
95
14 21
96 83
139
29 74
95 86
171
54 28
55 71
238
98 99
96 72
52
0 29
59 77
65
51 34
50 68
118
72 13
98 85
120
23 76
62 50
70
90 21
92 74
197
44 15
87 97
240
16 52
81 91
226
15 58
78 79
215
91 99
84 89
141
62 60
60 64
174
81 87
63 67
176
28 66
64 72
217
68 12
55 86
99
65 64
93 66
93
94 81
71 84
231
31 26
92 93
93
31 68
85 76
95
53 54
76 73
67
41 93
79 87
246
93 86
52 62
238
36 5
92 82
209
70 63
57 92
64
27 85
61 96
164
16 91
66 67
194
9 85
72 85
140
61 82
96 83
65
1 71
56 51
95
69 10
52 67
178
89 82
78 55
53
71 69
87 71
237
74 15
51 99
198
35 39
75 59
181
98 25
76 84
154
39 82
99 76
93
83 54
60 85
213
79 88
61 84
218
26 74
75 92
229
14 91
50 66
91
77 97
84 90
156
68 96
72 95
67
77 40
75 53
237
65 16
53 68
178
77 87
81 55
54
72 86
53 70
175
2 12
54 52
238
0 8
55 56
173
98 26
79 52
125
95 91
59 93
100
48 21
78 79
80
15 83
54 54
70
66 79
84 72
220
94 63
69 72
50
97 45
97 50
226
40 25
70 74
100
92 74
54 50
70
89 32
87 85
93
18 7
80 61
202
45 83
56 97
214
3 99
51 62
103
78 90
64 93
199
41 95
96 91
97
30 61
99 86
219
56 32
93 88
188
77 92
91 83
85
42 0
64 88
193
56 91
87 72
121
32 71
62 64
80
25 63
99 61
76
31 82
70 83
127
15 73
59 56
108
9 41
81 51
225
75 44
68 81
162
41 54
70 94
155
33 27
90 81
83
22 57
92 66
95
66 93
99 60
177
92 18
71 88
174
68 63
96 99
236
1 11
57 78
121
34 85
66 55
124
26 90
56 97
68
52 94
54 86
153
24 15
53 96
98
66 20
69 66
115
82 54
84 66
239
20 89
96 76
138
36 2
51 64
145
45 85
73 97
101
89 50
98 78
142
18 76
94 61
239
98 76
94 73
135
83 65
91 55
80
95 45
60 68
97
45 13
62 94
168
15 96
74 59
163
52 52
63 84
98
39 25
99 96
83
14 83
90 68
57
86 50
69 54
96
34 1
96 93
97
94 13
73 64
120
77 27
63 72
190
89 70
68 81
140
4 16
84 56
194
35 15
69 82
106
71 80
73 90
119
89 89
53 63
64
83 85
57 91
96
29 31
62 87
199
30 77
85 53
64
0 50
82 51
120
13 57
50 93
138
89 14
79 77
195
14 91
82 80
223
65 78
66 52
229
95 3
59 59
131
11 76
77 83
93
87 3
98 58
189
62 97
76 80
93
70 25
55 57
154
84 30
84 70
152
88 49
61 97
247
87 30
66 58
114
19 3
62 53
170
61 42
73 84
89
0 78
85 59
208
66 14
86 92
52
37 96
95 90
198
28 39
99 85
194
3 52
57 65
117
50 35
72 80
175
0 19
81 75
137
47 83
77 55
233
73 8
98 70
69
90 21
58 99
239
12 43
58 94
170
94 63
95 72
218
67 47
72 68
98
8 7
63 95
135
73 30
52 61
73
23 82
81 63
234
24 55
99 96
132
15 16
88 78
60
37 96
66 77
212
24 77
72 70
239
54 7
70 62
107
52 85
99 82
135
6 16
63 61
107
81 96
76 72
222
25 35
64 59
191
42 23
95 67
216
53 6
70 71
225
6 78
60 80
107
79 65
79 63
142
75 20
95 75
201
80 97
59 76
94
82 70
89 86
178
46 53
76 83
168
4 60
90 74
216
58 33
98 97
139
69 41
67 64
216
16 67
96 96
125
66 42
81 60
155
86 90
75 53
62
35 22
98 68
78
84 86
84 88
182
25 27
93 51
242
10 19
67 59
