6.6743e-11 900 1000
213
38 73
63 52
135
14 14
95 86
162
80 73
51 79
153
87 1
74 98
156
16 22
54 84
156
94 44
53 84
188
78 48
50 76
241
64 13
51 55
212
25 70
99 94
228
1 98
98 65
177
72 23
58 96
76
4 2
87 70
207
87 10
88 85
239
3 79
86 56
204
6 68
62 81
208
12 9
77 59
212
50 38
84 84
160
89 60
82 65
78
94 24
62 67
82
91 56
64 85
229
82 42
73 86
247
35 44
55 61
164
45 24
60 64
182
71 27
92 71
205
18 1
68 50
180
24 34
70 73
189
64 53
89 73
139
35 22
86 74
92
12 38
55 89
172
34 71
92 95
126
45 53
53 94
63
37 77
50 88
109
55 29
54 73
196
77 13
89 81
215
80 75
65 77
137
86 99
97 71
181
50 49
95 76
103
72 90
80 92
225
61 54
79 80
65
94 77
60 94
234
86 9
86 66
103
38 3
74 91
185
73 22
51 85
118
93 90
84 93
175
38 68
50 86
70
27 53
98 64
188
59 50
66 76
96
69 81
72 86
95
47 71
58 70
248
98 39
84 93
132
52 20
58 73
52
11 93
59 82
211
10 72
50 71
226
81 19
57 98
203
78 43
66 50
136
57 50
95 86
191
65 70
93 95
173
88 99
81 87
50
53 48
71 60
103
92 38
88 86
149
84 40
92 79
100
95 15
53 57
242
74 48
93 58
219
92 33
70 60
76
21 10
72 81
192
10 37
73 87
149
15 86
66 83
58
83 33
92 55
189
40 47
57 63
183
91 82
92 77
213
54 3
85 84
76
72 79
66 89
97
4 88
73 63
222
8 23
78 58
50
77 47
60 92
185
94 77
54 78
89
10 41
76 93
247
5 20
61 71
121
49 68
81 75
74
6 0
58 84
234
55 84
78 64
217
5 49
77 61
61
68 0
96 71
96
18 18
91 51
129
60 74
52 80
93
2 4
88 50
160
24 86
50 67
102
1 84
95 59
230
98 20
92 51
94
12 47
51 62
206
25 41
71 66
229
77 11
63 83
67
0 43
62 93
202
96 97
56 54
144
26 86
87 92
170
87 88
50 85
240
43 41
59 67
66
72 47
80 95
136
76 62
57 86
138
4 90
96 87
160
83 31
75 88
172
63 61
98 59
215
91 51
69 60
102
66 76
73 74
248
35 10
98 74
244
39 15
52 98
85
83 60
50 68
208
13 93
54 73
161
6 38
98 54
175
26 58
83 91
249
45 89
66 86
244
31 80
80 83
185
90 68
89 70
140
32 80
53 56
136
43 19
74 92
143
32 17
60 71
217
2 22
58 63
120
40 7
90 53
72
60 88
58 62
249
90 54
60 83
93
82 70
64 88
206
32 31
52 90
94
24 8
71 96
234
80 68
71 76
222
9 98
62 82
69
16 84
67 59
229
89 4
92 61
154
73 69
61 88
77
69 32
81 51
92
99 87
63 72
71
61 46
79 82
73
15 2
63 92
184
68 23
86 74
212
57 28
66 88
168
0 15
69 90
181
6 82
57 81
72
3 4
86 83
84
88 59
53 51
54
78 36
60 72
164
40 86
74 71
58
90 41
81 58
211
64 40
73 69
123
27 41
77 78
163
88 63
64 54
241
52 58
80 69
62
16 35
56 52
193
47 60
71 85
131
61 46
67 95
134
59 70
98 61
186
13 76
80 74
228
88 67
86 80
220
71 95
99 89
179
12 82
67 78
183
65 9
56 96
132
76 82
93 93
177
21 81
55 90
102
24 18
51 92
162
48 63
52 85
249
36 64
95 61
105
6 96
92 72
215
24 6
50 91
219
81 68
59 91
189
79 95
87 63
82
50 76
61 82
54
28 32
95 92
75
92 47
71 83
236
78 48
92 63
228
62 32
75 59
73
70 50
64 55
60
42 39
72 62
55
56 17
59 85
201
9 62
96 95
230
46 82
95 58
238
29 88
50 51
55
50 26
81 77
166
21 89
52 58
195
19 16
53 51
230
16 52
98 91
112
82 74
84 58
177
73 49
52 56
223
78 13
93 73
62
82 40
50 83
86
18 30
81 55
122
83 88
81 88
133
55 2
62 65
190
63 44
51 63
165
66 38
61 94
61
53 58
91 96
54
21 82
90 72
54
30 94
84 89
161
88 23
90 69
201
85 59
74 64
188
62 82
78 56
225
86 68
66 79
79
48 85
57 52
240
54 6
95 70
190
20 32
53 79
111
62 80
96 98
188
28 36
92 52
106
12 27
56 92
228
41 23
75 79
51
31 69
90 57
79
74 47
76 99
127
8 62
60 91
57
96 81
83 87
191
60 44
88 55
219
62 36
65 60
189
84 63
70 71
176
18 0
51 52
196
64 29
72 55
174
53 14
51 73
136
45 66
71 99
86
7 68
80 50
224
94 89
62 59
114
64 37
90 84
116
71 81
88 82
94
2 58
83 99
53
49 36
87 51
223
55 89
89 82
135
80 7
68 81
95
7 48
82 59
247
15 27
59 69
53
20 65
64 57
153
2 13
64 53
139
3 78
62 96
144
69 82
65 76
89
13 71
83 97
246
12 96
67 63
72
82 19
76 92
99
89 97
52 53
105
80 45
91 60
193
75 56
83 64
191
6 56
55 54
141
51 50
66 54
119
85 78
70 53
211
17 4
58 53
70
53 58
71 52
196
77 47
64 72
210
20 63
69 69
125
20 10
66 76
188
44 47
53 73
166
7 84
89 84
65
50 6
60 70
221
58 67
91 98
172
4 61
82 94
223
42 69
97 95
211
47 83
58 55
200
95 22
58 57
84
14 25
95 84
226
64 7
56 86
55
69 8
52 61
51
23 87
84 95
121
20 56
62 68
128
84 20
77 73
142
2 8
94 58
150
52 86
73 66
210
81 74
87 79
186
74 82
77 61
161
86 34
54 81
98
24 9
85 84
204
95 28
86 58
189
72 8
77 93
95
3 3
84 79
240
66 67
80 67
246
65 28
59 82
119
20 82
66 96
157
94 0
58 52
182
69 94
87 54
96
93 2
83 51
127
52 91
58 96
132
88 92
76 97
149
8 69
65 70
224
67 27
82 70
225
76 52
58 94
163
10 42
93 56
145
87 36
84 97
245
28 30
79 84
204
50 35
55 64
167
35 40
60 84
219
64 60
56 95
222
51 10
69 85
144
5 30
80 83
191
12 29
65 69
191
0 23
89 94
58
29 61
96 95
139
58 64
61 53
164
71 77
62 65
190
95 12
95 97
175
26 90
59 87
93
34 30
74 96
73
36 56
53 52
184
19 93
96 92
230
24 58
76 53
138
88 96
95 83
235
36 8
97 64
145
28 59
57 80
204
63 5
58 92
168
51 76
70 87
200
79 17
71 76
205
69 14
50 95
64
58 32
96 50
158
8 46
78 88
65
33 42
85 81
193
13 49
87 95
184
56 97
73 63
79
37 20
65 98
89
99 13
65 50
146
13 58
96 56
191
40 71
52 77
127
4 70
67 91
193
14 77
92 99
239
62 81
79 79
179
44 18
68 78
210
26 76
84 73
174
56 67
96 65
160
68 94
87 66
188
14 9
59 54
106
90 94
73 70
171
91 51
82 66
162
60 78
53 88
195
70 15
82 53
118
26 15
82 87
114
91 75
79 80
202
73 39
59 94
148
13 16
84 92
147
12 54
94 57
65
11 54
59 88
93
75 6
95 70
159
70 86
66 50
152
7 5
99 77
67
67 26
70 82
103
74 79
88 65
120
43 33
73 82
52
81 25
97 79
227
85 38
91 99
104
96 53
81 61
197
59 30
62 67
229
43 20
88 55
82
23 75
59 77
196
87 29
59 79
84
49 8
58 72
190
13 26
89 88
244
70 36
53 53
184
75 84
91 78
163
17 62
89 86
128
18 34
64 65
179
22 52
74 79
132
2 19
58 96
91
96 42
98 61
101
32 46
76 76
224
38 92
80 93
77
15 73
89 97
131
91 79
58 55
117
29 38
86 69
139
28 10
74 87
126
72 88
67 61
198
11 87
82 88
241
55 17
64 56
96
93 39
95 87
153
33 56
75 83
121
88 74
62 51
112
52 80
91 86
221
80 86
74 82
164
41 74
82 69
157
24 16
55 51
169
62 56
91 54
89
16 75
76 77
230
6 41
79 82
149
65 4
86 81
139
12 45
67 82
247
83 90
93 71
90
51 92
96 54
143
23 94
73 59
199
67 89
73 58
196
77 59
91 62
166
36 53
86 80
153
78 29
52 88
223
94 31
85 74
140
79 17
78 63
155
19 15
75 72
143
34 18
80 72
175
36 38
71 64
122
0 69
60 52
53
91 75
51 97
226
21 40
55 58
149
72 13
85 71
97
55 64
88 82
88
29 59
75 74
50
47 98
50 52
57
27 55
55 50
128
97 26
86 51
52
51 3
74 75
238
90 74
56 94
78
68 82
56 57
143
54 9
62 92
56
69 99
99 83
124
28 63
65 73
164
70 78
55 68
94
79 6
50 86
138
84 14
74 56
90
33 1
94 96
145
45 52
87 65
145
53 91
65 75
70
45 41
59 90
200
66 86
72 79
166
38 69
75 51
212
79 93
92 98
75
96 43
60 70
236
4 17
92 89
121
86 59
51 66
195
87 66
97 63
209
17 80
83 97
244
78 12
60 75
172
55 50
73 69
166
90 5
96 70
85
55 91
59 71
158
77 18
82 95
174
14 6
55 93
249
67 40
67 77
77
20 0
71 83
143
28 51
73 85
174
14 22
93 81
175
14 39
84 52
146
92 78
74 60
97
16 9
88 65
183
90 94
79 53
111
80 98
86 89
153
8 65
96 69
154
35 46
98 68
171
27 66
76 63
153
37 13
80 69
77
26 4
58 68
106
8 31
73 88
196
38 44
65 55
137
12 11
79 72
110
95 96
61 89
73
74 94
63 62
104
18 39
59 83
78
93 89
77 88
216
73 35
92 56
189
53 43
68 51
132
14 63
55 79
177
49 4
66 52
65
7 8
91 85
67
82 13
51 60
62
88 28
86 85
180
80 24
77 83
200
43 17
98 64
200
2 91
95 51
120
6 66
53 78
249
16 47
59 82
220
37 94
79 58
223
56 41
74 55
185
94 55
71 80
242
15 80
84 97
162
2 17
97 68
56
46 18
52 74
205
46 44
55 94
227
48 70
75 85
222
83 73
53 66
56
36 11
58 73
222
27 86
56 74
125
26 80
57 71
128
51 29
73 76
208
43 54
91 56
121
64 31
99 56
170
60 12
88 58
120
76 80
54 98
234
87 73
96 61
144
75 41
68 97
199
24 8
64 94
165
97 15
73 82
97
38 52
60 59
226
40 30
80 52
96
5 36
99 85
201
41 31
79 77
161
89 28
74 85
105
92 2
86 53
115
38 52
61 53
200
93 31
85 92
123
24 89
76 78
173
58 82
61 66
89
41 27
64 78
215
69 83
86 57
105
88 75
78 96
202
62 96
89 97
247
80 71
51 71
56
83 97
63 64
146
93 3
81 87
157
67 3
62 78
53
87 84
80 94
68
78 96
93 80
119
16 29
51 99
120
48 8
74 55
63
80 2
89 56
113
94 66
94 80
157
30 34
78 96
62
26 16
96 91
169
78 60
62 88
179
22 58
63 79
96
17 94
51 76
159
19 90
70 53
163
54 62
61 96
134
77 8
51 60
224
64 82
72 52
228
32 33
64 50
97
8 46
73 65
111
15 74
79 80
185
92 46
92 92
155
2 26
89 82
156
23 8
62 70
95
45 48
98 79
161
46 76
91 72
221
67 33
64 86
147
12 22
64 91
204
42 46
78 58
233
89 14
84 56
51
84 3
82 99
134
61 10
82 81
152
16 2
89 72
232
63 19
62 94
177
58 0
60 71
188
75 5
63 77
161
19 81
80 98
53
90 32
65 64
175
70 19
91 93
161
60 75
71 74
174
73 53
74 84
83
31 72
52 58
97
33 72
70 66
163
4 21
86 55
70
57 80
75 90
248
0 1
75 60
123
80 34
68 96
104
92 32
92 88
246
64 85
53 79
186
76 94
52 91
164
34 13
53 71
210
56 69
81 62
233
65 38
84 63
135
68 69
59 80
211
96 26
58 77
249
54 14
57 78
106
20 42
64 93
125
35 3
65 81
117
53 66
79 84
140
50 22
52 60
160
78 23
51 56
88
67 58
86 93
176
28 49
92 96
144
47 21
54 80
65
70 49
83 70
201
7 62
73 51
109
48 63
72 90
199
32 28
71 68
168
23 46
92 98
117
65 93
75 67
171
24 82
54 93
59
17 94
98 67
92
63 28
68 90
235
99 92
62 67
222
59 87
86 95
153
31 15
82 71
208
16 42
86 82
220
32 43
62 89
130
41 81
74 96
61
16 81
51 60
130
38 83
80 89
226
45 43
64 59
229
58 17
51 95
94
95 18
57 79
157
39 9
57 50
213
39 12
74 81
192
9 11
51 80
190
46 9
68 87
112
38 69
66 70
139
34 17
96 86
142
7 96
96 81
215
60 46
77 56
85
40 98
78 94
93
39 36
76 89
158
95 3
74 98
161
41 87
74 96
137
20 90
71 94
218
67 11
67 79
146
65 64
60 88
246
49 32
73 85
225
77 95
93 72
51
33 85
83 94
59
73 81
77 79
196
91 49
78 65
208
94 13
52 74
57
34 20
57 56
157
3 83
55 84
198
42 37
81 81
76
64 90
71 51
94
21 98
63 85
201
77 93
69 96
81
41 53
61 65
99
44 24
61 54
51
98 52
86 93
132
76 21
73 96
50
23 42
77 71
188
23 72
70 67
142
75 98
63 84
86
40 35
91 80
151
43 81
77 51
179
98 33
82 58
73
74 58
81 98
154
55 37
54 77
228
55 19
55 53
220
92 42
74 60
233
8 11
63 77
135
48 8
68 85
230
28 59
59 55
209
46 11
88 65
153
9 93
98 60
65
40 80
91 57
65
54 91
70 73
119
30 60
95 68
151
6 98
55 79
66
16 89
56 64
156
1 69
79 66
149
12 31
90 90
53
33 7
82 59
105
42 79
99 88
139
99 39
68 96
155
9 64
78 73
215
0 80
98 66
229
31 18
58 91
171
17 46
58 57
149
39 62
50 93
138
91 82
78 87
210
42 44
70 69
223
2 87
55 75
200
23 4
98 81
83
46 54
61 50
204
76 1
94 95
78
77 33
73 70
57
17 32
53 52
137
92 75
50 89
148
56 39
72 71
206
27 7
57 55
190
11 9
55 68
55
40 97
69 82
63
53 90
94 83
156
19 70
62 99
221
3 49
72 79
226
29 88
93 55
237
4 95
64 98
61
13 55
90 52
84
32 17
50 87
126
23 45
94 97
185
45 70
99 90
118
89 18
73 97
182
21 36
86 87
87
42 48
52 50
82
70 36
73 64
172
68 40
89 95
115
9 32
73 60
208
93 30
78 50
217
64 32
69 90
201
70 77
79 95
72
15 29
93 94
140
85 67
62 60
74
97 75
88 85
222
68 43
93 65
198
28 32
74 63
99
1 16
63 69
182
42 94
88 97
137
57 89
50 74
72
27 48
83 69
167
28 91
58 86
174
93 86
99 54
67
67 53
75 69
230
19 3
53 74
59
92 61
85 67
94
85 41
60 72
220
3 89
77 51
61
14 27
81 54
115
84 74
93 85
59
48 65
92 80
101
53 90
59 94
241
50 88
62 76
112
2 47
50 67
131
77 80
85 95
110
59 13
98 96
54
15 58
88 52
57
80 56
50 61
191
40 52
80 91
103
79 5
72 57
79
3 88
86 58
190
49 18
65 51
197
73 7
61 64
113
67 22
85 94
69
87 85
79 60
69
86 65
72 99
111
60 28
89 66
98
57 8
59 97
174
18 96
61 97
131
85 61
57 99
70
94 20
80 59
125
97 78
77 62
219
58 23
89 82
247
47 30
80 56
108
28 31
80 78
241
93 9
60 76
100
31 48
57 97
113
38 72
84 61
217
9 82
64 75
50
47 74
81 97
229
64 57
85 59
194
47 51
79 88
207
80 40
87 88
189
62 52
65 77
246
47 97
74 58
214
49 58
58 63
232
15 94
53 98
103
56 42
82 52
138
73 9
98 70
212
2 59
89 74
69
86 73
81 66
110
41 82
95 61
249
91 95
93 67
195
36 72
74 53
70
33 41
61 93
233
73 8
84 87
112
57 56
75 50
190
57 60
74 82
205
69 33
50 96
113
72 43
97 51
198
90 71
67 82
102
25 17
57 77
159
15 39
89 69
140
51 11
95 98
175
79 55
51 97
229
45 10
61 54
192
84 52
86 82
51
56 36
63 76
113
4 88
59 78
145
70 21
71 99
118
76 76
73 97
127
85 78
84 74
248
39 68
53 83
75
41 84
63 83
157
51 48
79 61
112
0 59
58 82
71
34 52
99 97
60
30 26
51 95
114
21 94
77 53
224
13 81
66 66
126
15 23
86 77
144
45 41
74 94
153
78 67
64 90
128
42 0
97 60
93
41 76
82 65
120
13 91
57 84
129
82 60
90 96
219
81 40
86 66
57
53 70
62 88
67
64 68
78 60
161
4 55
72 55
86
16 75
61 51
225
24 33
79 58
166
20 79
95 99
156
67 9
97 60
129
15 29
91 95
93
49 7
64 99
123
39 88
89 89
153
22 65
73 79
104
54 95
94 74
149
5 32
94 67
102
74 98
94 67
217
53 62
64 66
167
2 42
81 58
93
96 11
90 68
121
37 72
98 75
84
30 77
94 89
77
42 92
61 51
138
26 20
89 91
90
31 58
67 94
112
30 37
55 61
123
79 34
62 60
127
89 44
84 60
135
28 87
90 77
241
60 16
59 67
199
68 9
53 80
137
41 95
56 67
98
40 42
53 78
54
49 5
65 93
135
52 78
58 65
94
26 57
74 55
185
84 54
87 55
89
82 42
62 80
138
54 29
57 80
109
14 85
80 59
82
9 46
62 86
169
69 81
86 95
145
92 32
88 81
229
30 71
53 61
144
84 1
84 99
191
19 8
69 58
199
16 40
76 60
130
9 81
78 51
245
11 96
80 90
149
3 19
83 81
56
86 76
77 91
70
37 84
94 91
57
84 93
53 75
63
37 55
56 72
165
4 70
60 76
86
81 77
59 89
216
87 98
91 53
214
77 73
65 51
72
58 60
87 58
63
42 23
98 52
200
68 18
94 55
80
22 91
83 63
183
81 30
85 70
72
60 36
89 99
227
50 73
82 87
187
55 53
55 82
203
73 82
89 73
120
33 55
71 92
218
53 77
99 99
138
85 23
74 98
224
48 78
65 76
182
18 66
98 89
124
32 93
68 99
224
26 69
63 59
247
90 79
78 50
241
3 38
88 76
179
68 3
81 79
84
49 61
51 54
249
46 30
80 82
66
51 58
69 92
215
48 91
91 57
78
31 99
77 83
72
82 12
94 90
164
55 24
81 63
158
11 63
97 56
191
57 75
67 93
228
61 10
67 76
152
68 6
89 84
146
53 8
98 78
197
75 44
60 55
206
23 63
72 67
72
97 61
54 79
116
16 57
85 77
183
41 82
68 52
132
76 98
78 85
124
73 83
88 51
83
53 57
75 58
125
38 82
61 74
194
70 91
70 60
107
52 93
97 50
170
97 32
67 96
76
2 23
74 51
242
82 36
96 96
109
78 73
50 99
141
41 93
53 61
213
46 70
70 66
96
4 88
85 93
173
60 21
72 76
134
60 70
68 68
206
42 29
78 84
194
23 25
88 85
226
8 0
66 75
230
57 21
64 84
92
86 8
86 54
60
56 90
61 73
175
42 79
66 69
223
91 63
50 96
132
0 73
98 92
119
21 23
59 76
135
19 20
76 73
55
16 86
59 64
227
40 91
62 72
56
25 45
91 50
227
66 32
74 79
164
49 50
78 85
59
0 73
98 78
176
34 86
52 95
245
95 24
96 88
107
41 46
96 84
233
80 11
92 99
105
43 16
53 56
73
28 17
98 74
227
84 2
97 63
138
22 11
99 83
68
45 40
74 62
144
37 95
96 74
79
64 81
88 74
218
55 48
72 96
203
26 25
89 89
74
52 77
62 98
101
52 68
80 98
128
27 42
67 65
74
98 97
71 88
138
69 8
57 94
