6.6743e-11 1080 1000
55
-27.000000 37.000000
83.000000 -44.000000
188
-51.000000 70.000000
67.000000 64.000000
213
24.000000 8.000000
-76.000000 -36.000000
243
58.000000 81.000000
-63.000000 -11.000000
109
91.000000 72.000000
61.000000 -47.000000
117
4.000000 -89.000000
-78.000000 95.000000
57
-22.000000 -68.000000
-74.000000 -18.000000
118
65.000000 79.000000
-82.000000 57.000000
203
-23.000000 -87.000000
-63.000000 70.000000
208
83.000000 -5.000000
-87.000000 -25.000000
221
42.000000 -66.000000
52.000000 -8.000000
86
-3.000000 52.000000
-80.000000 54.000000
57
82.000000 40.000000
84.000000 -19.000000
115
54.000000 -73.000000
-89.000000 -49.000000
161
93.000000 -66.000000
57.000000 91.000000
216
-29.000000 94.000000
-85.000000 -29.000000
88
-86.000000 -24.000000
-95.000000 -22.000000
124
-14.000000 66.000000
73.000000 -18.000000
147
-97.000000 -85.000000
84.000000 87.000000
97
-18.000000 -91.000000
-68.000000 54.000000
104
29.000000 -41.000000
-82.000000 -41.000000
177
13.000000 87.000000
84.000000 -1.000000
96
-89.000000 60.000000
79.000000 83.000000
170
16.000000 5.000000
91.000000 -22.000000
70
11.000000 37.000000
80.000000 -31.000000
174
-30.000000 87.000000
-74.000000 52.000000
203
-20.000000 41.000000
81.000000 98.000000
136
-34.000000 -92.000000
-76.000000 92.000000
136
92.000000 -2.000000
-59.000000 78.000000
238
-51.000000 81.000000
57.000000 -19.000000
243
55.000000 65.000000
-86.000000 -28.000000
105
-64.000000 3.000000
85.000000 -30.000000
183
-49.000000 -69.000000
60.000000 -9.000000
120
-66.000000 -3.000000
56.000000 52.000000
169
-58.000000 -67.000000
-89.000000 98.000000
146
45.000000 95.000000
79.000000 95.000000
95
23.000000 68.000000
57.000000 69.000000
213
69.000000 -5.000000
-85.000000 94.000000
112
51.000000 -61.000000
55.000000 -44.000000
74
-28.000000 9.000000
-80.000000 86.000000
214
84.000000 43.000000
77.000000 -9.000000
208
77.000000 -42.000000
58.000000 64.000000
244
33.000000 -85.000000
90.000000 -9.000000
139
-16.000000 35.000000
-87.000000 73.000000
248
-16.000000 -1.000000
-86.000000 -47.000000
237
-12.000000 -77.000000
-54.000000 -47.000000
234
-32.000000 -57.000000
-65.000000 -10.000000
138
72.000000 -20.000000
-86.000000 -16.000000
186
45.000000 -7.000000
58.000000 -42.000000
168
83.000000 2.000000
-69.000000 96.000000
131
26.000000 34.000000
96.000000 -18.000000
243
-38.000000 81.000000
65.000000 97.000000
180
12.000000 30.000000
-83.000000 -44.000000
97
42.000000 73.000000
83.000000 98.000000
137
91.000000 -92.000000
76.000000 52.000000
81
-75.000000 -48.000000
-93.000000 69.000000
136
-81.000000 46.000000
89.000000 -23.000000
193
-18.000000 -44.000000
-74.000000 -41.000000
243
65.000000 56.000000
-65.000000 74.000000
75
46.000000 -97.000000
-67.000000 95.000000
78
64.000000 13.000000
-76.000000 -24.000000
192
-42.000000 17.000000
76.000000 92.000000
92
98.000000 81.000000
-55.000000 -7.000000
144
-37.000000 -55.000000
99.000000 62.000000
148
-60.000000 -32.000000
-69.000000 64.000000
138
-21.000000 87.000000
-79.000000 -13.000000
112
-44.000000 28.000000
-64.000000 -44.000000
57
-27.000000 -36.000000
97.000000 75.000000
93
-70.000000 -43.000000
54.000000 60.000000
161
7.000000 -73.000000
-84.000000 -46.000000
117
11.000000 -27.000000
-63.000000 84.000000
83
-88.000000 92.000000
55.000000 -35.000000
224
-18.000000 -32.000000
52.000000 -22.000000
99
-32.000000 14.000000
-94.000000 79.000000
114
87.000000 -2.000000
76.000000 -27.000000
224
-74.000000 -87.000000
-81.000000 -3.000000
108
76.000000 -25.000000
-59.000000 -39.000000
210
-28.000000 -39.000000
92.000000 -8.000000
184
-46.000000 3.000000
-51.000000 -7.000000
63
-6.000000 83.000000
71.000000 -35.000000
117
-62.000000 -0.000000
-91.000000 -8.000000
145
25.000000 -50.000000
-84.000000 -6.000000
227
36.000000 97.000000
68.000000 59.000000
92
-36.000000 74.000000
-55.000000 -24.000000
231
28.000000 56.000000
81.000000 -18.000000
167
90.000000 65.000000
80.000000 54.000000
180
34.000000 -8.000000
86.000000 57.000000
89
78.000000 -75.000000
-88.000000 -37.000000
95
16.000000 -9.000000
68.000000 66.000000
76
-43.000000 87.000000
-53.000000 52.000000
85
-87.000000 -64.000000
-83.000000 69.000000
207
77.000000 96.000000
58.000000 77.000000
146
-8.000000 82.000000
52.000000 65.000000
106
-9.000000 80.000000
-56.000000 -46.000000
74
-3.000000 48.000000
-84.000000 -9.000000
199
57.000000 -64.000000
70.000000 -25.000000
151
-85.000000 74.000000
-92.000000 -28.000000
179
-40.000000 -45.000000
-75.000000 -3.000000
176
-61.000000 -48.000000
56.000000 56.000000
231
-70.000000 -92.000000
80.000000 63.000000
133
-26.000000 -56.000000
78.000000 84.000000
171
-76.000000 -63.000000
-52.000000 81.000000
174
-42.000000 -8.000000
59.000000 -19.000000
245
-39.000000 -22.000000
83.000000 63.000000
213
-71.000000 7.000000
57.000000 95.000000
87
-68.000000 27.000000
96.000000 96.000000
241
18.000000 -27.000000
66.000000 -29.000000
190
-42.000000 94.000000
80.000000 -29.000000
220
59.000000 36.000000
-94.000000 -11.000000
246
36.000000 -52.000000
-64.000000 -32.000000
207
-87.000000 -89.000000
-75.000000 -43.000000
221
-25.000000 -50.000000
84.000000 -14.000000
127
-20.000000 33.000000
-67.000000 -41.000000
131
28.000000 -5.000000
-51.000000 -40.000000
99
18.000000 3.000000
99.000000 -29.000000
203
17.000000 37.000000
-88.000000 63.000000
85
90.000000 51.000000
-63.000000 -31.000000
71
-64.000000 -54.000000
73.000000 88.000000
105
1.000000 -41.000000
64.000000 -46.000000
145
-92.000000 88.000000
65.000000 59.000000
176
-59.000000 -28.000000
-67.000000 63.000000
82
-48.000000 51.000000
60.000000 85.000000
118
-39.000000 92.000000
-81.000000 -14.000000
109
-3.000000 89.000000
-75.000000 58.000000
177
98.000000 21.000000
54.000000 -23.000000
126
-60.000000 -18.000000
78.000000 91.000000
246
7.000000 -77.000000
93.000000 -48.000000
245
-56.000000 -7.000000
85.000000 66.000000
62
-0.000000 -76.000000
67.000000 -3.000000
240
22.000000 26.000000
82.000000 -4.000000
192
-62.000000 21.000000
75.000000 -13.000000
127
52.000000 8.000000
-74.000000 -14.000000
130
19.000000 -74.000000
-91.000000 -11.000000
135
20.000000 -28.000000
86.000000 69.000000
189
-64.000000 -45.000000
-77.000000 73.000000
162
56.000000 60.000000
63.000000 -2.000000
110
25.000000 -51.000000
58.000000 -14.000000
92
80.000000 -10.000000
-64.000000 -8.000000
117
14.000000 88.000000
-58.000000 56.000000
86
-51.000000 29.000000
67.000000 65.000000
196
7.000000 40.000000
-62.000000 75.000000
248
68.000000 -57.000000
-91.000000 81.000000
75
26.000000 29.000000
-69.000000 73.000000
156
62.000000 77.000000
83.000000 72.000000
151
-78.000000 39.000000
59.000000 -23.000000
202
-36.000000 -26.000000
77.000000 74.000000
103
-68.000000 -67.000000
-87.000000 89.000000
126
-32.000000 14.000000
94.000000 89.000000
180
34.000000 15.000000
-54.000000 -34.000000
203
-96.000000 84.000000
-58.000000 -37.000000
146
-13.000000 60.000000
71.000000 -8.000000
154
85.000000 76.000000
-92.000000 -31.000000
145
14.000000 -21.000000
-74.000000 75.000000
75
66.000000 -82.000000
96.000000 -17.000000
187
47.000000 9.000000
53.000000 -28.000000
221
-58.000000 30.000000
-91.000000 97.000000
227
42.000000 1.000000
97.000000 -18.000000
103
-25.000000 92.000000
79.000000 -28.000000
247
-29.000000 -32.000000
62.000000 -25.000000
200
-26.000000 -64.000000
88.000000 96.000000
62
26.000000 -5.000000
-86.000000 -33.000000
211
-51.000000 59.000000
88.000000 62.000000
69
71.000000 92.000000
-72.000000 94.000000
112
88.000000 -0.000000
-89.000000 83.000000
229
-80.000000 -28.000000
92.000000 89.000000
227
-95.000000 36.000000
-80.000000 -20.000000
121
60.000000 -96.000000
96.000000 50.000000
171
14.000000 -10.000000
72.000000 83.000000
83
83.000000 37.000000
-59.000000 -46.000000
102
-79.000000 -36.000000
-69.000000 89.000000
228
91.000000 9.000000
97.000000 56.000000
80
54.000000 -41.000000
61.000000 -40.000000
177
91.000000 -32.000000
65.000000 71.000000
176
73.000000 -46.000000
-65.000000 -41.000000
130
30.000000 62.000000
-98.000000 -17.000000
215
-41.000000 21.000000
-94.000000 57.000000
149
79.000000 -80.000000
-82.000000 -43.000000
142
-35.000000 -3.000000
-66.000000 63.000000
211
-73.000000 -21.000000
80.000000 -23.000000
204
48.000000 59.000000
-90.000000 -46.000000
118
-51.000000 -21.000000
98.000000 50.000000
165
72.000000 76.000000
61.000000 77.000000
207
-87.000000 -8.000000
63.000000 -42.000000
217
80.000000 76.000000
97.000000 -21.000000
228
-66.000000 -50.000000
-90.000000 73.000000
197
-66.000000 18.000000
64.000000 -15.000000
173
91.000000 -27.000000
-75.000000 91.000000
131
78.000000 52.000000
96.000000 -16.000000
246
60.000000 68.000000
-84.000000 62.000000
171
71.000000 -99.000000
65.000000 80.000000
79
-66.000000 -15.000000
77.000000 -46.000000
187
89.000000 -2.000000
-62.000000 -47.000000
145
34.000000 -49.000000
96.000000 -46.000000
121
46.000000 34.000000
82.000000 -39.000000
155
-42.000000 -85.000000
64.000000 -7.000000
82
-6.000000 48.000000
80.000000 -41.000000
218
-48.000000 69.000000
89.000000 62.000000
206
66.000000 -38.000000
-88.000000 96.000000
153
-49.000000 17.000000
-57.000000 84.000000
169
-3.000000 -69.000000
87.000000 -21.000000
196
26.000000 -32.000000
-56.000000 -49.000000
88
9.000000 -66.000000
69.000000 -46.000000
231
-61.000000 -81.000000
-54.000000 86.000000
99
21.000000 -38.000000
-62.000000 99.000000
136
35.000000 -52.000000
99.000000 -38.000000
229
37.000000 -97.000000
89.000000 -15.000000
191
-69.000000 62.000000
85.000000 82.000000
185
-72.000000 -69.000000
-93.000000 -15.000000
179
-13.000000 66.000000
85.000000 -25.000000
204
-92.000000 -38.000000
-50.000000 59.000000
221
-91.000000 86.000000
-95.000000 79.000000
59
34.000000 13.000000
-60.000000 -4.000000
238
-44.000000 77.000000
75.000000 68.000000
151
74.000000 13.000000
78.000000 87.000000
62
99.000000 2.000000
-98.000000 -29.000000
179
22.000000 -13.000000
-98.000000 -44.000000
171
23.000000 90.000000
68.000000 82.000000
165
-25.000000 3.000000
-68.000000 -47.000000
204
22.000000 -99.000000
-52.000000 -19.000000
108
-49.000000 -57.000000
54.000000 74.000000
50
-20.000000 80.000000
73.000000 -7.000000
222
-39.000000 54.000000
-85.000000 79.000000
189
24.000000 36.000000
96.000000 69.000000
184
4.000000 -64.000000
-84.000000 87.000000
238
-98.000000 5.000000
-68.000000 -36.000000
208
18.000000 77.000000
-91.000000 97.000000
101
-2.000000 -1.000000
-89.000000 -45.000000
146
-81.000000 83.000000
-72.000000 -37.000000
54
-81.000000 -1.000000
-79.000000 92.000000
141
-86.000000 61.000000
67.000000 53.000000
235
57.000000 -26.000000
56.000000 -36.000000
80
-25.000000 47.000000
87.000000 -37.000000
183
94.000000 79.000000
58.000000 67.000000
201
41.000000 -86.000000
81.000000 75.000000
85
23.000000 98.000000
-56.000000 -43.000000
50
26.000000 47.000000
-75.000000 81.000000
102
-34.000000 -23.000000
68.000000 50.000000
61
61.000000 -91.000000
-53.000000 -47.000000
131
94.000000 -38.000000
-64.000000 88.000000
227
-80.000000 99.000000
87.000000 -29.000000
195
-19.000000 -21.000000
96.000000 60.000000
229
-13.000000 -18.000000
-95.000000 83.000000
145
66.000000 -41.000000
-50.000000 88.000000
135
-86.000000 -45.000000
-60.000000 -48.000000
165
57.000000 37.000000
-81.000000 54.000000
83
-56.000000 38.000000
-99.000000 -7.000000
136
79.000000 -63.000000
-86.000000 60.000000
61
48.000000 41.000000
-65.000000 55.000000
236
43.000000 -65.000000
58.000000 -7.000000
238
53.000000 -6.000000
73.000000 92.000000
131
-84.000000 -34.000000
-97.000000 72.000000
107
81.000000 82.000000
62.000000 64.000000
131
9.000000 -57.000000
-51.000000 81.000000
180
-24.000000 20.000000
-89.000000 -12.000000
178
-59.000000 -92.000000
-82.000000 -33.000000
171
-38.000000 -20.000000
-60.000000 -41.000000
196
75.000000 50.000000
-57.000000 -18.000000
216
53.000000 -62.000000
51.000000 71.000000
107
45.000000 -9.000000
-70.000000 77.000000
107
-16.000000 -85.000000
58.000000 -8.000000
163
1.000000 -86.000000
59.000000 94.000000
101
-73.000000 0.000000
-54.000000 99.000000
58
39.000000 3.000000
-79.000000 87.000000
222
-97.000000 -8.000000
-74.000000 67.000000
224
-13.000000 -4.000000
81.000000 -15.000000
152
-33.000000 -11.000000
60.000000 -46.000000
177
-0.000000 -91.000000
-64.000000 -45.000000
199
-22.000000 -95.000000
-84.000000 -38.000000
94
-41.000000 87.000000
-77.000000 62.000000
200
-16.000000 64.000000
93.000000 89.000000
221
52.000000 -23.000000
-96.000000 66.000000
122
39.000000 56.000000
-93.000000 63.000000
202
-87.000000 37.000000
56.000000 -2.000000
72
-79.000000 -20.000000
96.000000 60.000000
166
5.000000 -56.000000
-69.000000 -9.000000
195
-50.000000 -59.000000
51.000000 74.000000
84
-78.000000 36.000000
-90.000000 90.000000
126
63.000000 -42.000000
-65.000000 89.000000
139
82.000000 -45.000000
94.000000 -50.000000
96
58.000000 -78.000000
93.000000 53.000000
220
-5.000000 9.000000
50.000000 -50.000000
178
-48.000000 0.000000
-74.000000 -29.000000
239
-3.000000 -45.000000
-51.000000 89.000000
76
-42.000000 31.000000
-59.000000 -43.000000
151
12.000000 -48.000000
-76.000000 50.000000
111
-26.000000 -67.000000
62.000000 -35.000000
176
-29.000000 85.000000
-57.000000 91.000000
137
84.000000 58.000000
76.000000 52.000000
182
-75.000000 -66.000000
-55.000000 -24.000000
58
16.000000 92.000000
99.000000 83.000000
170
-15.000000 -79.000000
51.000000 -36.000000
73
-5.000000 85.000000
-95.000000 70.000000
93
78.000000 88.000000
66.000000 98.000000
213
-11.000000 -95.000000
82.000000 -3.000000
231
61.000000 -51.000000
81.000000 -47.000000
89
-88.000000 -48.000000
-71.000000 59.000000
94
-12.000000 52.000000
77.000000 -29.000000
76
-44.000000 44.000000
-90.000000 71.000000
167
41.000000 7.000000
-86.000000 -22.000000
222
30.000000 -32.000000
90.000000 99.000000
179
17.000000 -19.000000
92.000000 -11.000000
58
-7.000000 56.000000
-67.000000 -35.000000
70
41.000000 -30.000000
-84.000000 83.000000
237
-54.000000 -44.000000
-90.000000 -27.000000
187
-55.000000 -29.000000
-96.000000 74.000000
229
93.000000 38.000000
-51.000000 98.000000
230
-91.000000 -40.000000
-83.000000 -16.000000
68
43.000000 33.000000
-77.000000 81.000000
184
-84.000000 -41.000000
-68.000000 55.000000
153
8.000000 -62.000000
86.000000 -43.000000
233
-43.000000 81.000000
-94.000000 -43.000000
78
-49.000000 4.000000
-75.000000 -48.000000
224
40.000000 -79.000000
92.000000 -43.000000
216
-54.000000 44.000000
72.000000 69.000000
137
16.000000 19.000000
-97.000000 -28.000000
177
-4.000000 16.000000
85.000000 -30.000000
106
56.000000 -44.000000
68.000000 93.000000
215
87.000000 -49.000000
55.000000 -34.000000
78
-91.000000 80.000000
-63.000000 84.000000
54
60.000000 62.000000
77.000000 -40.000000
104
-29.000000 -73.000000
76.000000 92.000000
244
63.000000 -34.000000
55.000000 -35.000000
213
-93.000000 -39.000000
56.000000 -49.000000
120
44.000000 -67.000000
-51.000000 -26.000000
229
-8.000000 77.000000
86.000000 -24.000000
209
-83.000000 -15.000000
76.000000 -13.000000
226
-0.000000 37.000000
54.000000 -44.000000
74
-39.000000 -91.000000
-79.000000 -40.000000
59
-99.000000 72.000000
67.000000 -13.000000
232
64.000000 42.000000
-71.000000 -16.000000
111
89.000000 -22.000000
90.000000 89.000000
182
-15.000000 -23.000000
-82.000000 -35.000000
125
-95.000000 79.000000
78.000000 62.000000
128
23.000000 -33.000000
87.000000 -20.000000
212
-74.000000 59.000000
-58.000000 -6.000000
234
-83.000000 -96.000000
68.000000 -9.000000
115
0.000000 62.000000
-64.000000 -31.000000
87
-16.000000 37.000000
75.000000 63.000000
182
9.000000 -42.000000
62.000000 -37.000000
62
-66.000000 15.000000
-83.000000 -31.000000
122
88.000000 -90.000000
-96.000000 62.000000
206
-12.000000 84.000000
-76.000000 -16.000000
240
-28.000000 -97.000000
-78.000000 -8.000000
154
-15.000000 31.000000
-93.000000 -49.000000
205
71.000000 -86.000000
54.000000 -39.000000
196
59.000000 -34.000000
55.000000 56.000000
78
56.000000 90.000000
61.000000 81.000000
217
98.000000 52.000000
81.000000 -34.000000
139
17.000000 42.000000
-99.000000 98.000000
183
3.000000 37.000000
74.000000 -28.000000
232
18.000000 -42.000000
62.000000 84.000000
214
-24.000000 -38.000000
96.000000 -31.000000
237
12.000000 -25.000000
-61.000000 51.000000
164
84.000000 -14.000000
-64.000000 89.000000
202
-96.000000 13.000000
-54.000000 -46.000000
194
6.000000 -93.000000
95.000000 56.000000
69
40.000000 -87.000000
-90.000000 -9.000000
74
28.000000 6.000000
56.000000 69.000000
148
83.000000 81.000000
84.000000 99.000000
121
-87.000000 -4.000000
65.000000 -34.000000
110
-0.000000 -2.000000
57.000000 71.000000
127
-77.000000 51.000000
84.000000 72.000000
233
-67.000000 0.000000
63.000000 89.000000
211
83.000000 80.000000
-92.000000 84.000000
70
-2.000000 50.000000
57.000000 73.000000
114
64.000000 93.000000
94.000000 -39.000000
140
-6.000000 -40.000000
89.000000 81.000000
223
-86.000000 37.000000
61.000000 -31.000000
232
59.000000 -2.000000
-83.000000 -50.000000
134
21.000000 -84.000000
-82.000000 67.000000
202
28.000000 71.000000
-82.000000 97.000000
217
18.000000 41.000000
-85.000000 -28.000000
228
-59.000000 6.000000
64.000000 60.000000
203
24.000000 84.000000
-66.000000 93.000000
236
45.000000 13.000000
-50.000000 -35.000000
138
79.000000 28.000000
69.000000 -13.000000
217
55.000000 5.000000
-85.000000 -20.000000
121
-10.000000 -23.000000
-54.000000 54.000000
202
95.000000 -70.000000
-89.000000 67.000000
65
-95.000000 98.000000
72.000000 -49.000000
173
96.000000 -99.000000
83.000000 72.000000
190
-27.000000 69.000000
71.000000 -40.000000
236
14.000000 -99.000000
61.000000 61.000000
62
-76.000000 4.000000
76.000000 -50.000000
99
33.000000 -62.000000
82.000000 79.000000
138
-11.000000 -51.000000
51.000000 74.000000
186
14.000000 -62.000000
-52.000000 -43.000000
117
91.000000 -29.000000
-64.000000 -23.000000
230
84.000000 -40.000000
89.000000 68.000000
136
77.000000 -66.000000
-66.000000 71.000000
138
27.000000 -81.000000
-90.000000 82.000000
221
-54.000000 -41.000000
-55.000000 69.000000
138
46.000000 -67.000000
-83.000000 57.000000
129
-29.000000 -63.000000
-80.000000 59.000000
167
-80.000000 -24.000000
-50.000000 -8.000000
128
29.000000 -22.000000
59.000000 90.000000
227
88.000000 -17.000000
77.000000 93.000000
175
-34.000000 -10.000000
-59.000000 55.000000
180
46.000000 -18.000000
-77.000000 -27.000000
109
-6.000000 98.000000
66.000000 -39.000000
78
-29.000000 -32.000000
93.000000 99.000000
65
66.000000 -31.000000
-60.000000 -43.000000
92
28.000000 -31.000000
96.000000 85.000000
188
98.000000 32.000000
-91.000000 -36.000000
137
-65.000000 -53.000000
85.000000 -48.000000
112
-70.000000 55.000000
77.000000 -41.000000
192
56.000000 52.000000
-88.000000 -18.000000
55
81.000000 75.000000
-80.000000 94.000000
104
-71.000000 35.000000
-69.000000 -43.000000
161
13.000000 26.000000
77.000000 -12.000000
96
-45.000000 16.000000
54.000000 -4.000000
81
-46.000000 6.000000
-84.000000 -25.000000
108
65.000000 35.000000
-61.000000 73.000000
240
-21.000000 75.000000
68.000000 -12.000000
87
-50.000000 55.000000
83.000000 77.000000
168
-95.000000 34.000000
58.000000 -39.000000
164
-10.000000 -12.000000
-76.000000 52.000000
121
-37.000000 -67.000000
57.000000 -47.000000
182
-72.000000 -97.000000
-62.000000 62.000000
62
74.000000 -54.000000
-80.000000 -22.000000
54
81.000000 -13.000000
-73.000000 -22.000000
82
-74.000000 78.000000
-87.000000 -8.000000
213
70.000000 36.000000
76.000000 80.000000
64
-99.000000 -77.000000
63.000000 94.000000
238
74.000000 -92.000000
50.000000 85.000000
162
-74.000000 3.000000
89.000000 76.000000
130
-82.000000 25.000000
-90.000000 -19.000000
159
-91.000000 2.000000
67.000000 70.000000
86
36.000000 87.000000
76.000000 99.000000
50
28.000000 28.000000
-90.000000 85.000000
64
-27.000000 -6.000000
-61.000000 -28.000000
125
-71.000000 9.000000
-82.000000 -31.000000
168
-87.000000 -58.000000
-89.000000 -23.000000
130
59.000000 22.000000
-65.000000 -14.000000
155
-20.000000 22.000000
-70.000000 76.000000
225
-47.000000 -89.000000
-94.000000 66.000000
76
15.000000 91.000000
83.000000 -12.000000
131
-87.000000 -16.000000
93.000000 -35.000000
231
-5.000000 97.000000
-72.000000 73.000000
128
5.000000 -20.000000
-64.000000 71.000000
62
-89.000000 9.000000
82.000000 97.000000
100
-64.000000 85.000000
74.000000 -39.000000
76
-9.000000 86.000000
-72.000000 -19.000000
210
-5.000000 -94.000000
50.000000 -45.000000
84
5.000000 84.000000
51.000000 -33.000000
232
21.000000 54.000000
94.000000 -1.000000
112
-44.000000 33.000000
52.000000 -15.000000
94
92.000000 39.000000
-81.000000 80.000000
192
28.000000 52.000000
59.000000 -26.000000
190
-58.000000 91.000000
99.000000 85.000000
183
-79.000000 89.000000
78.000000 -26.000000
106
73.000000 -4.000000
-77.000000 -15.000000
117
73.000000 -70.000000
-70.000000 74.000000
61
42.000000 -18.000000
-85.000000 72.000000
52
-52.000000 -61.000000
92.000000 -8.000000
172
46.000000 -35.000000
-77.000000 -13.000000
157
-38.000000 -5.000000
61.000000 -8.000000
191
1.000000 -37.000000
-94.000000 94.000000
178
69.000000 -30.000000
52.000000 92.000000
128
77.000000 83.000000
81.000000 -19.000000
193
89.000000 -52.000000
-97.000000 99.000000
67
32.000000 -85.000000
87.000000 69.000000
132
-81.000000 75.000000
83.000000 -38.000000
240
-39.000000 -84.000000
68.000000 88.000000
201
-44.000000 -42.000000
94.000000 68.000000
51
25.000000 -34.000000
51.000000 99.000000
116
-70.000000 -60.000000
92.000000 73.000000
196
82.000000 44.000000
92.000000 -33.000000
235
72.000000 74.000000
-55.000000 -40.000000
96
-1.000000 9.000000
98.000000 93.000000
214
68.000000 6.000000
86.000000 -20.000000
110
38.000000 -3.000000
-60.000000 -3.000000
123
54.000000 -58.000000
55.000000 -6.000000
82
26.000000 96.000000
80.000000 78.000000
196
-27.000000 73.000000
-74.000000 71.000000
197
75.000000 89.000000
71.000000 82.000000
56
80.000000 10.000000
70.000000 94.000000
232
64.000000 34.000000
-59.000000 64.000000
57
-71.000000 -59.000000
-86.000000 -34.000000
179
19.000000 46.000000
85.000000 -36.000000
209
15.000000 37.000000
86.000000 62.000000
220
21.000000 73.000000
53.000000 -35.000000
63
-96.000000 50.000000
-51.000000 58.000000
116
22.000000 66.000000
-93.000000 85.000000
62
-59.000000 49.000000
-93.000000 -29.000000
80
-55.000000 -42.000000
-54.000000 -39.000000
176
-39.000000 56.000000
97.000000 -36.000000
174
32.000000 48.000000
-71.000000 87.000000
51
-6.000000 36.000000
-74.000000 -4.000000
181
-26.000000 -43.000000
-60.000000 66.000000
186
79.000000 97.000000
-56.000000 -14.000000
54
-65.000000 38.000000
97.000000 -41.000000
69
75.000000 17.000000
-74.000000 95.000000
52
93.000000 -46.000000
-63.000000 77.000000
120
-71.000000 -80.000000
52.000000 97.000000
151
-81.000000 -26.000000
72.000000 -44.000000
230
-47.000000 59.000000
-59.000000 -24.000000
154
-55.000000 93.000000
87.000000 57.000000
213
53.000000 31.000000
65.000000 76.000000
247
53.000000 48.000000
-80.000000 57.000000
110
-23.000000 7.000000
68.000000 75.000000
159
-55.000000 -34.000000
52.000000 -42.000000
132
-6.000000 -94.000000
97.000000 57.000000
160
-83.000000 81.000000
69.000000 -21.000000
190
80.000000 21.000000
-85.000000 98.000000
220
13.000000 -40.000000
-80.000000 93.000000
182
-72.000000 83.000000
80.000000 71.000000
221
-65.000000 -95.000000
67.000000 -44.000000
225
22.000000 -79.000000
65.000000 -34.000000
168
-57.000000 -87.000000
-93.000000 -44.000000
68
85.000000 -35.000000
-75.000000 78.000000
127
-15.000000 4.000000
53.000000 -36.000000
157
-97.000000 -28.000000
56.000000 68.000000
76
29.000000 -54.000000
-59.000000 71.000000
140
-55.000000 -30.000000
-74.000000 61.000000
106
22.000000 65.000000
72.000000 -23.000000
121
-11.000000 42.000000
-98.000000 -12.000000
168
-99.000000 11.000000
-61.000000 54.000000
220
-15.000000 53.000000
83.000000 -45.000000
242
-18.000000 86.000000
-71.000000 -6.000000
143
58.000000 68.000000
89.000000 -21.000000
187
53.000000 -98.000000
-85.000000 -4.000000
248
-78.000000 0.000000
63.000000 78.000000
127
94.000000 -68.000000
-70.000000 79.000000
239
-74.000000 5.000000
98.000000 -44.000000
216
-25.000000 -91.000000
-68.000000 66.000000
98
-86.000000 0.000000
-72.000000 -5.000000
78
97.000000 -34.000000
50.000000 85.000000
214
-45.000000 17.000000
63.000000 71.000000
78
-41.000000 81.000000
68.000000 83.000000
113
22.000000 65.000000
-93.000000 -29.000000
88
70.000000 -51.000000
61.000000 66.000000
123
86.000000 -73.000000
-93.000000 50.000000
249
62.000000 -61.000000
-98.000000 67.000000
219
66.000000 52.000000
63.000000 -42.000000
84
-38.000000 -15.000000
75.000000 -36.000000
155
-36.000000 93.000000
59.000000 75.000000
55
-68.000000 59.000000
-97.000000 56.000000
86
-62.000000 13.000000
87.000000 -21.000000
68
-36.000000 -92.000000
85.000000 93.000000
124
78.000000 -73.000000
-98.000000 58.000000
89
-40.000000 -25.000000
-76.000000 52.000000
185
-58.000000 81.000000
-86.000000 -18.000000
200
90.000000 86.000000
90.000000 -6.000000
202
91.000000 -23.000000
-54.000000 50.000000
184
-85.000000 -60.000000
53.000000 -27.000000
59
-90.000000 61.000000
-52.000000 -1.000000
155
-79.000000 95.000000
-89.000000 79.000000
104
70.000000 -21.000000
93.000000 -41.000000
236
11.000000 19.000000
71.000000 -27.000000
124
-38.000000 32.000000
-68.000000 86.000000
123
-68.000000 73.000000
51.000000 -4.000000
180
-86.000000 -15.000000
-64.000000 66.000000
73
10.000000 40.000000
-54.000000 54.000000
188
-74.000000 -48.000000
91.000000 86.000000
194
48.000000 -62.000000
81.000000 84.000000
112
-11.000000 31.000000
-69.000000 -8.000000
237
32.000000 -71.000000
-86.000000 62.000000
82
-50.000000 -84.000000
81.000000 91.000000
106
44.000000 -27.000000
-53.000000 -50.000000
139
96.000000 37.000000
59.000000 50.000000
122
-9.000000 3.000000
-88.000000 84.000000
132
68.000000 -60.000000
63.000000 -24.000000
187
-97.000000 10.000000
-98.000000 -39.000000
75
87.000000 60.000000
-93.000000 -49.000000
222
91.000000 -82.000000
-84.000000 91.000000
167
87.000000 21.000000
59.000000 -16.000000
222
10.000000 85.000000
50.000000 96.000000
60
-99.000000 -87.000000
-53.000000 57.000000
71
32.000000 -95.000000
-52.000000 -20.000000
93
29.000000 63.000000
96.000000 -13.000000
111
43.000000 54.000000
-65.000000 -11.000000
226
2.000000 45.000000
51.000000 -47.000000
92
-35.000000 60.000000
-85.000000 -17.000000
75
25.000000 -52.000000
59.000000 -26.000000
166
-21.000000 80.000000
59.000000 -47.000000
183
53.000000 -70.000000
99.000000 -13.000000
158
80.000000 -87.000000
91.000000 -18.000000
227
18.000000 -68.000000
-58.000000 92.000000
181
55.000000 87.000000
-75.000000 82.000000
71
-64.000000 50.000000
-91.000000 -13.000000
229
29.000000 44.000000
-90.000000 -38.000000
235
-86.000000 -18.000000
-55.000000 98.000000
182
-31.000000 39.000000
77.000000 99.000000
69
73.000000 -24.000000
-85.000000 -3.000000
132
-33.000000 -78.000000
-51.000000 79.000000
192
15.000000 51.000000
69.000000 77.000000
65
-75.000000 -1.000000
98.000000 94.000000
127
-47.000000 -17.000000
-86.000000 66.000000
90
-21.000000 -30.000000
90.000000 -14.000000
138
-79.000000 54.000000
96.000000 97.000000
92
42.000000 26.000000
-51.000000 92.000000
146
-27.000000 11.000000
-74.000000 62.000000
51
25.000000 35.000000
53.000000 -14.000000
221
45.000000 53.000000
-90.000000 81.000000
162
57.000000 70.000000
-96.000000 -49.000000
154
-41.000000 -10.000000
-89.000000 -31.000000
110
-18.000000 62.000000
-81.000000 51.000000
155
-42.000000 49.000000
-68.000000 62.000000
84
41.000000 -10.000000
-57.000000 89.000000
93
-86.000000 31.000000
59.000000 56.000000
238
-39.000000 -33.000000
-81.000000 -26.000000
196
29.000000 -64.000000
-89.000000 67.000000
199
-52.000000 -63.000000
-97.000000 70.000000
53
95.000000 34.000000
63.000000 57.000000
244
-79.000000 47.000000
72.000000 94.000000
206
-87.000000 -32.000000
-84.000000 50.000000
98
-13.000000 -82.000000
-82.000000 -9.000000
245
93.000000 2.000000
77.000000 -23.000000
119
63.000000 66.000000
61.000000 78.000000
151
60.000000 40.000000
54.000000 -22.000000
110
77.000000 41.000000
-80.000000 55.000000
87
-60.000000 -55.000000
-90.000000 99.000000
235
95.000000 41.000000
-52.000000 -28.000000
123
89.000000 -72.000000
-62.000000 60.000000
247
-0.000000 -22.000000
-71.000000 -14.000000
182
-3.000000 28.000000
-60.000000 93.000000
162
77.000000 -3.000000
70.000000 61.000000
59
-58.000000 12.000000
-61.000000 -20.000000
77
-39.000000 -45.000000
83.000000 -9.000000
138
-75.000000 21.000000
-65.000000 73.000000
228
76.000000 -63.000000
82.000000 83.000000
168
-59.000000 23.000000
92.000000 53.000000
67
-75.000000 -85.000000
50.000000 -14.000000
116
68.000000 -16.000000
-72.000000 -48.000000
125
19.000000 -58.000000
88.000000 -15.000000
182
65.000000 64.000000
57.000000 67.000000
67
-41.000000 51.000000
-87.000000 62.000000
84
61.000000 -77.000000
75.000000 -8.000000
158
-96.000000 5.000000
-52.000000 75.000000
195
89.000000 33.000000
-95.000000 -31.000000
147
-56.000000 27.000000
-73.000000 55.000000
184
6.000000 -46.000000
-50.000000 -8.000000
194
-3.000000 28.000000
-64.000000 -31.000000
145
84.000000 99.000000
55.000000 97.000000
72
-81.000000 -47.000000
-87.000000 81.000000
162
42.000000 -6.000000
55.000000 67.000000
97
70.000000 29.000000
60.000000 57.000000
187
47.000000 -74.000000
-80.000000 -40.000000
114
-2.000000 50.000000
-57.000000 -13.000000
211
5.000000 -35.000000
56.000000 78.000000
223
-79.000000 96.000000
-84.000000 92.000000
154
95.000000 -17.000000
88.000000 75.000000
65
6.000000 -81.000000
98.000000 -16.000000
183
-87.000000 64.000000
-69.000000 -28.000000
148
39.000000 63.000000
-65.000000 63.000000
89
80.000000 -93.000000
-67.000000 -29.000000
164
84.000000 -22.000000
-97.000000 -21.000000
135
-45.000000 53.000000
-92.000000 -47.000000
52
-2.000000 -56.000000
-75.000000 -18.000000
164
-30.000000 57.000000
57.000000 -14.000000
127
98.000000 70.000000
51.000000 97.000000
191
63.000000 42.000000
-98.000000 50.000000
236
33.000000 -40.000000
-86.000000 -20.000000
234
-80.000000 34.000000
-61.000000 83.000000
123
25.000000 49.000000
55.000000 -14.000000
167
15.000000 -61.000000
-81.000000 73.000000
120
-75.000000 29.000000
-97.000000 -48.000000
172
-13.000000 74.000000
-75.000000 -21.000000
197
30.000000 -44.000000
79.000000 -10.000000
186
-15.000000 69.000000
66.000000 -45.000000
87
54.000000 -53.000000
-91.000000 93.000000
113
37.000000 51.000000
80.000000 64.000000
106
-97.000000 -43.000000
-97.000000 -22.000000
128
98.000000 -30.000000
-74.000000 -11.000000
113
58.000000 59.000000
61.000000 61.000000
144
73.000000 79.000000
-85.000000 88.000000
163
32.000000 60.000000
-86.000000 99.000000
111
28.000000 -55.000000
-80.000000 52.000000
202
-66.000000 58.000000
80.000000 72.000000
200
-72.000000 -62.000000
-62.000000 57.000000
137
-58.000000 -82.000000
-73.000000 90.000000
106
-35.000000 -63.000000
-83.000000 52.000000
102
62.000000 -46.000000
-70.000000 -49.000000
166
13.000000 -61.000000
59.000000 75.000000
88
-49.000000 -11.000000
55.000000 -44.000000
97
-6.000000 -85.000000
99.000000 -43.000000
148
29.000000 60.000000
91.000000 89.000000
199
-21.000000 -39.000000
-79.000000 64.000000
121
-97.000000 24.000000
79.000000 73.000000
64
72.000000 -76.000000
-56.000000 71.000000
244
86.000000 80.000000
-53.000000 -19.000000
53
-36.000000 20.000000
-90.000000 -38.000000
200
13.000000 48.000000
88.000000 92.000000
98
-49.000000 41.000000
-75.000000 57.000000
123
-32.000000 14.000000
-55.000000 66.000000
86
-73.000000 -82.000000
98.000000 -48.000000
131
50.000000 -24.000000
-74.000000 50.000000
85
-26.000000 66.000000
-74.000000 -22.000000
93
-5.000000 98.000000
60.000000 85.000000
62
-81.000000 0.000000
-85.000000 94.000000
238
-27.000000 -62.000000
76.000000 -41.000000
119
16.000000 53.000000
53.000000 75.000000
53
23.000000 64.000000
57.000000 -28.000000
238
-7.000000 -97.000000
-64.000000 57.000000
61
13.000000 -55.000000
92.000000 88.000000
215
77.000000 61.000000
92.000000 -46.000000
224
-32.000000 85.000000
-82.000000 -11.000000
83
-42.000000 -84.000000
-61.000000 -1.000000
115
3.000000 53.000000
-97.000000 -19.000000
149
84.000000 -48.000000
56.000000 79.000000
215
-42.000000 -32.000000
-59.000000 75.000000
187
-14.000000 38.000000
-58.000000 89.000000
217
-67.000000 2.000000
-87.000000 54.000000
189
-94.000000 -63.000000
75.000000 -31.000000
210
83.000000 -11.000000
65.000000 -13.000000
110
-19.000000 -99.000000
84.000000 -45.000000
134
13.000000 44.000000
82.000000 63.000000
170
-60.000000 67.000000
63.000000 83.000000
247
-90.000000 -34.000000
-66.000000 -2.000000
96
56.000000 -44.000000
93.000000 98.000000
218
-64.000000 93.000000
76.000000 83.000000
70
-4.000000 -38.000000
-75.000000 -40.000000
103
19.000000 -18.000000
-71.000000 69.000000
220
-54.000000 77.000000
-64.000000 88.000000
155
18.000000 -50.000000
-74.000000 -31.000000
105
-64.000000 29.000000
-54.000000 51.000000
157
-7.000000 76.000000
-51.000000 -30.000000
87
-93.000000 -74.000000
99.000000 84.000000
248
5.000000 -95.000000
-67.000000 -40.000000
142
60.000000 -55.000000
-71.000000 78.000000
172
90.000000 73.000000
55.000000 -44.000000
157
14.000000 -34.000000
-89.000000 -16.000000
207
-55.000000 78.000000
-83.000000 63.000000
136
65.000000 -35.000000
98.000000 76.000000
154
-42.000000 23.000000
97.000000 80.000000
166
-5.000000 -92.000000
54.000000 -19.000000
126
-6.000000 -63.000000
-65.000000 -27.000000
135
-23.000000 -13.000000
-60.000000 -44.000000
99
13.000000 94.000000
68.000000 80.000000
100
4.000000 81.000000
-64.000000 99.000000
169
2.000000 73.000000
83.000000 -19.000000
141
33.000000 3.000000
-68.000000 -44.000000
52
82.000000 -36.000000
95.000000 70.000000
72
75.000000 89.000000
-62.000000 -31.000000
74
26.000000 -47.000000
73.000000 -32.000000
195
-16.000000 95.000000
-81.000000 -21.000000
226
-6.000000 53.000000
-50.000000 -45.000000
226
-6.000000 -45.000000
-96.000000 -24.000000
241
13.000000 37.000000
99.000000 89.000000
137
58.000000 -54.000000
91.000000 -25.000000
178
44.000000 -46.000000
80.000000 -50.000000
52
21.000000 53.000000
-58.000000 -41.000000
207
-47.000000 16.000000
-63.000000 -1.000000
246
-50.000000 38.000000
-63.000000 -30.000000
60
34.000000 -36.000000
-59.000000 81.000000
165
58.000000 -27.000000
81.000000 -47.000000
52
85.000000 52.000000
-51.000000 62.000000
82
29.000000 58.000000
-54.000000 -19.000000
188
-65.000000 -60.000000
84.000000 -40.000000
54
-65.000000 -87.000000
76.000000 -20.000000
53
-35.000000 -88.000000
52.000000 -8.000000
162
-34.000000 -61.000000
-67.000000 -23.000000
177
71.000000 -20.000000
-91.000000 74.000000
180
11.000000 -32.000000
-73.000000 80.000000
86
-99.000000 -4.000000
51.000000 71.000000
143
-98.000000 -18.000000
68.000000 -37.000000
113
-78.000000 -18.000000
64.000000 68.000000
104
-9.000000 -58.000000
96.000000 85.000000
239
-64.000000 -14.000000
58.000000 -27.000000
121
-63.000000 95.000000
89.000000 57.000000
216
-72.000000 13.000000
-78.000000 -18.000000
241
93.000000 -47.000000
-52.000000 -7.000000
224
-95.000000 -12.000000
-96.000000 -40.000000
192
-2.000000 -94.000000
85.000000 76.000000
111
42.000000 91.000000
77.000000 71.000000
213
-68.000000 78.000000
-98.000000 -24.000000
244
67.000000 -83.000000
-80.000000 52.000000
157
3.000000 59.000000
-64.000000 -9.000000
149
59.000000 -84.000000
70.000000 -19.000000
102
63.000000 56.000000
69.000000 -30.000000
175
-42.000000 52.000000
-64.000000 91.000000
236
9.000000 93.000000
53.000000 64.000000
196
-32.000000 -79.000000
-96.000000 -5.000000
191
41.000000 19.000000
-88.000000 -32.000000
215
-80.000000 -83.000000
-80.000000 89.000000
75
-91.000000 -95.000000
-75.000000 68.000000
75
-22.000000 -96.000000
-82.000000 -31.000000
209
-89.000000 56.000000
53.000000 89.000000
123
-7.000000 64.000000
82.000000 85.000000
214
15.000000 15.000000
65.000000 54.000000
135
-3.000000 56.000000
-56.000000 -16.000000
100
10.000000 -93.000000
75.000000 77.000000
188
-68.000000 21.000000
52.000000 65.000000
231
75.000000 -69.000000
59.000000 -19.000000
190
49.000000 -20.000000
84.000000 98.000000
89
-59.000000 37.000000
-93.000000 63.000000
77
-35.000000 -20.000000
-78.000000 74.000000
191
-40.000000 31.000000
-73.000000 -37.000000
245
-61.000000 85.000000
86.000000 -41.000000
221
22.000000 -48.000000
63.000000 -49.000000
152
-85.000000 26.000000
-59.000000 -36.000000
192
-30.000000 6.000000
-65.000000 98.000000
165
-51.000000 -72.000000
67.000000 64.000000
236
-38.000000 -47.000000
-84.000000 -19.000000
133
22.000000 63.000000
86.000000 -31.000000
183
-60.000000 -42.000000
-60.000000 -38.000000
241
83.000000 -94.000000
-69.000000 -28.000000
174
-77.000000 -90.000000
95.000000 72.000000
111
-85.000000 30.000000
-77.000000 -42.000000
139
48.000000 -3.000000
80.000000 -26.000000
147
-22.000000 -21.000000
73.000000 -33.000000
158
88.000000 65.000000
63.000000 -30.000000
65
-35.000000 -40.000000
-80.000000 68.000000
90
-47.000000 -55.000000
-77.000000 68.000000
194
-36.000000 13.000000
-59.000000 55.000000
97
85.000000 -66.000000
-71.000000 87.000000
73
90.000000 -35.000000
-77.000000 -46.000000
207
-72.000000 -3.000000
-84.000000 -48.000000
120
-4.000000 12.000000
-96.000000 -47.000000
140
9.000000 51.000000
-64.000000 97.000000
65
76.000000 51.000000
-82.000000 -42.000000
69
94.000000 -95.000000
-72.000000 -46.000000
236
-75.000000 75.000000
-79.000000 -33.000000
84
12.000000 -89.000000
81.000000 56.000000
74
32.000000 98.000000
62.000000 -6.000000
129
-47.000000 43.000000
56.000000 -37.000000
180
71.000000 -45.000000
-92.000000 51.000000
134
-0.000000 60.000000
-67.000000 89.000000
94
58.000000 -92.000000
71.000000 65.000000
111
94.000000 -86.000000
89.000000 -50.000000
108
-16.000000 67.000000
53.000000 87.000000
245
2.000000 -3.000000
-58.000000 85.000000
91
89.000000 57.000000
64.000000 68.000000
199
31.000000 -70.000000
-96.000000 94.000000
199
73.000000 3.000000
53.000000 58.000000
149
9.000000 27.000000
59.000000 -25.000000
210
-98.000000 56.000000
-88.000000 80.000000
170
-72.000000 -50.000000
-72.000000 62.000000
234
94.000000 38.000000
-51.000000 -3.000000
238
32.000000 92.000000
-53.000000 -14.000000
73
-86.000000 79.000000
73.000000 84.000000
210
25.000000 50.000000
-81.000000 -5.000000
242
61.000000 44.000000
-67.000000 82.000000
228
-22.000000 62.000000
74.000000 73.000000
90
74.000000 22.000000
62.000000 -46.000000
80
17.000000 -7.000000
63.000000 -31.000000
139
28.000000 -5.000000
56.000000 85.000000
245
24.000000 64.000000
-81.000000 72.000000
80
22.000000 -16.000000
65.000000 80.000000
215
-71.000000 22.000000
-92.000000 55.000000
229
54.000000 -14.000000
86.000000 61.000000
79
88.000000 -14.000000
-68.000000 -33.000000
243
76.000000 66.000000
-55.000000 56.000000
131
-71.000000 -50.000000
87.000000 76.000000
184
-54.000000 92.000000
61.000000 -10.000000
174
-41.000000 72.000000
-93.000000 -25.000000
181
-0.000000 21.000000
76.000000 68.000000
88
28.000000 -96.000000
86.000000 83.000000
196
-32.000000 -93.000000
-60.000000 91.000000
165
78.000000 87.000000
-69.000000 -24.000000
115
-67.000000 -33.000000
51.000000 -47.000000
92
-49.000000 7.000000
-87.000000 70.000000
210
-21.000000 77.000000
73.000000 -11.000000
153
82.000000 -20.000000
-57.000000 -36.000000
95
-85.000000 66.000000
62.000000 -1.000000
229
71.000000 -82.000000
-65.000000 -30.000000
164
22.000000 -43.000000
-81.000000 -35.000000
67
-56.000000 -72.000000
54.000000 81.000000
97
-49.000000 16.000000
-68.000000 89.000000
63
30.000000 -43.000000
82.000000 -6.000000
139
-44.000000 -38.000000
-64.000000 -4.000000
239
33.000000 62.000000
-61.000000 88.000000
131
-64.000000 4.000000
-99.000000 -1.000000
211
54.000000 23.000000
-60.000000 -20.000000
223
-41.000000 -18.000000
92.000000 -34.000000
203
-90.000000 -32.000000
80.000000 93.000000
148
-7.000000 97.000000
-63.000000 -13.000000
131
69.000000 -40.000000
59.000000 81.000000
188
-66.000000 -74.000000
-69.000000 67.000000
99
62.000000 -68.000000
-73.000000 60.000000
163
16.000000 75.000000
-77.000000 -23.000000
211
53.000000 50.000000
-57.000000 78.000000
106
91.000000 65.000000
78.000000 96.000000
216
-88.000000 54.000000
-85.000000 65.000000
151
46.000000 -15.000000
-81.000000 51.000000
130
89.000000 20.000000
69.000000 65.000000
216
-83.000000 75.000000
83.000000 -33.000000
88
-59.000000 8.000000
-58.000000 89.000000
113
-5.000000 58.000000
82.000000 -30.000000
173
-7.000000 -52.000000
54.000000 -2.000000
188
-77.000000 -27.000000
-76.000000 -17.000000
90
57.000000 -39.000000
59.000000 -37.000000
80
32.000000 -17.000000
99.000000 91.000000
152
-44.000000 18.000000
86.000000 95.000000
205
-0.000000 -37.000000
86.000000 -20.000000
219
-23.000000 45.000000
-60.000000 63.000000
104
68.000000 14.000000
-65.000000 -26.000000
234
97.000000 -37.000000
-95.000000 58.000000
120
-56.000000 -50.000000
97.000000 73.000000
115
-20.000000 9.000000
-84.000000 74.000000
201
-36.000000 21.000000
-56.000000 97.000000
66
6.000000 96.000000
75.000000 -11.000000
156
-7.000000 -77.000000
65.000000 -31.000000
244
-41.000000 42.000000
-81.000000 -9.000000
248
39.000000 -89.000000
64.000000 56.000000
169
31.000000 -49.000000
65.000000 -19.000000
62
96.000000 -34.000000
71.000000 -15.000000
160
13.000000 22.000000
-62.000000 -49.000000
127
-53.000000 -42.000000
-94.000000 -25.000000
136
-14.000000 35.000000
-96.000000 -16.000000
193
-73.000000 65.000000
-91.000000 -39.000000
189
-98.000000 -64.000000
94.000000 89.000000
53
-36.000000 -51.000000
53.000000 84.000000
72
89.000000 61.000000
79.000000 99.000000
243
28.000000 -15.000000
54.000000 83.000000
167
-20.000000 -82.000000
73.000000 -26.000000
203
87.000000 -61.000000
75.000000 -18.000000
218
47.000000 7.000000
-79.000000 85.000000
152
30.000000 -57.000000
-96.000000 -20.000000
230
-48.000000 -65.000000
56.000000 -50.000000
102
40.000000 28.000000
95.000000 71.000000
245
86.000000 -14.000000
98.000000 60.000000
214
79.000000 -4.000000
-84.000000 98.000000
221
-9.000000 3.000000
50.000000 -46.000000
147
21.000000 10.000000
94.000000 64.000000
86
72.000000 78.000000
74.000000 -10.000000
154
-23.000000 94.000000
-77.000000 -32.000000
53
-6.000000 -0.000000
68.000000 88.000000
122
56.000000 44.000000
-55.000000 71.000000
83
11.000000 -60.000000
-92.000000 86.000000
142
-21.000000 41.000000
53.000000 -17.000000
189
-37.000000 -11.000000
93.000000 -5.000000
150
64.000000 -85.000000
80.000000 -5.000000
191
95.000000 56.000000
71.000000 -3.000000
110
-43.000000 -20.000000
-98.000000 60.000000
143
71.000000 28.000000
94.000000 76.000000
52
-66.000000 2.000000
90.000000 84.000000
169
66.000000 18.000000
75.000000 -20.000000
178
-75.000000 21.000000
-88.000000 72.000000
144
-92.000000 -97.000000
-67.000000 -1.000000
55
42.000000 -39.000000
76.000000 55.000000
132
24.000000 -92.000000
97.000000 -13.000000
91
-44.000000 65.000000
52.000000 91.000000
143
38.000000 -25.000000
-74.000000 98.000000
181
-19.000000 -76.000000
-85.000000 -19.000000
170
74.000000 -54.000000
92.000000 68.000000
210
52.000000 84.000000
-68.000000 59.000000
212
73.000000 42.000000
-95.000000 -6.000000
194
0.000000 -78.000000
-74.000000 -3.000000
221
-51.000000 43.000000
57.000000 -26.000000
94
88.000000 -21.000000
-57.000000 67.000000
102
-8.000000 -70.000000
67.000000 -31.000000
50
-98.000000 22.000000
97.000000 89.000000
64
-71.000000 84.000000
-69.000000 75.000000
213
-9.000000 -25.000000
87.000000 91.000000
219
-89.000000 -40.000000
-93.000000 99.000000
175
-20.000000 31.000000
-68.000000 80.000000
51
13.000000 64.000000
-87.000000 57.000000
123
84.000000 37.000000
98.000000 -33.000000
63
-10.000000 -34.000000
-81.000000 88.000000
136
-98.000000 57.000000
72.000000 70.000000
142
-79.000000 -6.000000
-65.000000 -24.000000
74
38.000000 -29.000000
54.000000 -33.000000
233
69.000000 60.000000
96.000000 -33.000000
147
-48.000000 79.000000
52.000000 -42.000000
166
3.000000 -9.000000
74.000000 88.000000
57
-35.000000 20.000000
-74.000000 -4.000000
63
-41.000000 -51.000000
-51.000000 70.000000
154
46.000000 -40.000000
-61.000000 57.000000
144
79.000000 -49.000000
-94.000000 -9.000000
214
59.000000 -39.000000
98.000000 75.000000
123
18.000000 -44.000000
99.000000 69.000000
125
-70.000000 -7.000000
-82.000000 -9.000000
135
32.000000 -48.000000
-75.000000 -15.000000
180
58.000000 -77.000000
71.000000 -13.000000
207
87.000000 -87.000000
-84.000000 96.000000
169
19.000000 25.000000
94.000000 82.000000
151
93.000000 -50.000000
-91.000000 50.000000
74
-14.000000 30.000000
-76.000000 -39.000000
101
52.000000 -3.000000
-93.000000 84.000000
218
-66.000000 -8.000000
54.000000 -7.000000
140
-43.000000 -93.000000
-83.000000 -1.000000
128
-53.000000 -38.000000
-93.000000 68.000000
98
95.000000 80.000000
65.000000 -2.000000
234
12.000000 54.000000
89.000000 -41.000000
131
70.000000 -56.000000
89.000000 -47.000000
106
1.000000 3.000000
99.000000 -30.000000
240
-2.000000 -40.000000
87.000000 90.000000
130
8.000000 21.000000
-74.000000 82.000000
127
-24.000000 9.000000
70.000000 64.000000
86
56.000000 -62.000000
-54.000000 58.000000
84
20.000000 74.000000
-65.000000 95.000000
231
50.000000 -39.000000
92.000000 85.000000
176
94.000000 -60.000000
-55.000000 87.000000
124
-59.000000 -49.000000
55.000000 -29.000000
231
-30.000000 -2.000000
85.000000 82.000000
241
95.000000 -47.000000
72.000000 57.000000
157
48.000000 -86.000000
-69.000000 -38.000000
167
45.000000 5.000000
-70.000000 56.000000
172
-72.000000 76.000000
65.000000 -26.000000
177
-35.000000 85.000000
-93.000000 61.000000
160
7.000000 -89.000000
53.000000 -50.000000
68
-59.000000 43.000000
89.000000 89.000000
162
64.000000 -61.000000
75.000000 59.000000
149
-23.000000 -23.000000
92.000000 86.000000
68
-8.000000 -55.000000
-83.000000 94.000000
159
-20.000000 -19.000000
95.000000 -38.000000
202
-56.000000 -35.000000
-60.000000 52.000000
142
89.000000 -28.000000
56.000000 84.000000
237
98.000000 -28.000000
-60.000000 -36.000000
163
67.000000 3.000000
66.000000 77.000000
198
-85.000000 22.000000
58.000000 52.000000
53
-13.000000 0.000000
-88.000000 87.000000
220
-67.000000 -37.000000
70.000000 -8.000000
88
-5.000000 -67.000000
51.000000 -7.000000
132
32.000000 67.000000
85.000000 -29.000000
128
-57.000000 91.000000
-82.000000 86.000000
88
43.000000 -43.000000
89.000000 78.000000
157
70.000000 -68.000000
-85.000000 64.000000
161
22.000000 28.000000
-65.000000 66.000000
210
-1.000000 13.000000
-96.000000 -43.000000
241
85.000000 10.000000
-88.000000 51.000000
149
88.000000 80.000000
66.000000 68.000000
178
-62.000000 -40.000000
52.000000 58.000000
183
-77.000000 15.000000
-94.000000 -31.000000
60
64.000000 -29.000000
-68.000000 59.000000
175
-3.000000 -32.000000
-75.000000 -38.000000
109
21.000000 -51.000000
63.000000 83.000000
99
-38.000000 25.000000
-51.000000 -33.000000
126
-82.000000 -8.000000
-90.000000 -50.000000
115
-30.000000 41.000000
-72.000000 91.000000
179
-71.000000 -4.000000
-93.000000 -30.000000
127
-24.000000 -62.000000
73.000000 69.000000
94
9.000000 78.000000
-74.000000 -12.000000
142
-71.000000 -72.000000
-74.000000 70.000000
188
-96.000000 -34.000000
87.000000 -15.000000
76
-32.000000 -31.000000
84.000000 80.000000
120
-11.000000 85.000000
51.000000 -25.000000
249
76.000000 -69.000000
56.000000 -11.000000
235
-11.000000 -13.000000
75.000000 -29.000000
247
23.000000 -5.000000
89.000000 -30.000000
150
-31.000000 -66.000000
94.000000 74.000000
177
79.000000 43.000000
92.000000 55.000000
143
44.000000 -59.000000
-79.000000 -21.000000
101
-53.000000 54.000000
90.000000 65.000000
183
-69.000000 76.000000
84.000000 72.000000
117
16.000000 56.000000
-96.000000 -45.000000
118
25.000000 77.000000
84.000000 97.000000
239
-21.000000 42.000000
-97.000000 74.000000
124
76.000000 -7.000000
-92.000000 -29.000000
78
42.000000 -82.000000
-80.000000 98.000000
231
-39.000000 -54.000000
-64.000000 -45.000000
61
90.000000 16.000000
-69.000000 -11.000000
127
52.000000 94.000000
64.000000 92.000000
122
99.000000 99.000000
-74.000000 78.000000
218
-51.000000 63.000000
-67.000000 -44.000000
72
87.000000 73.000000
52.000000 -38.000000
239
-34.000000 -76.000000
52.000000 54.000000
191
-14.000000 65.000000
-86.000000 78.000000
161
-60.000000 19.000000
-80.000000 95.000000
92
-30.000000 76.000000
-51.000000 -20.000000
89
-28.000000 62.000000
69.000000 99.000000
70
-75.000000 26.000000
99.000000 93.000000
143
-93.000000 29.000000
55.000000 -6.000000
75
57.000000 -41.000000
58.000000 -21.000000
92
-28.000000 53.000000
-51.000000 82.000000
197
33.000000 1.000000
89.000000 -47.000000
196
10.000000 -34.000000
-67.000000 -26.000000
105
39.000000 -10.000000
82.000000 -32.000000
179
-2.000000 -86.000000
66.000000 98.000000
129
-57.000000 17.000000
75.000000 -32.000000
115
22.000000 -51.000000
-97.000000 59.000000
208
54.000000 -95.000000
79.000000 -17.000000
99
-94.000000 55.000000
-92.000000 52.000000
98
-27.000000 -85.000000
75.000000 96.000000
186
1.000000 -65.000000
-78.000000 -2.000000
232
-51.000000 30.000000
75.000000 -39.000000
239
9.000000 -55.000000
-83.000000 76.000000
52
-8.000000 -61.000000
51.000000 -28.000000
160
37.000000 -50.000000
85.000000 -43.000000
54
5.000000 73.000000
-71.000000 73.000000
74
-6.000000 77.000000
-89.000000 -24.000000
235
-82.000000 51.000000
-98.000000 -20.000000
168
-58.000000 41.000000
52.000000 77.000000
52
-83.000000 -0.000000
81.000000 91.000000
76
-53.000000 96.000000
63.000000 65.000000
214
81.000000 24.000000
53.000000 69.000000
113
-3.000000 -81.000000
69.000000 -27.000000
162
-36.000000 -19.000000
-50.000000 79.000000
