6.6743e-11 2160 1000
159
-62.000000 -59.000000
96.000000 -46.000000
151
-37.000000 -50.000000
86.000000 74.000000
240
-84.000000 -7.000000
-58.000000 83.000000
143
-35.000000 -62.000000
-87.000000 62.000000
178
-68.000000 -50.000000
-88.000000 -15.000000
123
-14.000000 -13.000000
-89.000000 -32.000000
172
57.000000 -63.000000
91.000000 59.000000
176
15.000000 -65.000000
-64.000000 72.000000
138
-63.000000 64.000000
53.000000 79.000000
95
32.000000 -92.000000
-73.000000 85.000000
239
-24.000000 -87.000000
78.000000 -48.000000
167
-91.000000 -83.000000
86.000000 -21.000000
186
-70.000000 12.000000
-94.000000 -34.000000
78
-22.000000 24.000000
-89.000000 -6.000000
163
62.000000 85.000000
95.000000 -27.000000
210
28.000000 2.000000
60.000000 96.000000
219
52.000000 52.000000
-56.000000 78.000000
206
-16.000000 -17.000000
95.000000 68.000000
129
25.000000 26.000000
-66.000000 -30.000000
207
67.000000 -19.000000
92.000000 -25.000000
249
-45.000000 2.000000
-75.000000 86.000000
98
70.000000 83.000000
89.000000 92.000000
159
-22.000000 0.000000
-77.000000 -35.000000
223
83.000000 -48.000000
-95.000000 -48.000000
87
-58.000000 73.000000
-93.000000 73.000000
166
-94.000000 82.000000
-67.000000 -20.000000
56
-62.000000 12.000000
-70.000000 -33.000000
65
-28.000000 72.000000
70.000000 87.000000
193
-32.000000 -44.000000
55.000000 89.000000
142
-82.000000 -98.000000
-69.000000 64.000000
169
86.000000 32.000000
-78.000000 96.000000
89
1.000000 -49.000000
-77.000000 -26.000000
248
33.000000 89.000000
66.000000 91.000000
150
2.000000 -68.000000
-76.000000 99.000000
72
29.000000 29.000000
-72.000000 -23.000000
83
-70.000000 81.000000
64.000000 88.000000
155
-5.000000 49.000000
53.000000 56.000000
74
-23.000000 -79.000000
83.000000 -46.000000
230
-2.000000 92.000000
-97.000000 79.000000
90
-62.000000 -13.000000
76.000000 78.000000
209
-57.000000 -49.000000
98.000000 65.000000
186
63.000000 -52.000000
86.000000 -3.000000
191
-54.000000 -91.000000
96.000000 -13.000000
60
-90.000000 50.000000
67.000000 -15.000000
142
13.000000 -49.000000
-51.000000 65.000000
214
-40.000000 12.000000
59.000000 81.000000
155
-13.000000 43.000000
95.000000 -39.000000
237
-49.000000 -72.000000
-82.000000 93.000000
129
31.000000 98.000000
57.000000 -2.000000
52
66.000000 -23.000000
-93.000000 -42.000000
92
-16.000000 94.000000
81.000000 85.000000
103
-86.000000 43.000000
-56.000000 84.000000
120
-74.000000 27.000000
-95.000000 83.000000
150
64.000000 76.000000
85.000000 52.000000
111
65.000000 -45.000000
-86.000000 -38.000000
138
91.000000 -8.000000
-53.000000 -30.000000
236
-99.000000 -95.000000
61.000000 -25.000000
63
-99.000000 -90.000000
71.000000 78.000000
131
20.000000 72.000000
53.000000 72.000000
136
40.000000 -56.000000
93.000000 -48.000000
64
10.000000 -2.000000
-67.000000 -49.000000
119
-47.000000 36.000000
-89.000000 -48.000000
85
88.000000 55.000000
-84.000000 -23.000000
200
-50.000000 -75.000000
-50.000000 -31.000000
217
-24.000000 -93.000000
64.000000 91.000000
154
-19.000000 -28.000000
-55.000000 59.000000
219
-90.000000 -1.000000
-53.000000 -34.000000
177
-64.000000 -66.000000
57.000000 -47.000000
212
24.000000 59.000000
85.000000 64.000000
89
44.000000 -77.000000
-91.000000 -10.000000
103
-60.000000 98.000000
90.000000 63.000000
223
45.000000 11.000000
-98.000000 -35.000000
148
-80.000000 -78.000000
-61.000000 -2.000000
110
-5.000000 48.000000
64.000000 90.000000
67
-63.000000 34.000000
-56.000000 -31.000000
189
-70.000000 87.000000
67.000000 -26.000000
240
-89.000000 -39.000000
-56.000000 -44.000000
221
-39.000000 -8.000000
91.000000 -41.000000
169
-66.000000 12.000000
-74.000000 66.000000
239
-31.000000 -67.000000
-98.000000 62.000000
144
-4.000000 -31.000000
-94.000000 -20.000000
243
-13.000000 44.000000
83.000000 63.000000
108
-11.000000 46.000000
-68.000000 60.000000
146
-9.000000 56.000000
59.000000 -49.000000
211
-68.000000 -90.000000
99.000000 -1.000000
184
-2.000000 -91.000000
64.000000 -5.000000
205
-74.000000 51.000000
61.000000 59.000000
148
-54.000000 -92.000000
-73.000000 -37.000000
158
74.000000 94.000000
81.000000 89.000000
121
-4.000000 28.000000
-59.000000 57.000000
67
79.000000 6.000000
-60.000000 60.000000
66
15.000000 20.000000
-55.000000 -13.000000
52
42.000000 29.000000
-56.000000 76.000000
156
65.000000 -15.000000
-62.000000 -19.000000
95
62.000000 -16.000000
99.000000 71.000000
91
59.000000 -62.000000
58.000000 -14.000000
138
-51.000000 -9.000000
82.000000 60.000000
109
46.000000 17.000000
-76.000000 75.000000
219
71.000000 -80.000000
85.000000 75.000000
64
53.000000 96.000000
88.000000 61.000000
160
52.000000 64.000000
-72.000000 -21.000000
136
45.000000 -22.000000
63.000000 52.000000
236
28.000000 -92.000000
61.000000 61.000000
244
-74.000000 11.000000
76.000000 -48.000000
118
-64.000000 -37.000000
-72.000000 -25.000000
89
-17.000000 -81.000000
-97.000000 77.000000
246
-44.000000 -79.000000
50.000000 60.000000
234
-13.000000 91.000000
75.000000 99.000000
91
11.000000 11.000000
70.000000 77.000000
123
60.000000 -4.000000
96.000000 -25.000000
172
-6.000000 28.000000
-78.000000 93.000000
65
-89.000000 46.000000
50.000000 -7.000000
165
-61.000000 46.000000
-84.000000 -32.000000
182
-82.000000 -43.000000
-73.000000 -2.000000
180
35.000000 -39.000000
95.000000 91.000000
161
5.000000 -31.000000
-59.000000 -21.000000
192
13.000000 -18.000000
85.000000 82.000000
182
49.000000 -22.000000
-90.000000 63.000000
235
-66.000000 -8.000000
77.000000 -2.000000
128
31.000000 -48.000000
57.000000 76.000000
151
51.000000 -92.000000
76.000000 85.000000
139
61.000000 70.000000
-74.000000 88.000000
124
-22.000000 75.000000
-87.000000 -13.000000
57
84.000000 -5.000000
-61.000000 -19.000000
235
-25.000000 -38.000000
90.000000 -44.000000
95
4.000000 16.000000
66.000000 -35.000000
80
-61.000000 -46.000000
-89.000000 63.000000
81
39.000000 -39.000000
53.000000 75.000000
130
-44.000000 -58.000000
59.000000 63.000000
149
70.000000 4.000000
98.000000 -30.000000
92
66.000000 -48.000000
71.000000 -42.000000
228
32.000000 -95.000000
72.000000 -3.000000
193
49.000000 59.000000
-80.000000 -30.000000
146
22.000000 -10.000000
-70.000000 -45.000000
150
-34.000000 73.000000
86.000000 54.000000
173
28.000000 67.000000
61.000000 63.000000
214
-71.000000 35.000000
-55.000000 66.000000
84
21.000000 -46.000000
83.000000 65.000000
84
64.000000 7.000000
62.000000 74.000000
234
-60.000000 6.000000
96.000000 83.000000
133
-54.000000 -25.000000
82.000000 -33.000000
208
77.000000 -12.000000
62.000000 -42.000000
59
-94.000000 -33.000000
79.000000 61.000000
75
91.000000 -97.000000
-86.000000 60.000000
181
47.000000 -30.000000
69.000000 66.000000
54
47.000000 -5.000000
-60.000000 60.000000
165
-2.000000 2.000000
68.000000 -43.000000
247
18.000000 32.000000
-61.000000 -42.000000
239
54.000000 60.000000
63.000000 -23.000000
243
-74.000000 15.000000
83.000000 59.000000
145
-35.000000 -20.000000
-85.000000 89.000000
172
75.000000 -58.000000
-56.000000 77.000000
127
71.000000 -39.000000
-60.000000 74.000000
137
-75.000000 46.000000
-79.000000 62.000000
224
-77.000000 43.000000
-95.000000 77.000000
225
71.000000 -43.000000
94.000000 76.000000
154
-10.000000 22.000000
-88.000000 68.000000
65
-46.000000 71.000000
-74.000000 -15.000000
144
75.000000 23.000000
-69.000000 95.000000
138
50.000000 -99.000000
66.000000 85.000000
94
-55.000000 -70.000000
-86.000000 60.000000
185
-92.000000 -53.000000
-72.000000 56.000000
89
57.000000 84.000000
76.000000 80.000000
156
54.000000 0.000000
51.000000 -26.000000
153
-60.000000 51.000000
83.000000 51.000000
152
-11.000000 78.000000
78.000000 58.000000
122
-58.000000 49.000000
63.000000 62.000000
134
48.000000 -57.000000
73.000000 63.000000
199
-1.000000 -21.000000
-87.000000 -35.000000
235
-19.000000 -29.000000
-59.000000 -32.000000
193
-3.000000 -21.000000
56.000000 -2.000000
128
32.000000 -6.000000
59.000000 -44.000000
87
74.000000 -85.000000
-92.000000 -50.000000
60
-37.000000 73.000000
72.000000 87.000000
78
-39.000000 87.000000
-99.000000 61.000000
233
67.000000 71.000000
84.000000 63.000000
140
-95.000000 27.000000
77.000000 -47.000000
98
94.000000 -57.000000
77.000000 -14.000000
160
81.000000 -3.000000
55.000000 -24.000000
125
-63.000000 43.000000
-80.000000 -2.000000
246
-21.000000 91.000000
86.000000 76.000000
156
-60.000000 -37.000000
-80.000000 92.000000
244
33.000000 41.000000
-79.000000 -18.000000
55
-95.000000 72.000000
-92.000000 -9.000000
239
1.000000 -12.000000
-81.000000 60.000000
137
-70.000000 -51.000000
-80.000000 84.000000
140
-8.000000 36.000000
86.000000 57.000000
149
-32.000000 52.000000
95.000000 -14.000000
165
26.000000 -89.000000
98.000000 -8.000000
104
-7.000000 57.000000
59.000000 -42.000000
198
-78.000000 17.000000
53.000000 90.000000
140
49.000000 -9.000000
-51.000000 68.000000
133
73.000000 -20.000000
81.000000 -44.000000
104
-56.000000 -73.000000
52.000000 87.000000
139
-73.000000 -6.000000
-98.000000 70.000000
122
-21.000000 88.000000
-98.000000 -32.000000
75
33.000000 46.000000
-58.000000 -49.000000
188
-96.000000 -6.000000
70.000000 -17.000000
78
-25.000000 24.000000
70.000000 -29.000000
243
-88.000000 -91.000000
-54.000000 -7.000000
68
-93.000000 -55.000000
-93.000000 63.000000
56
-40.000000 -1.000000
-58.000000 -44.000000
96
42.000000 -83.000000
69.000000 -29.000000
236
33.000000 86.000000
-50.000000 52.000000
152
63.000000 -22.000000
-73.000000 96.000000
152
9.000000 -46.000000
86.000000 -28.000000
110
2.000000 -30.000000
50.000000 57.000000
152
4.000000 90.000000
-57.000000 -10.000000
145
76.000000 4.000000
66.000000 -6.000000
87
-39.000000 55.000000
-69.000000 -44.000000
170
86.000000 -19.000000
78.000000 65.000000
147
72.000000 -77.000000
50.000000 73.000000
116
56.000000 15.000000
93.000000 53.000000
93
-18.000000 -6.000000
65.000000 -40.000000
212
-22.000000 72.000000
-93.000000 89.000000
67
-99.000000 -65.000000
89.000000 -20.000000
152
74.000000 23.000000
-86.000000 -14.000000
126
62.000000 -31.000000
68.000000 -47.000000
66
82.000000 -62.000000
-81.000000 -14.000000
78
-64.000000 81.000000
60.000000 85.000000
181
-96.000000 25.000000
66.000000 -28.000000
232
-58.000000 91.000000
-91.000000 -49.000000
215
-86.000000 89.000000
-85.000000 99.000000
184
-88.000000 -30.000000
59.000000 72.000000
54
-72.000000 89.000000
82.000000 -15.000000
114
-51.000000 61.000000
65.000000 -23.000000
71
8.000000 -16.000000
90.000000 -37.000000
77
-55.000000 20.000000
99.000000 -21.000000
236
33.000000 10.000000
-77.000000 -4.000000
100
48.000000 99.000000
80.000000 -40.000000
95
23.000000 85.000000
72.000000 -25.000000
142
97.000000 -23.000000
93.000000 -36.000000
129
6.000000 16.000000
-64.000000 -29.000000
213
26.000000 -45.000000
68.000000 60.000000
205
57.000000 33.000000
75.000000 -26.000000
125
67.000000 -58.000000
-96.000000 -3.000000
160
-3.000000 -99.000000
-91.000000 76.000000
240
-69.000000 -23.000000
88.000000 -28.000000
243
29.000000 -97.000000
92.000000 86.000000
57
72.000000 81.000000
-97.000000 -24.000000
230
51.000000 76.000000
89.000000 59.000000
64
67.000000 -59.000000
-86.000000 76.000000
234
60.000000 -46.000000
80.000000 -24.000000
215
8.000000 82.000000
65.000000 94.000000
153
-42.000000 57.000000
-90.000000 -35.000000
99
-50.000000 -37.000000
84.000000 -44.000000
124
92.000000 23.000000
96.000000 76.000000
206
-21.000000 -40.000000
87.000000 -36.000000
142
63.000000 10.000000
-62.000000 -31.000000
79
43.000000 -10.000000
78.000000 -50.000000
164
-6.000000 39.000000
-68.000000 78.000000
80
-20.000000 -45.000000
-53.000000 -27.000000
220
-13.000000 26.000000
50.000000 60.000000
244
-34.000000 37.000000
-60.000000 63.000000
52
26.000000 -26.000000
79.000000 -25.000000
116
2.000000 -82.000000
68.000000 95.000000
62
-8.000000 12.000000
-93.000000 90.000000
146
55.000000 -16.000000
96.000000 81.000000
161
26.000000 -87.000000
-56.000000 -47.000000
141
95.000000 -60.000000
-82.000000 92.000000
240
85.000000 64.000000
-65.000000 -40.000000
172
-14.000000 -2.000000
-91.000000 -35.000000
240
2.000000 -37.000000
-75.000000 -11.000000
223
-74.000000 -25.000000
53.000000 -41.000000
229
60.000000 -44.000000
-83.000000 91.000000
205
-26.000000 20.000000
-65.000000 -15.000000
194
7.000000 -96.000000
96.000000 70.000000
211
-81.000000 -65.000000
-59.000000 -13.000000
212
69.000000 99.000000
82.000000 59.000000
105
-23.000000 -89.000000
-92.000000 85.000000
240
30.000000 46.000000
91.000000 -29.000000
62
-68.000000 14.000000
96.000000 81.000000
119
93.000000 66.000000
-95.000000 64.000000
70
-79.000000 15.000000
86.000000 -10.000000
59
79.000000 11.000000
-94.000000 -42.000000
93
81.000000 4.000000
69.000000 -50.000000
169
69.000000 -54.000000
57.000000 -16.000000
153
56.000000 45.000000
-83.000000 89.000000
108
96.000000 -45.000000
71.000000 68.000000
84
7.000000 -76.000000
-65.000000 69.000000
63
-55.000000 -28.000000
89.000000 -48.000000
124
92.000000 -41.000000
98.000000 -14.000000
173
67.000000 -32.000000
75.000000 -28.000000
154
-4.000000 -54.000000
74.000000 -35.000000
113
-19.000000 59.000000
-79.000000 83.000000
97
73.000000 -35.000000
80.000000 -33.000000
95
-65.000000 -13.000000
73.000000 65.000000
217
-19.000000 34.000000
-70.000000 -31.000000
95
82.000000 81.000000
55.000000 71.000000
135
-21.000000 78.000000
90.000000 -23.000000
196
-33.000000 42.000000
81.000000 -42.000000
111
-18.000000 44.000000
-74.000000 61.000000
124
-58.000000 -92.000000
-99.000000 77.000000
97
43.000000 -82.000000
-63.000000 -14.000000
224
84.000000 7.000000
88.000000 75.000000
176
69.000000 42.000000
76.000000 84.000000
148
-53.000000 -98.000000
-91.000000 97.000000
184
34.000000 -58.000000
68.000000 52.000000
141
-10.000000 31.000000
-78.000000 56.000000
237
-51.000000 -49.000000
-50.000000 54.000000
165
-96.000000 48.000000
-69.000000 -1.000000
95
-19.000000 83.000000
87.000000 -15.000000
192
69.000000 89.000000
79.000000 73.000000
228
80.000000 97.000000
61.000000 73.000000
173
57.000000 -52.000000
-69.000000 -40.000000
198
-94.000000 5.000000
68.000000 68.000000
194
-16.000000 94.000000
55.000000 -25.000000
64
-22.000000 -27.000000
-60.000000 -43.000000
61
-51.000000 -23.000000
-67.000000 -16.000000
99
-48.000000 -87.000000
98.000000 97.000000
203
-45.000000 -89.000000
77.000000 57.000000
58
-67.000000 28.000000
92.000000 97.000000
132
-67.000000 -74.000000
75.000000 78.000000
118
-40.000000 53.000000
54.000000 51.000000
129
-91.000000 -7.000000
84.000000 -37.000000
112
-32.000000 -31.000000
85.000000 -25.000000
151
-63.000000 5.000000
68.000000 -21.000000
74
-82.000000 -88.000000
-60.000000 -48.000000
182
-39.000000 -25.000000
71.000000 86.000000
165
-65.000000 -94.000000
61.000000 -4.000000
225
-65.000000 84.000000
-95.000000 82.000000
216
-87.000000 -65.000000
-88.000000 -12.000000
79
-85.000000 28.000000
-61.000000 94.000000
75
-49.000000 56.000000
99.000000 -11.000000
175
78.000000 -61.000000
65.000000 -36.000000
131
8.000000 58.000000
77.000000 85.000000
52
-45.000000 -4.000000
-82.000000 50.000000
237
91.000000 25.000000
82.000000 96.000000
53
69.000000 -25.000000
66.000000 -48.000000
108
41.000000 -24.000000
73.000000 75.000000
234
68.000000 71.000000
-53.000000 65.000000
248
-24.000000 -92.000000
66.000000 78.000000
120
14.000000 91.000000
93.000000 -24.000000
211
19.000000 27.000000
84.000000 53.000000
227
-97.000000 -36.000000
63.000000 63.000000
79
-15.000000 81.000000
67.000000 72.000000
246
3.000000 -53.000000
85.000000 -2.000000
240
-6.000000 97.000000
76.000000 87.000000
191
-54.000000 -76.000000
73.000000 71.000000
208
-84.000000 93.000000
-96.000000 -5.000000
56
70.000000 81.000000
-82.000000 -2.000000
158
84.000000 -10.000000
-60.000000 -21.000000
94
-69.000000 96.000000
93.000000 -43.000000
108
-71.000000 -49.000000
79.000000 -22.000000
171
48.000000 -0.000000
-92.000000 -1.000000
181
20.000000 -68.000000
-81.000000 64.000000
191
41.000000 44.000000
77.000000 67.000000
119
23.000000 99.000000
-71.000000 54.000000
62
-67.000000 -72.000000
73.000000 -23.000000
201
24.000000 -57.000000
94.000000 70.000000
160
-34.000000 82.000000
-77.000000 53.000000
245
-62.000000 39.000000
73.000000 -29.000000
199
-41.000000 60.000000
89.000000 59.000000
86
-13.000000 31.000000
78.000000 -10.000000
122
-49.000000 -68.000000
77.000000 62.000000
121
97.000000 -51.000000
93.000000 -47.000000
109
21.000000 -59.000000
61.000000 -12.000000
69
63.000000 80.000000
53.000000 80.000000
199
67.000000 -53.000000
74.000000 78.000000
163
81.000000 -73.000000
-57.000000 83.000000
176
58.000000 36.000000
69.000000 74.000000
249
-47.000000 -6.000000
-76.000000 87.000000
203
-33.000000 -86.000000
-82.000000 -37.000000
194
77.000000 -20.000000
-55.000000 -7.000000
247
75.000000 -75.000000
73.000000 79.000000
97
-61.000000 50.000000
-88.000000 52.000000
215
-15.000000 -99.000000
-70.000000 57.000000
215
17.000000 43.000000
67.000000 86.000000
71
-9.000000 78.000000
-88.000000 -12.000000
177
30.000000 -91.000000
75.000000 -17.000000
226
-81.000000 -97.000000
-84.000000 94.000000
180
-94.000000 76.000000
58.000000 82.000000
222
67.000000 33.000000
94.000000 -11.000000
236
-64.000000 -63.000000
70.000000 -25.000000
160
97.000000 64.000000
-89.000000 -48.000000
134
94.000000 -73.000000
63.000000 94.000000
84
86.000000 16.000000
69.000000 -37.000000
136
78.000000 86.000000
-93.000000 89.000000
108
-11.000000 97.000000
77.000000 50.000000
116
-74.000000 -21.000000
93.000000 78.000000
91
-45.000000 -55.000000
72.000000 90.000000
113
-98.000000 78.000000
52.000000 -19.000000
75
-73.000000 -75.000000
70.000000 64.000000
114
49.000000 -96.000000
87.000000 74.000000
144
85.000000 9.000000
-75.000000 -28.000000
152
-16.000000 50.000000
52.000000 -7.000000
225
-49.000000 38.000000
-52.000000 -45.000000
145
-15.000000 56.000000
88.000000 -4.000000
84
-49.000000 -9.000000
77.000000 -3.000000
210
-97.000000 88.000000
65.000000 -33.000000
112
-9.000000 34.000000
-97.000000 82.000000
190
12.000000 -56.000000
-92.000000 86.000000
207
86.000000 9.000000
69.000000 66.000000
183
-55.000000 -24.000000
96.000000 -17.000000
66
53.000000 -92.000000
97.000000 -30.000000
219
19.000000 57.000000
52.000000 -32.000000
214
96.000000 -19.000000
62.000000 -17.000000
230
-44.000000 -45.000000
67.000000 63.000000
230
-44.000000 -50.000000
90.000000 -44.000000
73
63.000000 -38.000000
52.000000 50.000000
55
-80.000000 47.000000
-73.000000 -36.000000
64
-14.000000 33.000000
60.000000 -4.000000
119
94.000000 15.000000
51.000000 -50.000000
73
79.000000 23.000000
60.000000 55.000000
64
41.000000 11.000000
-94.000000 91.000000
86
-56.000000 -8.000000
73.000000 -18.000000
169
-74.000000 -98.000000
55.000000 96.000000
188
-72.000000 -5.000000
62.000000 52.000000
124
-31.000000 -0.000000
97.000000 87.000000
82
52.000000 16.000000
62.000000 -8.000000
223
1.000000 -92.000000
-53.000000 78.000000
97
-81.000000 -85.000000
-92.000000 62.000000
249
68.000000 40.000000
-76.000000 69.000000
104
22.000000 -53.000000
82.000000 -37.000000
175
-74.000000 -26.000000
57.000000 86.000000
200
-5.000000 67.000000
-87.000000 -19.000000
228
-35.000000 99.000000
78.000000 87.000000
168
-64.000000 27.000000
79.000000 -24.000000
101
-1.000000 -67.000000
-76.000000 78.000000
225
32.000000 36.000000
-50.000000 83.000000
156
24.000000 -56.000000
-90.000000 96.000000
200
-4.000000 -55.000000
62.000000 -48.000000
144
-41.000000 54.000000
-64.000000 86.000000
63
52.000000 -32.000000
62.000000 -41.000000
220
-73.000000 36.000000
-95.000000 86.000000
209
-83.000000 -61.000000
-98.000000 -34.000000
222
25.000000 -76.000000
94.000000 98.000000
141
29.000000 -70.000000
63.000000 87.000000
144
-93.000000 22.000000
66.000000 85.000000
168
-18.000000 1.000000
-52.000000 -31.000000
131
70.000000 -82.000000
-55.000000 -23.000000
158
-39.000000 -13.000000
52.000000 -45.000000
102
-94.000000 57.000000
-95.000000 57.000000
105
16.000000 -81.000000
82.000000 72.000000
51
71.000000 -53.000000
55.000000 69.000000
113
1.000000 -70.000000
-68.000000 -10.000000
116
51.000000 -4.000000
78.000000 -4.000000
163
61.000000 -4.000000
81.000000 98.000000
183
62.000000 -87.000000
-53.000000 -9.000000
87
54.000000 -62.000000
82.000000 -14.000000
115
76.000000 23.000000
-99.000000 -17.000000
121
-38.000000 13.000000
-61.000000 -39.000000
249
-14.000000 8.000000
51.000000 80.000000
184
34.000000 73.000000
-66.000000 69.000000
145
-38.000000 37.000000
-99.000000 70.000000
123
-86.000000 8.000000
-74.000000 92.000000
134
47.000000 72.000000
92.000000 -33.000000
61
20.000000 54.000000
-90.000000 -36.000000
149
70.000000 3.000000
65.000000 84.000000
196
87.000000 69.000000
51.000000 -4.000000
199
-57.000000 94.000000
78.000000 -48.000000
245
72.000000 -5.000000
76.000000 52.000000
235
81.000000 -80.000000
-65.000000 -35.000000
51
-57.000000 48.000000
56.000000 -34.000000
209
-16.000000 38.000000
-58.000000 -41.000000
115
-45.000000 -6.000000
-74.000000 -27.000000
156
77.000000 79.000000
87.000000 -32.000000
117
91.000000 94.000000
70.000000 -38.000000
154
19.000000 83.000000
95.000000 62.000000
187
40.000000 86.000000
69.000000 62.000000
179
95.000000 70.000000
79.000000 -22.000000
84
-82.000000 75.000000
-51.000000 87.000000
154
-60.000000 -63.000000
91.000000 -29.000000
107
-1.000000 -2.000000
78.000000 -42.000000
214
-46.000000 -49.000000
69.000000 -46.000000
136
74.000000 -9.000000
-76.000000 -48.000000
180
46.000000 -71.000000
80.000000 51.000000
194
-42.000000 65.000000
-78.000000 -35.000000
78
-14.000000 27.000000
91.000000 -18.000000
105
-61.000000 2.000000
81.000000 98.000000
163
-49.000000 67.000000
-55.000000 -26.000000
80
-33.000000 -27.000000
71.000000 62.000000
238
-36.000000 -24.000000
-94.000000 74.000000
110
-39.000000 56.000000
-72.000000 -40.000000
223
29.000000 -37.000000
-53.000000 58.000000
77
-7.000000 11.000000
-87.000000 62.000000
106
67.000000 2.000000
51.000000 96.000000
222
97.000000 1.000000
53.000000 80.000000
136
-3.000000 -20.000000
56.000000 -31.000000
153
-49.000000 88.000000
64.000000 -40.000000
187
57.000000 74.000000
-96.000000 79.000000
82
-84.000000 -24.000000
66.000000 -21.000000
208
-79.000000 60.000000
-64.000000 -24.000000
151
-25.000000 55.000000
-54.000000 -36.000000
84
88.000000 -6.000000
72.000000 -15.000000
80
10.000000 -64.000000
55.000000 79.000000
124
-98.000000 -96.000000
-75.000000 66.000000
150
-13.000000 30.000000
-55.000000 74.000000
62
12.000000 -54.000000
96.000000 -45.000000
160
5.000000 -94.000000
-68.000000 86.000000
132
-46.000000 4.000000
70.000000 91.000000
90
-55.000000 -97.000000
-71.000000 -31.000000
52
-34.000000 -53.000000
-70.000000 99.000000
60
-45.000000 36.000000
-67.000000 94.000000
199
-59.000000 33.000000
81.000000 71.000000
93
0.000000 -78.000000
65.000000 -40.000000
154
-25.000000 39.000000
96.000000 -13.000000
112
-15.000000 -54.000000
-64.000000 -40.000000
114
-46.000000 88.000000
-81.000000 92.000000
64
90.000000 86.000000
70.000000 -21.000000
126
-84.000000 37.000000
69.000000 -17.000000
73
-58.000000 -10.000000
-75.000000 -5.000000
119
44.000000 79.000000
-84.000000 99.000000
65
-97.000000 -23.000000
87.000000 53.000000
59
-99.000000 -0.000000
-82.000000 88.000000
52
31.000000 57.000000
71.000000 -28.000000
240
-84.000000 57.000000
-72.000000 -22.000000
202
-11.000000 -48.000000
-61.000000 69.000000
226
-95.000000 -69.000000
52.000000 84.000000
162
78.000000 -46.000000
74.000000 93.000000
60
92.000000 74.000000
89.000000 -9.000000
180
75.000000 -78.000000
52.000000 83.000000
88
1.000000 -42.000000
-84.000000 57.000000
183
-53.000000 16.000000
73.000000 96.000000
89
91.000000 84.000000
92.000000 -2.000000
138
-46.000000 96.000000
88.000000 -48.000000
64
62.000000 26.000000
63.000000 61.000000
182
60.000000 -61.000000
-92.000000 51.000000
128
-85.000000 -97.000000
-83.000000 -42.000000
150
-8.000000 -91.000000
-71.000000 -41.000000
116
-58.000000 -57.000000
-50.000000 -2.000000
126
-45.000000 -80.000000
-96.000000 -8.000000
119
-64.000000 93.000000
-54.000000 -41.000000
206
-30.000000 7.000000
-83.000000 -2.000000
167
18.000000 -60.000000
-83.000000 -28.000000
55
-88.000000 -42.000000
75.000000 -28.000000
114
-83.000000 74.000000
63.000000 81.000000
224
-63.000000 -30.000000
-68.000000 -49.000000
77
-10.000000 81.000000
77.000000 -33.000000
215
-35.000000 82.000000
-84.000000 -18.000000
240
46.000000 60.000000
98.000000 -40.000000
138
27.000000 53.000000
92.000000 59.000000
69
49.000000 35.000000
-88.000000 -42.000000
142
59.000000 95.000000
-84.000000 54.000000
148
8.000000 -22.000000
88.000000 94.000000
148
-46.000000 90.000000
-60.000000 55.000000
131
42.000000 -70.000000
-73.000000 95.000000
93
86.000000 -13.000000
74.000000 -11.000000
223
-99.000000 13.000000
-57.000000 -18.000000
128
-37.000000 -80.000000
-55.000000 -25.000000
130
-13.000000 -94.000000
75.000000 78.000000
72
-24.000000 -2.000000
-78.000000 82.000000
148
-93.000000 49.000000
-66.000000 84.000000
124
-63.000000 -1.000000
96.000000 51.000000
209
-3.000000 -29.000000
77.000000 71.000000
156
-99.000000 43.000000
86.000000 77.000000
138
88.000000 84.000000
-74.000000 -26.000000
146
-38.000000 4.000000
69.000000 -13.000000
76
76.000000 -43.000000
-51.000000 62.000000
231
37.000000 -55.000000
82.000000 -21.000000
233
-43.000000 27.000000
63.000000 -30.000000
238
78.000000 -68.000000
72.000000 -50.000000
209
-16.000000 26.000000
-94.000000 -43.000000
92
-32.000000 -53.000000
-84.000000 62.000000
119
-5.000000 85.000000
55.000000 70.000000
164
-15.000000 54.000000
-81.000000 -32.000000
128
32.000000 -44.000000
69.000000 -23.000000
132
69.000000 67.000000
95.000000 89.000000
244
13.000000 -57.000000
89.000000 -25.000000
174
1.000000 -60.000000
-72.000000 -33.000000
152
70.000000 40.000000
93.000000 94.000000
61
77.000000 17.000000
-75.000000 87.000000
223
65.000000 82.000000
-60.000000 64.000000
205
-10.000000 -35.000000
-59.000000 -33.000000
233
17.000000 -81.000000
71.000000 -46.000000
237
0.000000 -71.000000
61.000000 -22.000000
219
24.000000 99.000000
66.000000 83.000000
173
15.000000 -53.000000
56.000000 64.000000
108
27.000000 -3.000000
93.000000 54.000000
150
-39.000000 -48.000000
96.000000 -36.000000
221
-93.000000 -0.000000
-90.000000 -8.000000
91
-52.000000 -44.000000
-82.000000 -8.000000
192
-44.000000 6.000000
-98.000000 78.000000
72
43.000000 -35.000000
-52.000000 95.000000
224
5.000000 -79.000000
-74.000000 54.000000
237
74.000000 -12.000000
98.000000 99.000000
132
-81.000000 58.000000
76.000000 -4.000000
222
41.000000 8.000000
92.000000 -15.000000
107
-68.000000 86.000000
51.000000 -4.000000
62
-75.000000 -55.000000
71.000000 -39.000000
129
34.000000 98.000000
-64.000000 78.000000
176
84.000000 -17.000000
-94.000000 93.000000
167
-69.000000 7.000000
-98.000000 80.000000
84
-28.000000 82.000000
-99.000000 -12.000000
79
94.000000 -40.000000
52.000000 -8.000000
197
-20.000000 72.000000
59.000000 73.000000
122
-42.000000 -83.000000
96.000000 77.000000
75
86.000000 97.000000
73.000000 -16.000000
155
-73.000000 76.000000
95.000000 -22.000000
62
8.000000 -88.000000
56.000000 -36.000000
82
75.000000 41.000000
-54.000000 -21.000000
105
59.000000 67.000000
95.000000 -41.000000
145
15.000000 84.000000
54.000000 70.000000
111
45.000000 -60.000000
69.000000 -16.000000
56
-63.000000 88.000000
-54.000000 73.000000
107
-91.000000 19.000000
82.000000 -22.000000
141
26.000000 29.000000
-87.000000 -8.000000
103
5.000000 14.000000
87.000000 -5.000000
186
83.000000 -33.000000
-84.000000 -32.000000
205
-83.000000 7.000000
-77.000000 -3.000000
110
-97.000000 96.000000
54.000000 -6.000000
200
-95.000000 -67.000000
-88.000000 89.000000
110
46.000000 -65.000000
55.000000 75.000000
113
2.000000 -22.000000
83.000000 51.000000
126
-92.000000 89.000000
86.000000 -27.000000
238
-20.000000 28.000000
-87.000000 -19.000000
64
42.000000 53.000000
-70.000000 -16.000000
98
98.000000 2.000000
-74.000000 95.000000
179
7.000000 -21.000000
-82.000000 -46.000000
154
9.000000 71.000000
-80.000000 -13.000000
158
29.000000 -28.000000
-77.000000 -21.000000
133
-20.000000 -33.000000
70.000000 -46.000000
149
96.000000 94.000000
60.000000 72.000000
219
-74.000000 33.000000
-72.000000 -32.000000
180
-89.000000 8.000000
63.000000 57.000000
131
97.000000 -58.000000
-58.000000 87.000000
120
82.000000 -91.000000
87.000000 83.000000
241
-88.000000 -40.000000
62.000000 57.000000
71
94.000000 -39.000000
-69.000000 -27.000000
76
-65.000000 17.000000
-71.000000 -15.000000
100
-76.000000 96.000000
77.000000 -23.000000
184
34.000000 91.000000
-60.000000 -49.000000
173
-58.000000 -99.000000
95.000000 60.000000
139
87.000000 -12.000000
90.000000 -29.000000
50
48.000000 -68.000000
-87.000000 -20.000000
166
-88.000000 -86.000000
72.000000 -41.000000
193
97.000000 -24.000000
-53.000000 -3.000000
94
-7.000000 76.000000
77.000000 72.000000
227
-26.000000 -90.000000
-97.000000 -50.000000
246
-37.000000 -80.000000
75.000000 62.000000
70
81.000000 -98.000000
51.000000 -41.000000
159
-84.000000 98.000000
-55.000000 -44.000000
99
-65.000000 90.000000
76.000000 96.000000
214
94.000000 -48.000000
-54.000000 -1.000000
187
-73.000000 -91.000000
87.000000 -3.000000
98
15.000000 -36.000000
53.000000 73.000000
78
54.000000 55.000000
-64.000000 -9.000000
204
-50.000000 -92.000000
52.000000 -41.000000
248
76.000000 -94.000000
-59.000000 -13.000000
182
97.000000 91.000000
74.000000 -16.000000
132
48.000000 80.000000
-88.000000 -38.000000
176
-38.000000 87.000000
63.000000 -8.000000
127
-52.000000 -72.000000
-54.000000 -13.000000
219
75.000000 -95.000000
78.000000 -33.000000
210
53.000000 45.000000
-60.000000 -18.000000
93
-31.000000 -2.000000
83.000000 -43.000000
216
-75.000000 18.000000
64.000000 64.000000
180
36.000000 10.000000
-75.000000 69.000000
62
84.000000 29.000000
-54.000000 -42.000000
176
-89.000000 33.000000
76.000000 -7.000000
123
19.000000 -88.000000
-56.000000 -43.000000
115
-58.000000 89.000000
85.000000 87.000000
122
-61.000000 54.000000
74.000000 51.000000
231
-63.000000 83.000000
-78.000000 68.000000
169
-0.000000 -24.000000
51.000000 -12.000000
196
8.000000 -18.000000
-54.000000 84.000000
227
-31.000000 -42.000000
-86.000000 -24.000000
130
23.000000 99.000000
-71.000000 90.000000
213
55.000000 80.000000
-89.000000 52.000000
118
-37.000000 -65.000000
76.000000 95.000000
57
42.000000 38.000000
95.000000 57.000000
148
83.000000 -69.000000
-89.000000 79.000000
72
19.000000 76.000000
-84.000000 64.000000
117
-37.000000 -66.000000
-68.000000 77.000000
103
-31.000000 26.000000
60.000000 66.000000
211
-21.000000 80.000000
74.000000 -32.000000
185
46.000000 47.000000
54.000000 67.000000
165
-17.000000 50.000000
87.000000 -11.000000
129
-80.000000 19.000000
52.000000 59.000000
90
-4.000000 73.000000
57.000000 -13.000000
122
-14.000000 95.000000
-80.000000 -42.000000
64
-32.000000 43.000000
-53.000000 72.000000
71
-87.000000 -27.000000
-73.000000 82.000000
165
21.000000 -78.000000
-67.000000 -2.000000
89
55.000000 -94.000000
92.000000 -15.000000
81
86.000000 -54.000000
-65.000000 -10.000000
228
-21.000000 43.000000
-82.000000 63.000000
73
-36.000000 64.000000
60.000000 78.000000
165
-75.000000 20.000000
-90.000000 89.000000
182
-41.000000 33.000000
-85.000000 -22.000000
238
54.000000 -9.000000
-71.000000 91.000000
119
9.000000 -51.000000
-95.000000 79.000000
83
-52.000000 -87.000000
62.000000 58.000000
166
57.000000 -37.000000
-80.000000 -32.000000
126
-73.000000 20.000000
-51.000000 -19.000000
162
47.000000 45.000000
82.000000 85.000000
229
-53.000000 68.000000
-94.000000 55.000000
130
85.000000 -29.000000
-81.000000 -14.000000
194
-95.000000 64.000000
-76.000000 -27.000000
128
84.000000 -49.000000
-83.000000 58.000000
60
-43.000000 -45.000000
-63.000000 -29.000000
97
-74.000000 78.000000
70.000000 -25.000000
178
34.000000 66.000000
-79.000000 -19.000000
231
-26.000000 31.000000
-87.000000 91.000000
189
-18.000000 46.000000
-67.000000 60.000000
53
-7.000000 72.000000
89.000000 74.000000
175
87.000000 -12.000000
72.000000 -19.000000
127
-46.000000 -90.000000
99.000000 59.000000
90
-26.000000 28.000000
-91.000000 94.000000
210
78.000000 83.000000
-97.000000 51.000000
211
37.000000 -33.000000
-58.000000 -38.000000
108
63.000000 -38.000000
56.000000 -27.000000
81
81.000000 -42.000000
-83.000000 -20.000000
224
21.000000 63.000000
-61.000000 -29.000000
157
-2.000000 -12.000000
88.000000 -21.000000
174
31.000000 73.000000
-89.000000 61.000000
211
-50.000000 11.000000
-59.000000 63.000000
162
-95.000000 -4.000000
65.000000 -35.000000
218
-80.000000 67.000000
72.000000 -47.000000
210
25.000000 -3.000000
66.000000 62.000000
139
79.000000 -56.000000
66.000000 63.000000
199
-40.000000 -55.000000
58.000000 58.000000
224
-36.000000 57.000000
-94.000000 -21.000000
248
98.000000 -22.000000
93.000000 -32.000000
70
46.000000 25.000000
-68.000000 -37.000000
50
-2.000000 -39.000000
-51.000000 56.000000
160
5.000000 -36.000000
84.000000 -8.000000
87
-27.000000 -93.000000
61.000000 76.000000
197
-88.000000 -53.000000
-57.000000 -38.000000
193
-18.000000 37.000000
-55.000000 66.000000
230
-36.000000 -72.000000
88.000000 -17.000000
113
17.000000 74.000000
62.000000 63.000000
152
-79.000000 -0.000000
64.000000 -36.000000
174
29.000000 -54.000000
72.000000 93.000000
51
50.000000 9.000000
-91.000000 69.000000
77
45.000000 -32.000000
-66.000000 57.000000
90
-6.000000 -75.000000
-80.000000 -25.000000
70
76.000000 -51.000000
56.000000 -6.000000
142
-85.000000 -68.000000
94.000000 97.000000
202
-7.000000 18.000000
-65.000000 77.000000
153
-64.000000 -95.000000
-94.000000 -38.000000
93
-15.000000 -69.000000
-98.000000 94.000000
76
10.000000 42.000000
-51.000000 56.000000
239
18.000000 -29.000000
-98.000000 80.000000
94
61.000000 -99.000000
-59.000000 -38.000000
183
24.000000 -38.000000
78.000000 68.000000
169
-36.000000 90.000000
52.000000 -3.000000
151
51.000000 34.000000
92.000000 82.000000
157
34.000000 29.000000
88.000000 76.000000
178
90.000000 51.000000
-60.000000 62.000000
54
-86.000000 -34.000000
88.000000 81.000000
52
79.000000 83.000000
-76.000000 -17.000000
143
85.000000 -36.000000
57.000000 -12.000000
221
-14.000000 -13.000000
57.000000 57.000000
93
5.000000 -28.000000
61.000000 -32.000000
92
-87.000000 78.000000
-58.000000 -25.000000
63
26.000000 15.000000
-53.000000 -36.000000
156
2.000000 -17.000000
-68.000000 -29.000000
105
15.000000 -77.000000
-59.000000 93.000000
231
22.000000 -34.000000
-76.000000 -7.000000
87
-20.000000 27.000000
87.000000 -47.000000
236
92.000000 25.000000
-98.000000 -35.000000
202
-69.000000 -4.000000
-59.000000 -17.000000
90
-71.000000 -82.000000
-92.000000 88.000000
211
27.000000 -7.000000
88.000000 -10.000000
131
-18.000000 97.000000
-73.000000 -22.000000
149
34.000000 -70.000000
-81.000000 59.000000
186
-62.000000 -89.000000
82.000000 -16.000000
167
-39.000000 98.000000
-99.000000 67.000000
242
60.000000 65.000000
52.000000 -38.000000
98
-81.000000 -50.000000
53.000000 99.000000
241
-21.000000 80.000000
-88.000000 84.000000
161
-30.000000 -2.000000
57.000000 82.000000
186
10.000000 94.000000
76.000000 53.000000
217
-71.000000 -34.000000
99.000000 -23.000000
92
57.000000 93.000000
85.000000 69.000000
54
54.000000 -59.000000
-60.000000 -29.000000
112
-56.000000 -28.000000
-68.000000 -22.000000
132
58.000000 76.000000
77.000000 99.000000
95
63.000000 -50.000000
61.000000 54.000000
213
81.000000 -20.000000
-90.000000 93.000000
204
-12.000000 -45.000000
-89.000000 89.000000
120
-28.000000 -15.000000
-76.000000 -11.000000
175
30.000000 69.000000
63.000000 -20.000000
138
31.000000 40.000000
60.000000 -47.000000
236
-98.000000 -31.000000
81.000000 -11.000000
76
-73.000000 54.000000
61.000000 97.000000
164
-81.000000 -6.000000
78.000000 -13.000000
241
75.000000 75.000000
60.000000 -21.000000
240
-92.000000 -97.000000
-98.000000 69.000000
120
-2.000000 82.000000
82.000000 -27.000000
139
77.000000 71.000000
90.000000 -24.000000
207
-91.000000 91.000000
73.000000 -1.000000
178
-81.000000 95.000000
69.000000 59.000000
171
93.000000 19.000000
87.000000 -37.000000
219
-9.000000 12.000000
63.000000 -39.000000
160
34.000000 -72.000000
86.000000 -38.000000
120
-30.000000 -34.000000
50.000000 70.000000
135
-65.000000 -43.000000
-72.000000 -18.000000
146
90.000000 84.000000
-81.000000 -10.000000
70
0.000000 -92.000000
94.000000 -33.000000
172
-52.000000 68.000000
71.000000 67.000000
154
-57.000000 -6.000000
-95.000000 91.000000
120
-65.000000 3.000000
77.000000 64.000000
215
39.000000 78.000000
55.000000 -10.000000
233
-17.000000 -77.000000
90.000000 75.000000
217
-55.000000 18.000000
56.000000 -19.000000
90
70.000000 -5.000000
60.000000 -39.000000
85
83.000000 -75.000000
-80.000000 96.000000
78
8.000000 -54.000000
-79.000000 88.000000
217
23.000000 -56.000000
-67.000000 90.000000
70
-34.000000 -12.000000
-83.000000 -50.000000
151
-30.000000 -37.000000
-76.000000 -3.000000
89
18.000000 64.000000
-57.000000 59.000000
244
55.000000 66.000000
72.000000 88.000000
231
94.000000 -29.000000
62.000000 -38.000000
136
-60.000000 13.000000
71.000000 70.000000
123
81.000000 75.000000
79.000000 -22.000000
148
-88.000000 60.000000
-87.000000 -31.000000
177
7.000000 -26.000000
-74.000000 -24.000000
238
42.000000 -39.000000
95.000000 82.000000
134
-50.000000 53.000000
-91.000000 96.000000
209
-60.000000 56.000000
93.000000 -46.000000
202
35.000000 -8.000000
91.000000 86.000000
223
77.000000 47.000000
82.000000 -49.000000
211
52.000000 -75.000000
97.000000 53.000000
136
7.000000 -72.000000
62.000000 90.000000
242
-92.000000 -2.000000
-57.000000 77.000000
91
47.000000 -72.000000
-86.000000 70.000000
147
-86.000000 69.000000
-64.000000 -22.000000
159
98.000000 -70.000000
-57.000000 -27.000000
58
-19.000000 97.000000
88.000000 -18.000000
239
96.000000 -83.000000
-68.000000 74.000000
83
-40.000000 36.000000
-95.000000 -32.000000
82
-85.000000 25.000000
55.000000 -11.000000
228
-46.000000 -22.000000
60.000000 -44.000000
75
-9.000000 -14.000000
89.000000 -5.000000
125
-58.000000 98.000000
68.000000 63.000000
138
70.000000 -64.000000
-90.000000 -21.000000
249
-88.000000 -42.000000
-78.000000 -31.000000
140
-82.000000 35.000000
71.000000 59.000000
85
86.000000 22.000000
82.000000 -22.000000
221
-64.000000 -76.000000
63.000000 -43.000000
90
59.000000 -58.000000
-83.000000 96.000000
81
-23.000000 -53.000000
-77.000000 -45.000000
66
-38.000000 -68.000000
-55.000000 -23.000000
64
-43.000000 76.000000
-78.000000 79.000000
50
-60.000000 98.000000
-54.000000 -30.000000
150
17.000000 92.000000
98.000000 58.000000
146
1.000000 -4.000000
-63.000000 -16.000000
50
80.000000 -17.000000
-80.000000 80.000000
116
-27.000000 27.000000
96.000000 -40.000000
226
28.000000 14.000000
-63.000000 -26.000000
169
-20.000000 33.000000
65.000000 78.000000
232
95.000000 12.000000
58.000000 -43.000000
73
-45.000000 77.000000
-81.000000 96.000000
240
37.000000 17.000000
-59.000000 55.000000
78
-76.000000 11.000000
-90.000000 70.000000
165
-51.000000 -54.000000
75.000000 -12.000000
131
-90.000000 -41.000000
-71.000000 -6.000000
170
-63.000000 71.000000
77.000000 57.000000
194
47.000000 37.000000
55.000000 98.000000
197
-43.000000 -90.000000
-64.000000 94.000000
65
-50.000000 29.000000
65.000000 73.000000
203
-5.000000 -89.000000
81.000000 -10.000000
50
28.000000 -41.000000
-83.000000 -7.000000
229
-58.000000 -4.000000
-71.000000 -36.000000
184
9.000000 67.000000
-77.000000 71.000000
55
99.000000 78.000000
58.000000 -21.000000
246
15.000000 -41.000000
81.000000 59.000000
212
30.000000 -42.000000
89.000000 70.000000
134
-91.000000 -4.000000
60.000000 -50.000000
162
34.000000 -13.000000
-79.000000 80.000000
199
30.000000 78.000000
72.000000 -24.000000
154
-48.000000 37.000000
-64.000000 50.000000
120
-0.000000 -47.000000
-96.000000 -13.000000
70
-23.000000 86.000000
-67.000000 -42.000000
235
-41.000000 -1.000000
-57.000000 -36.000000
187
-48.000000 -27.000000
98.000000 52.000000
107
-8.000000 87.000000
-80.000000 96.000000
149
2.000000 -39.000000
-68.000000 -44.000000
196
-85.000000 5.000000
-93.000000 -50.000000
93
57.000000 -15.000000
82.000000 -13.000000
65
1.000000 -21.000000
-74.000000 68.000000
110
-25.000000 -5.000000
-89.000000 -30.000000
147
-97.000000 -30.000000
-83.000000 78.000000
85
32.000000 -0.000000
69.000000 -42.000000
179
-24.000000 25.000000
-62.000000 -38.000000
162
-29.000000 61.000000
58.000000 88.000000
221
76.000000 -6.000000
-74.000000 -1.000000
222
2.000000 37.000000
93.000000 -37.000000
123
90.000000 84.000000
-78.000000 -24.000000
87
-3.000000 -72.000000
-71.000000 53.000000
204
-23.000000 -85.000000
-61.000000 58.000000
175
-26.000000 70.000000
-86.000000 56.000000
166
3.000000 -35.000000
-80.000000 55.000000
54
51.000000 84.000000
64.000000 -41.000000
185
-12.000000 76.000000
81.000000 52.000000
91
46.000000 24.000000
-96.000000 -27.000000
186
39.000000 -98.000000
56.000000 66.000000
75
94.000000 31.000000
81.000000 98.000000
78
26.000000 -15.000000
56.000000 57.000000
87
37.000000 87.000000
-65.000000 98.000000
234
-91.000000 -81.000000
53.000000 -8.000000
62
-66.000000 -79.000000
-88.000000 -39.000000
59
11.000000 52.000000
-79.000000 -35.000000
159
64.000000 -47.000000
-77.000000 -12.000000
119
32.000000 90.000000
-70.000000 -17.000000
188
-60.000000 -72.000000
-96.000000 85.000000
205
47.000000 57.000000
83.000000 54.000000
144
42.000000 -8.000000
60.000000 57.000000
180
25.000000 87.000000
-88.000000 58.000000
193
-71.000000 -78.000000
-80.000000 -4.000000
233
-25.000000 86.000000
75.000000 62.000000
152
-16.000000 21.000000
78.000000 92.000000
111
4.000000 38.000000
-55.000000 86.000000
142
59.000000 34.000000
-95.000000 -10.000000
226
16.000000 38.000000
-58.000000 -30.000000
163
-33.000000 62.000000
78.000000 -6.000000
129
0.000000 -72.000000
76.000000 68.000000
97
-20.000000 -41.000000
-86.000000 -27.000000
241
16.000000 -57.000000
-55.000000 88.000000
169
-97.000000 -46.000000
77.000000 -33.000000
201
-91.000000 84.000000
-53.000000 53.000000
202
-69.000000 -72.000000
82.000000 -34.000000
85
-50.000000 -54.000000
73.000000 91.000000
111
-97.000000 -56.000000
50.000000 -17.000000
165
86.000000 76.000000
50.000000 -6.000000
111
1.000000 97.000000
82.000000 98.000000
135
55.000000 -28.000000
89.000000 53.000000
236
4.000000 49.000000
-52.000000 90.000000
71
31.000000 -49.000000
63.000000 -32.000000
123
47.000000 7.000000
-99.000000 65.000000
199
-61.000000 53.000000
-96.000000 -3.000000
116
-37.000000 -22.000000
76.000000 66.000000
130
-82.000000 -51.000000
76.000000 50.000000
85
94.000000 -73.000000
86.000000 -49.000000
242
-56.000000 11.000000
66.000000 -39.000000
190
20.000000 -28.000000
-92.000000 86.000000
64
13.000000 13.000000
-97.000000 67.000000
211
4.000000 -40.000000
90.000000 93.000000
205
12.000000 -14.000000
78.000000 -29.000000
83
-1.000000 42.000000
72.000000 -11.000000
212
5.000000 -32.000000
-50.000000 -19.000000
182
56.000000 44.000000
64.000000 -28.000000
221
3.000000 11.000000
97.000000 -1.000000
171
13.000000 42.000000
64.000000 64.000000
85
-50.000000 51.000000
-91.000000 55.000000
230
8.000000 -91.000000
69.000000 -18.000000
218
-78.000000 50.000000
-86.000000 70.000000
124
-85.000000 -40.000000
-80.000000 -6.000000
52
-59.000000 88.000000
-79.000000 65.000000
114
93.000000 48.000000
94.000000 -49.000000
141
-20.000000 -56.000000
-68.000000 -49.000000
207
38.000000 -65.000000
81.000000 -49.000000
228
60.000000 12.000000
-71.000000 50.000000
161
36.000000 -92.000000
-56.000000 -28.000000
200
-83.000000 -72.000000
70.000000 90.000000
248
-22.000000 35.000000
75.000000 56.000000
77
-46.000000 36.000000
87.000000 -50.000000
135
-90.000000 -36.000000
70.000000 -31.000000
156
-16.000000 69.000000
-89.000000 57.000000
66
-3.000000 66.000000
91.000000 -12.000000
113
52.000000 -54.000000
-82.000000 -36.000000
220
72.000000 -46.000000
-70.000000 -6.000000
106
-31.000000 -31.000000
52.000000 71.000000
70
-60.000000 -65.000000
-83.000000 63.000000
202
7.000000 34.000000
80.000000 86.000000
177
88.000000 27.000000
-65.000000 -7.000000
214
82.000000 -99.000000
80.000000 -35.000000
157
62.000000 -20.000000
-81.000000 65.000000
90
-80.000000 -64.000000
-81.000000 -17.000000
238
-35.000000 75.000000
74.000000 -16.000000
202
0.000000 17.000000
-89.000000 -41.000000
146
19.000000 -43.000000
66.000000 79.000000
107
76.000000 -61.000000
87.000000 -22.000000
99
55.000000 74.000000
78.000000 -35.000000
202
-88.000000 -59.000000
76.000000 -24.000000
184
4.000000 -53.000000
89.000000 -10.000000
188
-62.000000 2.000000
-58.000000 56.000000
177
71.000000 -3.000000
96.000000 75.000000
131
-43.000000 -99.000000
89.000000 64.000000
113
5.000000 -98.000000
50.000000 -31.000000
94
81.000000 62.000000
63.000000 88.000000
121
-54.000000 68.000000
94.000000 -5.000000
179
5.000000 -67.000000
87.000000 -31.000000
92
-67.000000 77.000000
-54.000000 -25.000000
189
37.000000 50.000000
-78.000000 -48.000000
126
6.000000 95.000000
-83.000000 -35.000000
197
-57.000000 58.000000
70.000000 -37.000000
198
-17.000000 21.000000
-50.000000 93.000000
204
10.000000 -34.000000
69.000000 94.000000
75
-74.000000 -46.000000
-52.000000 66.000000
226
14.000000 -24.000000
-92.000000 -38.000000
152
71.000000 94.000000
62.000000 64.000000
66
-88.000000 -72.000000
-71.000000 -6.000000
211
82.000000 34.000000
74.000000 -30.000000
88
-65.000000 31.000000
-56.000000 -18.000000
113
90.000000 -76.000000
-82.000000 -30.000000
181
-71.000000 -30.000000
-76.000000 -25.000000
185
-29.000000 -49.000000
55.000000 95.000000
150
87.000000 -52.000000
58.000000 -35.000000
157
-26.000000 95.000000
52.000000 -26.000000
96
33.000000 19.000000
-85.000000 -3.000000
142
72.000000 5.000000
93.000000 -4.000000
77
-89.000000 30.000000
-68.000000 -30.000000
110
80.000000 -37.000000
71.000000 70.000000
227
64.000000 -18.000000
-83.000000 69.000000
55
-69.000000 44.000000
62.000000 53.000000
212
63.000000 96.000000
90.000000 50.000000
186
-64.000000 -18.000000
62.000000 -20.000000
198
-75.000000 -20.000000
-97.000000 72.000000
153
-47.000000 39.000000
66.000000 58.000000
112
0.000000 82.000000
-82.000000 -24.000000
191
82.000000 -61.000000
-87.000000 -42.000000
183
29.000000 85.000000
88.000000 -27.000000
99
65.000000 48.000000
60.000000 -26.000000
101
-76.000000 21.000000
97.000000 92.000000
174
11.000000 -6.000000
-71.000000 79.000000
221
-98.000000 -62.000000
-78.000000 55.000000
119
63.000000 -53.000000
82.000000 99.000000
184
90.000000 -98.000000
-88.000000 -31.000000
60
-30.000000 84.000000
-55.000000 -2.000000
143
-10.000000 -98.000000
82.000000 94.000000
189
3.000000 -26.000000
52.000000 81.000000
185
99.000000 34.000000
-76.000000 -18.000000
84
-47.000000 -16.000000
71.000000 -5.000000
133
86.000000 9.000000
-53.000000 -27.000000
152
-10.000000 19.000000
58.000000 74.000000
140
-80.000000 -93.000000
77.000000 -37.000000
170
-84.000000 -68.000000
-89.000000 57.000000
105
-41.000000 -58.000000
-75.000000 -18.000000
105
77.000000 -84.000000
56.000000 95.000000
141
-65.000000 -33.000000
-89.000000 -29.000000
172
-81.000000 72.000000
68.000000 75.000000
77
20.000000 -1.000000
86.000000 51.000000
215
41.000000 64.000000
-73.000000 -30.000000
118
43.000000 -88.000000
94.000000 89.000000
137
-79.000000 -88.000000
-88.000000 88.000000
100
-80.000000 -60.000000
-66.000000 51.000000
240
66.000000 -63.000000
75.000000 -31.000000
74
40.000000 87.000000
55.000000 -34.000000
218
67.000000 52.000000
-82.000000 84.000000
55
-15.000000 -50.000000
-59.000000 91.000000
67
99.000000 94.000000
60.000000 -10.000000
194
30.000000 92.000000
79.000000 76.000000
140
1.000000 35.000000
-57.000000 66.000000
73
-48.000000 5.000000
72.000000 -34.000000
243
11.000000 -52.000000
-78.000000 -9.000000
213
93.000000 34.000000
-79.000000 -31.000000
126
-35.000000 -59.000000
-85.000000 78.000000
72
-61.000000 88.000000
95.000000 80.000000
201
56.000000 80.000000
89.000000 90.000000
161
-74.000000 -99.000000
-62.000000 -44.000000
80
-33.000000 -68.000000
-54.000000 -31.000000
143
-71.000000 66.000000
75.000000 -20.000000
71
39.000000 65.000000
52.000000 67.000000
195
90.000000 52.000000
67.000000 -23.000000
191
44.000000 31.000000
-98.000000 94.000000
174
-1.000000 79.000000
-92.000000 -45.000000
238
32.000000 -79.000000
-66.000000 89.000000
119
-91.000000 -38.000000
75.000000 -28.000000
163
-26.000000 67.000000
-94.000000 80.000000
121
-54.000000 -63.000000
85.000000 54.000000
131
-5.000000 -78.000000
89.000000 87.000000
68
68.000000 -60.000000
-50.000000 -40.000000
199
32.000000 17.000000
-97.000000 -37.000000
112
92.000000 39.000000
77.000000 -18.000000
178
-46.000000 -73.000000
-62.000000 -19.000000
249
3.000000 83.000000
-64.000000 -23.000000
116
-33.000000 71.000000
78.000000 57.000000
70
52.000000 -19.000000
96.000000 -19.000000
57
-16.000000 86.000000
-90.000000 71.000000
103
73.000000 -43.000000
93.000000 -9.000000
99
79.000000 31.000000
54.000000 76.000000
169
-96.000000 80.000000
57.000000 60.000000
158
-15.000000 82.000000
62.000000 -18.000000
128
-6.000000 -4.000000
-86.000000 -31.000000
89
65.000000 -22.000000
90.000000 -39.000000
102
0.000000 26.000000
-52.000000 94.000000
222
-66.000000 89.000000
-75.000000 52.000000
75
-50.000000 -38.000000
-94.000000 -33.000000
243
97.000000 -36.000000
90.000000 -20.000000
153
-85.000000 28.000000
69.000000 -39.000000
235
92.000000 75.000000
54.000000 -2.000000
54
-68.000000 86.000000
76.000000 -40.000000
203
-72.000000 86.000000
76.000000 69.000000
56
38.000000 -9.000000
-88.000000 71.000000
147
75.000000 25.000000
-50.000000 -34.000000
210
-60.000000 -71.000000
-99.000000 -39.000000
220
-44.000000 -93.000000
-90.000000 -9.000000
160
-36.000000 90.000000
-64.000000 55.000000
232
31.000000 -14.000000
86.000000 61.000000
118
-73.000000 -87.000000
51.000000 80.000000
195
-33.000000 91.000000
87.000000 -34.000000
168
-8.000000 5.000000
70.000000 -14.000000
108
-46.000000 -27.000000
70.000000 -12.000000
116
0.000000 -24.000000
55.000000 92.000000
92
48.000000 -18.000000
96.000000 -11.000000
157
72.000000 -44.000000
-51.000000 -24.000000
163
61.000000 -36.000000
-54.000000 -33.000000
205
-1.000000 30.000000
-71.000000 -36.000000
176
54.000000 -42.000000
76.000000 -5.000000
81
56.000000 -1.000000
80.000000 -13.000000
121
10.000000 95.000000
54.000000 -21.000000
71
-26.000000 -89.000000
71.000000 70.000000
223
73.000000 27.000000
-67.000000 53.000000
114
-8.000000 -68.000000
-50.000000 98.000000
85
37.000000 -59.000000
-59.000000 -4.000000
185
59.000000 87.000000
86.000000 -37.000000
214
85.000000 -12.000000
-86.000000 -41.000000
237
90.000000 -95.000000
70.000000 -38.000000
143
56.000000 -85.000000
-83.000000 -8.000000
206
30.000000 -44.000000
97.000000 -43.000000
83
86.000000 36.000000
68.000000 -29.000000
53
-97.000000 64.000000
-66.000000 -41.000000
245
-52.000000 59.000000
50.000000 -38.000000
57
95.000000 -73.000000
92.000000 -42.000000
145
49.000000 33.000000
84.000000 -30.000000
84
17.000000 89.000000
91.000000 -41.000000
199
-23.000000 88.000000
94.000000 50.000000
152
-90.000000 -18.000000
-62.000000 -14.000000
217
-99.000000 -37.000000
90.000000 -50.000000
208
35.000000 -75.000000
-99.000000 -32.000000
215
76.000000 93.000000
-90.000000 -20.000000
217
-44.000000 -87.000000
-56.000000 -4.000000
157
44.000000 -56.000000
51.000000 -14.000000
193
61.000000 -67.000000
58.000000 -44.000000
157
-2.000000 -39.000000
-51.000000 -14.000000
159
78.000000 59.000000
62.000000 -40.000000
125
-87.000000 88.000000
-94.000000 95.000000
208
67.000000 69.000000
80.000000 77.000000
102
46.000000 93.000000
-82.000000 99.000000
208
84.000000 71.000000
-85.000000 68.000000
109
39.000000 87.000000
67.000000 -33.000000
108
-97.000000 31.000000
81.000000 -30.000000
238
-7.000000 -31.000000
-76.000000 -18.000000
57
9.000000 90.000000
93.000000 -44.000000
124
22.000000 -72.000000
-79.000000 -44.000000
171
47.000000 -18.000000
66.000000 56.000000
91
-22.000000 3.000000
72.000000 68.000000
248
-6.000000 -79.000000
78.000000 -13.000000
137
31.000000 -29.000000
51.000000 68.000000
162
-10.000000 60.000000
-75.000000 98.000000
207
77.000000 -67.000000
-74.000000 -34.000000
230
-0.000000 -56.000000
76.000000 82.000000
172
-98.000000 34.000000
-59.000000 -4.000000
193
-56.000000 48.000000
-86.000000 -9.000000
107
30.000000 29.000000
-64.000000 92.000000
116
51.000000 66.000000
-89.000000 -50.000000
85
-86.000000 -84.000000
85.000000 59.000000
103
-65.000000 76.000000
67.000000 -16.000000
243
80.000000 51.000000
-71.000000 79.000000
97
-46.000000 62.000000
-85.000000 -6.000000
114
82.000000 47.000000
-67.000000 -14.000000
219
-17.000000 -70.000000
96.000000 -4.000000
110
-30.000000 -94.000000
90.000000 51.000000
89
62.000000 -47.000000
-96.000000 -18.000000
61
87.000000 33.000000
69.000000 75.000000
126
-45.000000 51.000000
93.000000 81.000000
136
-86.000000 36.000000
89.000000 64.000000
106
91.000000 62.000000
63.000000 62.000000
173
-13.000000 95.000000
68.000000 87.000000
131
-7.000000 3.000000
-77.000000 80.000000
238
70.000000 1.000000
-51.000000 61.000000
110
77.000000 49.000000
88.000000 -3.000000
102
-2.000000 -90.000000
-80.000000 92.000000
76
33.000000 4.000000
64.000000 64.000000
143
-30.000000 -13.000000
-50.000000 77.000000
231
-53.000000 -15.000000
72.000000 81.000000
236
-71.000000 -20.000000
84.000000 91.000000
248
-22.000000 66.000000
-91.000000 -33.000000
176
78.000000 -25.000000
62.000000 -39.000000
201
-5.000000 54.000000
64.000000 77.000000
86
22.000000 48.000000
72.000000 79.000000
146
39.000000 72.000000
78.000000 57.000000
247
-30.000000 48.000000
-58.000000 84.000000
65
-93.000000 3.000000
-63.000000 92.000000
239
-29.000000 -39.000000
76.000000 -11.000000
121
89.000000 63.000000
-92.000000 -32.000000
201
81.000000 31.000000
92.000000 -17.000000
67
-10.000000 -52.000000
70.000000 78.000000
67
-57.000000 34.000000
96.000000 55.000000
96
18.000000 13.000000
99.000000 93.000000
235
59.000000 24.000000
-56.000000 88.000000
174
90.000000 -84.000000
61.000000 -11.000000
192
10.000000 89.000000
56.000000 -43.000000
68
-10.000000 -56.000000
50.000000 52.000000
88
71.000000 46.000000
-63.000000 -11.000000
114
11.000000 48.000000
53.000000 -4.000000
63
39.000000 78.000000
-59.000000 96.000000
168
64.000000 -9.000000
-69.000000 -15.000000
60
-55.000000 46.000000
-74.000000 -28.000000
159
43.000000 81.000000
85.000000 -2.000000
229
68.000000 -52.000000
-89.000000 -35.000000
194
54.000000 10.000000
77.000000 81.000000
101
68.000000 90.000000
95.000000 51.000000
136
82.000000 -79.000000
79.000000 89.000000
153
-16.000000 -88.000000
-89.000000 61.000000
133
29.000000 67.000000
88.000000 -46.000000
53
3.000000 28.000000
-99.000000 83.000000
180
42.000000 87.000000
58.000000 -37.000000
56
39.000000 -62.000000
-77.000000 -44.000000
107
64.000000 -29.000000
87.000000 96.000000
101
-94.000000 -27.000000
51.000000 -50.000000
186
84.000000 96.000000
-91.000000 -35.000000
179
58.000000 96.000000
-68.000000 73.000000
76
-40.000000 36.000000
-85.000000 76.000000
56
99.000000 -6.000000
78.000000 -17.000000
68
-33.000000 -1.000000
93.000000 76.000000
201
-11.000000 71.000000
-88.000000 -12.000000
185
23.000000 94.000000
-51.000000 71.000000
95
-83.000000 5.000000
61.000000 -3.000000
93
25.000000 89.000000
-55.000000 -5.000000
67
44.000000 -65.000000
-75.000000 79.000000
181
-97.000000 -37.000000
-70.000000 -12.000000
88
71.000000 85.000000
55.000000 -35.000000
192
-89.000000 -34.000000
-97.000000 80.000000
103
-85.000000 56.000000
-86.000000 50.000000
106
19.000000 -77.000000
-89.000000 93.000000
111
71.000000 -36.000000
-70.000000 -35.000000
69
54.000000 94.000000
87.000000 -26.000000
167
-4.000000 5.000000
82.000000 -20.000000
106
32.000000 -80.000000
-67.000000 -23.000000
82
51.000000 -54.000000
80.000000 74.000000
242
6.000000 -97.000000
-68.000000 -32.000000
139
37.000000 -32.000000
70.000000 96.000000
105
64.000000 -37.000000
71.000000 64.000000
68
94.000000 39.000000
90.000000 -30.000000
227
8.000000 -99.000000
-77.000000 -11.000000
169
61.000000 57.000000
-79.000000 -13.000000
185
-27.000000 -23.000000
87.000000 -30.000000
119
-54.000000 -94.000000
-81.000000 -2.000000
150
79.000000 54.000000
87.000000 -26.000000
119
-28.000000 -8.000000
-72.000000 -10.000000
132
-38.000000 22.000000
-97.000000 -36.000000
186
23.000000 58.000000
-90.000000 -25.000000
115
4.000000 21.000000
71.000000 -49.000000
116
49.000000 -32.000000
55.000000 93.000000
238
76.000000 42.000000
-53.000000 94.000000
121
74.000000 -45.000000
-68.000000 -32.000000
118
14.000000 42.000000
-59.000000 -32.000000
180
17.000000 81.000000
-98.000000 -16.000000
145
52.000000 44.000000
94.000000 -35.000000
70
-35.000000 11.000000
96.000000 -12.000000
189
76.000000 33.000000
-81.000000 91.000000
153
-18.000000 -34.000000
86.000000 58.000000
202
-80.000000 37.000000
-94.000000 84.000000
217
-67.000000 -65.000000
-83.000000 -5.000000
71
-34.000000 52.000000
-75.000000 78.000000
56
-34.000000 -11.000000
97.000000 85.000000
140
-56.000000 -26.000000
-64.000000 -42.000000
162
-73.000000 -42.000000
99.000000 -45.000000
97
-61.000000 -99.000000
91.000000 52.000000
195
44.000000 -48.000000
96.000000 -7.000000
193
61.000000 -14.000000
52.000000 99.000000
169
-33.000000 -71.000000
82.000000 65.000000
224
44.000000 92.000000
84.000000 64.000000
107
98.000000 -69.000000
-77.000000 -35.000000
204
20.000000 -41.000000
95.000000 -31.000000
204
79.000000 17.000000
88.000000 -32.000000
209
13.000000 50.000000
56.000000 65.000000
79
-75.000000 -13.000000
-91.000000 53.000000
243
-85.000000 -30.000000
66.000000 -18.000000
232
92.000000 -11.000000
-83.000000 -35.000000
52
-84.000000 -98.000000
-54.000000 96.000000
199
66.000000 27.000000
58.000000 -11.000000
112
-38.000000 19.000000
-96.000000 -47.000000
173
-98.000000 83.000000
72.000000 58.000000
180
-48.000000 18.000000
85.000000 73.000000
145
-71.000000 15.000000
-67.000000 -25.000000
168
43.000000 -23.000000
-94.000000 60.000000
64
-4.000000 -28.000000
59.000000 -11.000000
74
-20.000000 67.000000
86.000000 63.000000
102
83.000000 -2.000000
66.000000 84.000000
118
65.000000 -72.000000
95.000000 -43.000000
76
87.000000 -96.000000
95.000000 -3.000000
248
-40.000000 71.000000
-58.000000 -50.000000
236
68.000000 -18.000000
-56.000000 -37.000000
105
-25.000000 93.000000
-60.000000 -4.000000
206
-20.000000 95.000000
-87.000000 85.000000
173
-96.000000 -91.000000
97.000000 -10.000000
104
57.000000 45.000000
-79.000000 81.000000
152
73.000000 -36.000000
64.000000 -37.000000
175
88.000000 35.000000
56.000000 -13.000000
151
-32.000000 -95.000000
58.000000 60.000000
52
-5.000000 14.000000
-94.000000 82.000000
185
-94.000000 -32.000000
97.000000 78.000000
231
49.000000 6.000000
92.000000 89.000000
227
43.000000 -62.000000
71.000000 -35.000000
222
-49.000000 -44.000000
75.000000 63.000000
173
9.000000 -67.000000
-51.000000 77.000000
195
-86.000000 -16.000000
88.000000 -8.000000
152
89.000000 28.000000
-53.000000 74.000000
85
9.000000 -95.000000
-80.000000 98.000000
207
-47.000000 38.000000
-71.000000 70.000000
70
-29.000000 58.000000
52.000000 -14.000000
83
-38.000000 -24.000000
-70.000000 -12.000000
218
-19.000000 -0.000000
56.000000 -21.000000
142
-9.000000 85.000000
-84.000000 -4.000000
103
91.000000 -45.000000
67.000000 89.000000
75
34.000000 86.000000
75.000000 -26.000000
156
-20.000000 49.000000
-52.000000 77.000000
157
-70.000000 -70.000000
-67.000000 67.000000
75
78.000000 53.000000
-64.000000 53.000000
177
-61.000000 -91.000000
-72.000000 -12.000000
233
-68.000000 -82.000000
-62.000000 -45.000000
154
-52.000000 48.000000
55.000000 53.000000
73
-85.000000 58.000000
-98.000000 90.000000
110
93.000000 -1.000000
-54.000000 96.000000
232
63.000000 -44.000000
-52.000000 -3.000000
166
0.000000 73.000000
-81.000000 -12.000000
139
-30.000000 -5.000000
-60.000000 75.000000
190
-27.000000 39.000000
88.000000 -40.000000
176
-51.000000 -51.000000
70.000000 88.000000
72
46.000000 69.000000
-92.000000 -25.000000
144
6.000000 -86.000000
-56.000000 94.000000
136
-46.000000 -37.000000
67.000000 -42.000000
151
-40.000000 51.000000
-71.000000 71.000000
135
-28.000000 -91.000000
93.000000 62.000000
80
-0.000000 69.000000
-54.000000 -15.000000
216
-46.000000 17.000000
61.000000 71.000000
169
50.000000 71.000000
87.000000 -43.000000
137
-80.000000 23.000000
-53.000000 59.000000
164
-17.000000 -11.000000
-77.000000 -12.000000
58
2.000000 25.000000
98.000000 93.000000
79
-24.000000 -23.000000
-93.000000 62.000000
175
-40.000000 -21.000000
-54.000000 -16.000000
102
-13.000000 91.000000
-54.000000 69.000000
231
33.000000 -26.000000
-84.000000 88.000000
136
-4.000000 98.000000
-66.000000 -32.000000
59
-24.000000 29.000000
-95.000000 57.000000
87
4.000000 -33.000000
-50.000000 -9.000000
107
-9.000000 -22.000000
-65.000000 -17.000000
77
-35.000000 -40.000000
77.000000 -44.000000
208
17.000000 -95.000000
88.000000 70.000000
224
25.000000 57.000000
77.000000 -41.000000
144
3.000000 -35.000000
97.000000 77.000000
237
-27.000000 -0.000000
78.000000 54.000000
184
-20.000000 11.000000
-62.000000 -13.000000
166
86.000000 -23.000000
73.000000 -34.000000
150
-80.000000 54.000000
-72.000000 -22.000000
191
29.000000 38.000000
94.000000 -19.000000
196
-49.000000 51.000000
55.000000 58.000000
148
79.000000 -78.000000
58.000000 -43.000000
237
29.000000 47.000000
69.000000 -36.000000
130
50.000000 -78.000000
76.000000 84.000000
144
-24.000000 -10.000000
90.000000 90.000000
235
88.000000 -49.000000
-67.000000 76.000000
229
67.000000 16.000000
-50.000000 67.000000
187
-93.000000 -37.000000
-58.000000 80.000000
92
-13.000000 -88.000000
63.000000 82.000000
172
-39.000000 28.000000
-78.000000 58.000000
245
88.000000 -31.000000
63.000000 96.000000
92
85.000000 15.000000
-75.000000 80.000000
50
-72.000000 -21.000000
85.000000 99.000000
71
80.000000 13.000000
-98.000000 -29.000000
238
22.000000 60.000000
89.000000 72.000000
244
-1.000000 -7.000000
-80.000000 80.000000
221
-31.000000 94.000000
-97.000000 75.000000
193
-85.000000 89.000000
-51.000000 -2.000000
63
-49.000000 67.000000
-62.000000 50.000000
90
68.000000 -85.000000
-90.000000 86.000000
56
-93.000000 -14.000000
-94.000000 -8.000000
80
-33.000000 86.000000
51.000000 -7.000000
227
87.000000 61.000000
72.000000 55.000000
114
68.000000 52.000000
-56.000000 -28.000000
165
-40.000000 37.000000
-54.000000 64.000000
209
-15.000000 32.000000
98.000000 -20.000000
143
-9.000000 77.000000
-61.000000 -42.000000
241
-22.000000 -84.000000
91.000000 64.000000
114
80.000000 7.000000
85.000000 74.000000
180
14.000000 23.000000
-79.000000 63.000000
181
-52.000000 46.000000
59.000000 -45.000000
145
33.000000 60.000000
56.000000 57.000000
152
-90.000000 -57.000000
54.000000 -14.000000
142
-51.000000 -26.000000
63.000000 81.000000
79
85.000000 94.000000
75.000000 -6.000000
143
71.000000 -3.000000
-98.000000 84.000000
171
27.000000 -27.000000
-75.000000 -46.000000
246
19.000000 -99.000000
-66.000000 -29.000000
145
65.000000 -51.000000
67.000000 96.000000
230
-4.000000 -2.000000
54.000000 -18.000000
87
3.000000 17.000000
85.000000 81.000000
105
-71.000000 38.000000
50.000000 79.000000
110
-65.000000 -47.000000
81.000000 95.000000
100
7.000000 -65.000000
57.000000 -6.000000
120
-82.000000 -39.000000
66.000000 85.000000
92
68.000000 -80.000000
-57.000000 -30.000000
111
83.000000 -27.000000
87.000000 96.000000
57
19.000000 28.000000
83.000000 -1.000000
106
-29.000000 93.000000
-57.000000 94.000000
124
23.000000 21.000000
67.000000 74.000000
52
-55.000000 -30.000000
-58.000000 -29.000000
64
11.000000 77.000000
-67.000000 -50.000000
122
-11.000000 -71.000000
70.000000 -32.000000
81
-85.000000 -77.000000
86.000000 99.000000
101
73.000000 -3.000000
81.000000 -24.000000
129
19.000000 -58.000000
-93.000000 52.000000
232
36.000000 1.000000
72.000000 -1.000000
107
95.000000 -2.000000
79.000000 74.000000
221
37.000000 -58.000000
59.000000 -14.000000
221
-73.000000 75.000000
-95.000000 -33.000000
96
-28.000000 -0.000000
57.000000 -20.000000
224
68.000000 -51.000000
-62.000000 75.000000
84
6.000000 83.000000
79.000000 53.000000
189
43.000000 -74.000000
-51.000000 60.000000
150
38.000000 2.000000
97.000000 -20.000000
81
-48.000000 45.000000
87.000000 -49.000000
82
-95.000000 -10.000000
96.000000 64.000000
64
-36.000000 -17.000000
58.000000 92.000000
246
53.000000 -63.000000
-97.000000 -38.000000
127
87.000000 -26.000000
53.000000 95.000000
90
29.000000 -8.000000
-62.000000 64.000000
160
-31.000000 -29.000000
-82.000000 59.000000
213
-60.000000 56.000000
-72.000000 -20.000000
190
-39.000000 48.000000
-70.000000 54.000000
100
-35.000000 -40.000000
84.000000 -26.000000
92
-49.000000 34.000000
-60.000000 94.000000
234
75.000000 -57.000000
-89.000000 54.000000
74
-55.000000 -75.000000
62.000000 -41.000000
125
-31.000000 45.000000
89.000000 83.000000
114
-96.000000 93.000000
55.000000 -46.000000
205
-52.000000 -77.000000
-59.000000 -30.000000
181
-93.000000 -10.000000
69.000000 57.000000
127
-61.000000 -87.000000
99.000000 80.000000
214
70.000000 -99.000000
-59.000000 -4.000000
85
-34.000000 30.000000
57.000000 -32.000000
204
51.000000 -1.000000
-91.000000 64.000000
217
-79.000000 -3.000000
89.000000 68.000000
144
-41.000000 -54.000000
-75.000000 68.000000
170
-76.000000 21.000000
-78.000000 -9.000000
119
89.000000 -67.000000
65.000000 66.000000
176
-2.000000 -13.000000
-50.000000 82.000000
58
-39.000000 -2.000000
-51.000000 72.000000
171
43.000000 5.000000
-65.000000 97.000000
174
-12.000000 23.000000
56.000000 61.000000
124
47.000000 46.000000
95.000000 73.000000
172
-24.000000 -75.000000
-90.000000 54.000000
201
84.000000 48.000000
-87.000000 74.000000
195
-63.000000 -27.000000
-52.000000 -21.000000
208
-6.000000 -53.000000
-51.000000 56.000000
212
45.000000 -7.000000
94.000000 95.000000
120
-45.000000 -28.000000
-88.000000 -12.000000
160
46.000000 -74.000000
89.000000 -4.000000
133
-89.000000 -97.000000
-55.000000 85.000000
234
-6.000000 1.000000
68.000000 -32.000000
53
46.000000 49.000000
-56.000000 -46.000000
88
14.000000 33.000000
59.000000 -23.000000
178
74.000000 -48.000000
-88.000000 96.000000
184
28.000000 55.000000
-56.000000 -13.000000
217
-8.000000 -97.000000
-51.000000 90.000000
67
-6.000000 95.000000
99.000000 -32.000000
248
15.000000 15.000000
-82.000000 -3.000000
91
-40.000000 -45.000000
71.000000 61.000000
138
-99.000000 62.000000
87.000000 97.000000
90
-93.000000 89.000000
-54.000000 -11.000000
183
-92.000000 60.000000
93.000000 71.000000
219
69.000000 91.000000
-81.000000 -28.000000
70
93.000000 -51.000000
-87.000000 -18.000000
206
-0.000000 -24.000000
52.000000 87.000000
99
-86.000000 58.000000
-98.000000 77.000000
170
75.000000 -72.000000
85.000000 96.000000
52
-23.000000 -52.000000
-61.000000 -46.000000
88
31.000000 -39.000000
78.000000 -27.000000
96
8.000000 -26.000000
-74.000000 -25.000000
247
-38.000000 -42.000000
70.000000 -41.000000
71
85.000000 -23.000000
-95.000000 72.000000
76
32.000000 -14.000000
68.000000 -30.000000
212
-82.000000 69.000000
57.000000 -15.000000
198
19.000000 76.000000
87.000000 80.000000
127
-44.000000 -89.000000
-50.000000 -45.000000
107
76.000000 87.000000
84.000000 57.000000
105
-39.000000 -23.000000
92.000000 64.000000
226
22.000000 -97.000000
68.000000 -10.000000
120
-87.000000 7.000000
-93.000000 -3.000000
235
-15.000000 -13.000000
60.000000 -44.000000
117
33.000000 56.000000
-56.000000 69.000000
178
-38.000000 -71.000000
81.000000 75.000000
96
-97.000000 -58.000000
-61.000000 -2.000000
189
-69.000000 66.000000
-68.000000 86.000000
65
63.000000 -56.000000
73.000000 51.000000
155
-47.000000 -23.000000
-69.000000 88.000000
133
-52.000000 52.000000
-63.000000 64.000000
223
96.000000 -59.000000
89.000000 -27.000000
128
-25.000000 -70.000000
75.000000 58.000000
192
28.000000 -9.000000
97.000000 53.000000
241
90.000000 -31.000000
-52.000000 68.000000
183
43.000000 30.000000
83.000000 56.000000
187
19.000000 -38.000000
-58.000000 68.000000
175
21.000000 37.000000
70.000000 -7.000000
101
46.000000 30.000000
-57.000000 -18.000000
139
-23.000000 88.000000
-96.000000 66.000000
53
-18.000000 -16.000000
64.000000 96.000000
171
-73.000000 -45.000000
-97.000000 77.000000
162
55.000000 -30.000000
95.000000 89.000000
152
-49.000000 32.000000
-55.000000 -20.000000
107
34.000000 -83.000000
80.000000 -13.000000
108
52.000000 -8.000000
78.000000 -36.000000
244
12.000000 -64.000000
68.000000 67.000000
206
31.000000 -77.000000
-70.000000 94.000000
57
43.000000 -1.000000
-64.000000 -7.000000
243
-31.000000 -69.000000
75.000000 59.000000
84
-90.000000 1.000000
-88.000000 73.000000
194
97.000000 8.000000
-61.000000 81.000000
177
-95.000000 -90.000000
-66.000000 76.000000
200
-76.000000 83.000000
59.000000 69.000000
243
54.000000 11.000000
-55.000000 79.000000
66
-11.000000 90.000000
62.000000 -49.000000
97
-91.000000 -55.000000
-81.000000 -12.000000
131
61.000000 3.000000
52.000000 80.000000
209
-8.000000 -87.000000
-66.000000 85.000000
69
-6.000000 -85.000000
-76.000000 -26.000000
149
8.000000 37.000000
-82.000000 67.000000
58
-48.000000 14.000000
83.000000 57.000000
131
-38.000000 1.000000
-79.000000 68.000000
134
-66.000000 -42.000000
-51.000000 70.000000
100
15.000000 -81.000000
88.000000 -9.000000
144
8.000000 -84.000000
-56.000000 -48.000000
209
-14.000000 16.000000
-71.000000 -50.000000
119
-12.000000 3.000000
69.000000 -22.000000
130
-46.000000 56.000000
-63.000000 -5.000000
200
-27.000000 -4.000000
-79.000000 88.000000
88
82.000000 78.000000
-60.000000 67.000000
158
28.000000 0.000000
-77.000000 -50.000000
236
99.000000 -76.000000
-58.000000 75.000000
60
53.000000 94.000000
-66.000000 -47.000000
187
-8.000000 -97.000000
86.000000 65.000000
102
-8.000000 -25.000000
62.000000 -49.000000
104
-49.000000 34.000000
50.000000 84.000000
79
-32.000000 -70.000000
-67.000000 -14.000000
161
-59.000000 -19.000000
-79.000000 56.000000
87
-67.000000 -58.000000
-64.000000 -32.000000
243
-12.000000 -40.000000
51.000000 -13.000000
237
30.000000 -49.000000
71.000000 82.000000
68
88.000000 -57.000000
-66.000000 -6.000000
187
-4.000000 -73.000000
-81.000000 68.000000
207
-4.000000 -84.000000
53.000000 -10.000000
100
54.000000 -65.000000
74.000000 -16.000000
85
-98.000000 95.000000
-89.000000 72.000000
144
-33.000000 59.000000
-75.000000 58.000000
218
22.000000 42.000000
98.000000 -46.000000
235
-18.000000 40.000000
76.000000 59.000000
190
31.000000 2.000000
83.000000 -3.000000
165
96.000000 -60.000000
53.000000 -14.000000
237
79.000000 -2.000000
58.000000 -27.000000
56
-3.000000 26.000000
50.000000 -18.000000
236
-5.000000 56.000000
70.000000 76.000000
236
17.000000 -55.000000
73.000000 64.000000
173
75.000000 68.000000
-77.000000 90.000000
136
-19.000000 18.000000
-60.000000 -32.000000
213
-21.000000 -58.000000
66.000000 -32.000000
97
-3.000000 -16.000000
66.000000 -45.000000
59
-69.000000 -72.000000
-80.000000 -20.000000
199
42.000000 -15.000000
51.000000 57.000000
74
-39.000000 86.000000
-88.000000 86.000000
84
-16.000000 5.000000
-88.000000 -32.000000
59
96.000000 -19.000000
62.000000 -24.000000
51
-5.000000 18.000000
84.000000 98.000000
164
44.000000 60.000000
-62.000000 80.000000
162
-44.000000 -42.000000
98.000000 -44.000000
232
88.000000 93.000000
52.000000 59.000000
249
33.000000 80.000000
-92.000000 -2.000000
137
-34.000000 -86.000000
-93.000000 -1.000000
77
53.000000 -48.000000
-71.000000 98.000000
103
7.000000 -73.000000
-59.000000 -21.000000
145
90.000000 17.000000
-89.000000 56.000000
201
54.000000 60.000000
-95.000000 -49.000000
208
53.000000 39.000000
51.000000 80.000000
181
60.000000 98.000000
-86.000000 83.000000
189
96.000000 36.000000
-94.000000 -9.000000
104
37.000000 4.000000
67.000000 68.000000
226
32.000000 71.000000
64.000000 64.000000
231
21.000000 -95.000000
-84.000000 -15.000000
240
-73.000000 35.000000
79.000000 76.000000
120
-82.000000 -75.000000
87.000000 80.000000
215
-25.000000 86.000000
-90.000000 95.000000
162
37.000000 92.000000
-56.000000 -47.000000
83
23.000000 58.000000
62.000000 51.000000
214
98.000000 -13.000000
-55.000000 -21.000000
144
28.000000 -82.000000
81.000000 83.000000
197
92.000000 41.000000
52.000000 86.000000
69
-25.000000 86.000000
-51.000000 -9.000000
148
-49.000000 -0.000000
-75.000000 -39.000000
178
46.000000 71.000000
65.000000 83.000000
210
-76.000000 83.000000
-78.000000 -2.000000
248
72.000000 -47.000000
97.000000 -45.000000
114
-21.000000 -92.000000
-69.000000 -48.000000
97
7.000000 44.000000
83.000000 -25.000000
167
69.000000 -40.000000
62.000000 58.000000
129
-84.000000 63.000000
-50.000000 -2.000000
120
-95.000000 -14.000000
-68.000000 -13.000000
112
45.000000 89.000000
-77.000000 70.000000
64
-23.000000 -53.000000
67.000000 -11.000000
181
53.000000 -84.000000
51.000000 83.000000
133
-28.000000 40.000000
-50.000000 -47.000000
127
90.000000 -56.000000
-97.000000 94.000000
155
23.000000 28.000000
-67.000000 83.000000
225
21.000000 -63.000000
76.000000 -19.000000
92
-56.000000 85.000000
-55.000000 -6.000000
193
75.000000 71.000000
-52.000000 -5.000000
206
96.000000 94.000000
-95.000000 -11.000000
120
-59.000000 -83.000000
81.000000 -49.000000
242
59.000000 -30.000000
-51.000000 -5.000000
118
-77.000000 -24.000000
79.000000 -28.000000
242
31.000000 -18.000000
99.000000 -24.000000
150
-66.000000 -47.000000
50.000000 -32.000000
134
8.000000 -73.000000
71.000000 -27.000000
207
-53.000000 -75.000000
53.000000 -43.000000
73
27.000000 -52.000000
-68.000000 -50.000000
235
83.000000 -59.000000
-54.000000 65.000000
155
-14.000000 39.000000
-52.000000 -41.000000
113
-63.000000 99.000000
52.000000 84.000000
215
6.000000 19.000000
-89.000000 67.000000
165
-26.000000 -21.000000
95.000000 59.000000
220
-99.000000 0.000000
-76.000000 -40.000000
169
7.000000 -93.000000
-66.000000 -41.000000
184
-0.000000 -66.000000
-59.000000 -20.000000
128
36.000000 20.000000
91.000000 -41.000000
159
-96.000000 -76.000000
54.000000 -6.000000
144
-60.000000 23.000000
59.000000 -11.000000
149
-61.000000 79.000000
96.000000 -46.000000
128
1.000000 -95.000000
50.000000 63.000000
198
4.000000 85.000000
94.000000 89.000000
117
40.000000 13.000000
73.000000 89.000000
78
-74.000000 93.000000
-74.000000 -13.000000
126
38.000000 -78.000000
-84.000000 83.000000
95
45.000000 -63.000000
74.000000 -26.000000
94
43.000000 98.000000
54.000000 -43.000000
125
-70.000000 -17.000000
81.000000 87.000000
149
16.000000 37.000000
80.000000 -35.000000
201
41.000000 35.000000
-75.000000 -27.000000
212
-95.000000 62.000000
-58.000000 75.000000
241
-57.000000 26.000000
93.000000 92.000000
127
-75.000000 70.000000
64.000000 96.000000
73
28.000000 -20.000000
-81.000000 65.000000
112
-35.000000 -37.000000
88.000000 -9.000000
131
10.000000 -0.000000
55.000000 83.000000
216
94.000000 5.000000
-59.000000 -4.000000
165
-22.000000 95.000000
-94.000000 -46.000000
180
-48.000000 -36.000000
79.000000 -26.000000
146
6.000000 -2.000000
-63.000000 65.000000
129
-62.000000 12.000000
-51.000000 54.000000
182
67.000000 90.000000
-70.000000 -4.000000
65
-19.000000 -83.000000
-87.000000 99.000000
193
-91.000000 20.000000
61.000000 -3.000000
53
69.000000 91.000000
-93.000000 -30.000000
179
-44.000000 -84.000000
70.000000 -3.000000
94
14.000000 99.000000
-85.000000 86.000000
97
76.000000 85.000000
-59.000000 91.000000
228
-23.000000 -40.000000
-66.000000 -3.000000
136
14.000000 -9.000000
-70.000000 70.000000
168
55.000000 70.000000
94.000000 -15.000000
97
64.000000 -52.000000
-58.000000 -22.000000
225
-24.000000 -95.000000
-97.000000 -25.000000
116
31.000000 -80.000000
-58.000000 -27.000000
171
97.000000 -15.000000
79.000000 91.000000
162
-60.000000 56.000000
57.000000 -19.000000
150
-81.000000 -55.000000
54.000000 95.000000
160
3.000000 37.000000
57.000000 -27.000000
84
12.000000 -42.000000
-68.000000 75.000000
129
95.000000 44.000000
80.000000 -27.000000
104
52.000000 64.000000
80.000000 88.000000
134
-22.000000 73.000000
72.000000 -50.000000
66
77.000000 -72.000000
-99.000000 73.000000
119
-18.000000 -58.000000
69.000000 66.000000
58
57.000000 30.000000
-90.000000 -3.000000
165
-23.000000 -31.000000
-75.000000 53.000000
123
45.000000 -23.000000
62.000000 67.000000
210
-5.000000 81.000000
98.000000 -16.000000
77
34.000000 63.000000
54.000000 -27.000000
70
80.000000 -56.000000
-77.000000 -28.000000
154
39.000000 -73.000000
91.000000 -40.000000
227
-29.000000 70.000000
83.000000 -34.000000
246
-18.000000 0.000000
-51.000000 61.000000
142
59.000000 40.000000
-85.000000 -3.000000
53
-7.000000 78.000000
86.000000 95.000000
178
-76.000000 9.000000
-76.000000 -22.000000
92
87.000000 46.000000
-50.000000 -4.000000
158
44.000000 91.000000
54.000000 57.000000
117
62.000000 -64.000000
68.000000 60.000000
220
-74.000000 99.000000
80.000000 90.000000
177
20.000000 91.000000
98.000000 71.000000
157
22.000000 18.000000
50.000000 -12.000000
235
3.000000 92.000000
-88.000000 -48.000000
239
68.000000 19.000000
-70.000000 69.000000
122
42.000000 -70.000000
52.000000 90.000000
56
38.000000 77.000000
70.000000 70.000000
92
-88.000000 -19.000000
79.000000 94.000000
133
-57.000000 29.000000
97.000000 84.000000
120
-48.000000 65.000000
61.000000 97.000000
98
33.000000 52.000000
84.000000 53.000000
104
48.000000 -48.000000
89.000000 71.000000
200
15.000000 19.000000
-88.000000 -13.000000
183
-97.000000 17.000000
-98.000000 -24.000000
186
99.000000 -8.000000
62.000000 58.000000
65
-90.000000 -26.000000
94.000000 52.000000
53
66.000000 -79.000000
-61.000000 -50.000000
117
-42.000000 44.000000
-82.000000 74.000000
160
52.000000 -26.000000
-84.000000 -20.000000
187
-82.000000 -48.000000
-70.000000 -16.000000
215
82.000000 61.000000
75.000000 57.000000
225
-14.000000 27.000000
91.000000 -50.000000
97
-56.000000 76.000000
97.000000 -26.000000
244
-95.000000 12.000000
-62.000000 -37.000000
214
-56.000000 62.000000
55.000000 97.000000
181
23.000000 -23.000000
-79.000000 57.000000
126
8.000000 40.000000
81.000000 83.000000
123
-69.000000 39.000000
62.000000 -9.000000
139
-27.000000 92.000000
-51.000000 -37.000000
116
-39.000000 3.000000
-90.000000 55.000000
95
59.000000 -98.000000
-93.000000 64.000000
129
-13.000000 -84.000000
-53.000000 -24.000000
66
52.000000 12.000000
-70.000000 57.000000
71
-15.000000 -30.000000
-86.000000 79.000000
102
-73.000000 24.000000
69.000000 -17.000000
83
-38.000000 -72.000000
91.000000 -25.000000
200
-89.000000 59.000000
-98.000000 58.000000
248
3.000000 -38.000000
-67.000000 50.000000
87
-45.000000 74.000000
98.000000 -49.000000
86
-44.000000 -41.000000
-83.000000 92.000000
232
-69.000000 -53.000000
-57.000000 -35.000000
195
2.000000 -61.000000
-93.000000 -49.000000
182
-24.000000 -54.000000
-89.000000 -48.000000
203
31.000000 14.000000
-68.000000 86.000000
226
85.000000 65.000000
-66.000000 61.000000
116
-29.000000 -97.000000
55.000000 61.000000
194
41.000000 14.000000
51.000000 60.000000
110
-51.000000 59.000000
-73.000000 93.000000
63
-23.000000 87.000000
-86.000000 71.000000
141
98.000000 28.000000
-66.000000 77.000000
158
16.000000 90.000000
-53.000000 -39.000000
192
-0.000000 55.000000
-96.000000 61.000000
247
-2.000000 -76.000000
67.000000 -14.000000
144
-43.000000 65.000000
92.000000 -34.000000
204
-5.000000 89.000000
83.000000 -19.000000
91
-10.000000 57.000000
59.000000 -24.000000
203
14.000000 -26.000000
65.000000 79.000000
159
-79.000000 10.000000
-72.000000 -13.000000
85
-87.000000 52.000000
-55.000000 62.000000
114
60.000000 24.000000
-94.000000 59.000000
107
-61.000000 -36.000000
77.000000 57.000000
197
-18.000000 -80.000000
57.000000 -49.000000
187
-8.000000 -47.000000
-74.000000 77.000000
149
-31.000000 -2.000000
-72.000000 92.000000
237
14.000000 32.000000
52.000000 -49.000000
66
14.000000 -27.000000
76.000000 -26.000000
246
56.000000 17.000000
-51.000000 -36.000000
53
-45.000000 -81.000000
85.000000 -18.000000
216
37.000000 50.000000
82.000000 96.000000
241
-79.000000 -99.000000
51.000000 -42.000000
207
34.000000 63.000000
63.000000 -39.000000
115
-31.000000 -79.000000
-84.000000 67.000000
98
12.000000 -1.000000
71.000000 -32.000000
113
-42.000000 -66.000000
-59.000000 82.000000
233
16.000000 40.000000
-91.000000 -3.000000
103
-40.000000 -93.000000
58.000000 82.000000
180
-96.000000 -63.000000
69.000000 63.000000
200
5.000000 -41.000000
92.000000 90.000000
171
-68.000000 -76.000000
71.000000 85.000000
82
59.000000 33.000000
-62.000000 52.000000
222
-62.000000 30.000000
-88.000000 93.000000
52
52.000000 62.000000
-56.000000 -10.000000
130
-11.000000 6.000000
52.000000 -22.000000
205
86.000000 10.000000
95.000000 89.000000
81
-1.000000 7.000000
-61.000000 -23.000000
155
-28.000000 -4.000000
-98.000000 80.000000
104
-48.000000 -99.000000
91.000000 -15.000000
198
-22.000000 -80.000000
-64.000000 74.000000
115
80.000000 79.000000
-66.000000 52.000000
84
-7.000000 -93.000000
98.000000 89.000000
69
-39.000000 -7.000000
-79.000000 71.000000
82
-17.000000 -67.000000
-65.000000 -19.000000
68
-9.000000 69.000000
62.000000 -21.000000
238
86.000000 96.000000
57.000000 -17.000000
99
84.000000 -16.000000
70.000000 -9.000000
64
-34.000000 -85.000000
67.000000 63.000000
153
31.000000 -66.000000
-92.000000 77.000000
245
38.000000 -69.000000
-52.000000 -29.000000
150
76.000000 -38.000000
90.000000 79.000000
231
-99.000000 -12.000000
-99.000000 69.000000
60
7.000000 -59.000000
-92.000000 89.000000
231
55.000000 54.000000
83.000000 52.000000
229
16.000000 -53.000000
-87.000000 -39.000000
91
18.000000 70.000000
-89.000000 87.000000
129
-40.000000 52.000000
90.000000 94.000000
56
65.000000 -91.000000
86.000000 88.000000
125
-4.000000 8.000000
69.000000 88.000000
173
17.000000 -59.000000
-83.000000 -35.000000
201
1.000000 -87.000000
-63.000000 -14.000000
127
6.000000 -77.000000
59.000000 55.000000
110
-32.000000 93.000000
86.000000 -11.000000
161
64.000000 -45.000000
51.000000 -46.000000
196
53.000000 -40.000000
-76.000000 92.000000
106
14.000000 48.000000
94.000000 53.000000
132
66.000000 39.000000
-66.000000 -43.000000
185
88.000000 -76.000000
-77.000000 -3.000000
98
-97.000000 -77.000000
-50.000000 -7.000000
212
87.000000 -44.000000
-94.000000 -9.000000
59
-64.000000 25.000000
51.000000 -10.000000
221
38.000000 -56.000000
55.000000 72.000000
179
-85.000000 64.000000
-68.000000 54.000000
77
25.000000 -67.000000
93.000000 -45.000000
79
-95.000000 -14.000000
76.000000 79.000000
212
-74.000000 -10.000000
-76.000000 58.000000
141
26.000000 -13.000000
-67.000000 -28.000000
212
-32.000000 6.000000
84.000000 -40.000000
133
-71.000000 74.000000
-63.000000 88.000000
120
-59.000000 50.000000
-71.000000 71.000000
239
-92.000000 -28.000000
-73.000000 93.000000
100
98.000000 -79.000000
-85.000000 94.000000
214
94.000000 49.000000
-81.000000 50.000000
73
-90.000000 46.000000
77.000000 -7.000000
69
-2.000000 -15.000000
66.000000 -10.000000
113
-48.000000 -94.000000
-55.000000 -11.000000
249
95.000000 57.000000
-72.000000 -10.000000
154
-42.000000 50.000000
-73.000000 73.000000
94
51.000000 -42.000000
58.000000 53.000000
181
-44.000000 -7.000000
54.000000 -22.000000
81
61.000000 -15.000000
64.000000 -13.000000
191
-82.000000 -70.000000
-68.000000 -25.000000
144
9.000000 8.000000
88.000000 53.000000
111
-73.000000 29.000000
74.000000 84.000000
199
7.000000 91.000000
66.000000 95.000000
166
53.000000 9.000000
67.000000 -10.000000
51
15.000000 -97.000000
-84.000000 54.000000
70
28.000000 -96.000000
-55.000000 87.000000
249
11.000000 98.000000
-69.000000 -1.000000
134
18.000000 17.000000
87.000000 -28.000000
248
-15.000000 21.000000
-71.000000 -35.000000
196
-69.000000 76.000000
89.000000 -32.000000
161
18.000000 32.000000
-85.000000 -27.000000
67
49.000000 28.000000
-94.000000 56.000000
185
-98.000000 -5.000000
72.000000 99.000000
139
-73.000000 -84.000000
63.000000 -50.000000
104
-1.000000 -56.000000
75.000000 86.000000
190
39.000000 45.000000
82.000000 63.000000
211
-38.000000 -52.000000
67.000000 -25.000000
207
-78.000000 -96.000000
-54.000000 -6.000000
219
84.000000 90.000000
-72.000000 91.000000
208
74.000000 -86.000000
-90.000000 -40.000000
142
-64.000000 47.000000
85.000000 67.000000
246
15.000000 20.000000
-78.000000 67.000000
155
81.000000 -70.000000
55.000000 62.000000
50
-4.000000 22.000000
81.000000 99.000000
143
-15.000000 -33.000000
95.000000 64.000000
113
14.000000 59.000000
-97.000000 58.000000
54
16.000000 40.000000
-96.000000 68.000000
69
78.000000 -23.000000
86.000000 -50.000000
87
-45.000000 -30.000000
61.000000 -14.000000
142
-81.000000 3.000000
73.000000 -8.000000
145
-33.000000 -93.000000
93.000000 56.000000
54
36.000000 14.000000
-99.000000 -8.000000
51
-6.000000 -33.000000
58.000000 54.000000
52
88.000000 -35.000000
65.000000 -17.000000
179
56.000000 -69.000000
-60.000000 59.000000
213
-52.000000 -76.000000
-87.000000 -2.000000
112
-26.000000 -47.000000
90.000000 -32.000000
248
-48.000000 13.000000
-51.000000 -11.000000
103
16.000000 21.000000
-89.000000 -46.000000
129
54.000000 -46.000000
86.000000 -30.000000
105
58.000000 52.000000
51.000000 77.000000
169
-33.000000 -44.000000
-66.000000 -3.000000
67
-2.000000 47.000000
-83.000000 -31.000000
198
22.000000 73.000000
88.000000 68.000000
65
40.000000 -18.000000
-73.000000 -32.000000
162
-46.000000 -36.000000
55.000000 83.000000
87
-67.000000 -83.000000
-53.000000 -30.000000
101
73.000000 -91.000000
98.000000 -40.000000
163
80.000000 -14.000000
74.000000 61.000000
97
11.000000 -93.000000
-99.000000 52.000000
181
-34.000000 84.000000
61.000000 -19.000000
89
-89.000000 8.000000
-53.000000 54.000000
125
41.000000 -67.000000
-79.000000 -50.000000
165
-3.000000 90.000000
59.000000 -29.000000
77
17.000000 -86.000000
65.000000 -19.000000
162
-45.000000 82.000000
51.000000 75.000000
107
-42.000000 -14.000000
84.000000 65.000000
201
-62.000000 -28.000000
74.000000 -16.000000
67
-21.000000 -81.000000
-90.000000 -41.000000
207
53.000000 97.000000
-96.000000 84.000000
244
34.000000 76.000000
-90.000000 82.000000
218
80.000000 -75.000000
68.000000 -6.000000
219
40.000000 97.000000
-59.000000 81.000000
148
15.000000 -90.000000
68.000000 -40.000000
249
88.000000 52.000000
54.000000 -45.000000
198
-40.000000 64.000000
77.000000 69.000000
156
-91.000000 -39.000000
-54.000000 -21.000000
237
-25.000000 22.000000
-62.000000 -12.000000
210
-12.000000 -15.000000
55.000000 83.000000
104
84.000000 -82.000000
-81.000000 -12.000000
103
-16.000000 8.000000
-72.000000 56.000000
91
4.000000 -77.000000
52.000000 -41.000000
57
-27.000000 37.000000
79.000000 -36.000000
163
-43.000000 -52.000000
-74.000000 -4.000000
83
-14.000000 76.000000
-75.000000 93.000000
219
43.000000 49.000000
83.000000 -23.000000
191
45.000000 -60.000000
-69.000000 -47.000000
231
-76.000000 -46.000000
-95.000000 61.000000
240
25.000000 55.000000
-68.000000 -43.000000
240
-12.000000 -97.000000
-86.000000 -39.000000
117
26.000000 21.000000
-83.000000 -44.000000
74
-7.000000 -79.000000
-95.000000 90.000000
175
-91.000000 -58.000000
-61.000000 82.000000
103
41.000000 75.000000
70.000000 -17.000000
58
-97.000000 -83.000000
69.000000 54.000000
125
42.000000 -87.000000
55.000000 -21.000000
63
-37.000000 47.000000
-94.000000 -29.000000
184
-26.000000 -95.000000
-53.000000 -28.000000
206
32.000000 37.000000
56.000000 -11.000000
134
-15.000000 -87.000000
90.000000 -43.000000
232
-99.000000 91.000000
-54.000000 51.000000
210
-43.000000 57.000000
97.000000 99.000000
137
-41.000000 0.000000
-52.000000 -40.000000
62
-74.000000 -63.000000
-98.000000 92.000000
179
88.000000 -36.000000
93.000000 85.000000
100
-64.000000 41.000000
-72.000000 98.000000
98
-61.000000 -77.000000
-63.000000 52.000000
208
-30.000000 -93.000000
-63.000000 -15.000000
92
93.000000 -64.000000
-78.000000 -28.000000
191
-27.000000 18.000000
-78.000000 53.000000
119
-70.000000 93.000000
-83.000000 54.000000
159
-95.000000 91.000000
76.000000 58.000000
148
-2.000000 19.000000
90.000000 71.000000
85
-80.000000 8.000000
-50.000000 -37.000000
97
-76.000000 24.000000
-78.000000 93.000000
231
-3.000000 -56.000000
59.000000 75.000000
229
69.000000 41.000000
59.000000 -12.000000
53
-22.000000 2.000000
-77.000000 96.000000
168
95.000000 49.000000
-84.000000 66.000000
127
-17.000000 42.000000
92.000000 -25.000000
188
8.000000 -81.000000
58.000000 65.000000
226
-7.000000 -85.000000
-50.000000 -8.000000
234
7.000000 -52.000000
97.000000 53.000000
219
-23.000000 97.000000
95.000000 51.000000
205
-21.000000 77.000000
62.000000 83.000000
107
32.000000 80.000000
-71.000000 -9.000000
146
-72.000000 15.000000
62.000000 67.000000
95
85.000000 -51.000000
-80.000000 78.000000
69
-10.000000 96.000000
87.000000 78.000000
189
62.000000 -30.000000
50.000000 -17.000000
54
11.000000 92.000000
75.000000 85.000000
193
-78.000000 11.000000
93.000000 74.000000
104
-98.000000 -91.000000
97.000000 50.000000
51
-73.000000 -82.000000
-98.000000 -27.000000
95
-91.000000 -62.000000
-84.000000 -48.000000
145
-75.000000 10.000000
-67.000000 -26.000000
147
27.000000 85.000000
59.000000 89.000000
80
45.000000 17.000000
53.000000 90.000000
189
-76.000000 74.000000
-97.000000 -6.000000
83
-90.000000 -94.000000
-72.000000 66.000000
87
-65.000000 79.000000
-56.000000 -19.000000
186
34.000000 43.000000
60.000000 74.000000
110
74.000000 -69.000000
94.000000 -11.000000
75
30.000000 93.000000
98.000000 -13.000000
78
-24.000000 -43.000000
63.000000 98.000000
201
47.000000 81.000000
68.000000 62.000000
133
69.000000 -75.000000
83.000000 -48.000000
115
13.000000 78.000000
-82.000000 78.000000
116
98.000000 -59.000000
61.000000 -46.000000
155
19.000000 53.000000
57.000000 93.000000
232
-69.000000 -34.000000
-63.000000 -41.000000
131
91.000000 81.000000
-50.000000 63.000000
68
17.000000 43.000000
-70.000000 -7.000000
231
-27.000000 50.000000
54.000000 72.000000
217
-36.000000 -57.000000
80.000000 70.000000
105
32.000000 -96.000000
-83.000000 68.000000
163
96.000000 -71.000000
81.000000 89.000000
109
33.000000 39.000000
-96.000000 86.000000
142
65.000000 -39.000000
-77.000000 53.000000
108
-77.000000 -49.000000
61.000000 78.000000
156
-80.000000 -48.000000
92.000000 -48.000000
97
24.000000 64.000000
73.000000 -1.000000
136
55.000000 -65.000000
-55.000000 72.000000
90
72.000000 -74.000000
64.000000 -1.000000
239
1.000000 25.000000
96.000000 66.000000
63
-9.000000 27.000000
-71.000000 65.000000
207
96.000000 -85.000000
-50.000000 -25.000000
248
-56.000000 -86.000000
-81.000000 99.000000
174
99.000000 45.000000
-68.000000 -3.000000
118
-62.000000 52.000000
-58.000000 -27.000000
240
99.000000 57.000000
-64.000000 92.000000
221
-43.000000 23.000000
50.000000 -5.000000
212
79.000000 1.000000
84.000000 -24.000000
91
-94.000000 49.000000
-90.000000 53.000000
190
10.000000 62.000000
79.000000 99.000000
58
14.000000 -44.000000
88.000000 52.000000
68
6.000000 55.000000
93.000000 59.000000
106
67.000000 93.000000
-96.000000 -47.000000
144
93.000000 60.000000
84.000000 64.000000
246
-21.000000 74.000000
51.000000 -30.000000
141
43.000000 -4.000000
-81.000000 59.000000
89
-30.000000 -75.000000
64.000000 53.000000
64
-88.000000 60.000000
80.000000 -15.000000
223
93.000000 -11.000000
-98.000000 -13.000000
120
-17.000000 -84.000000
-55.000000 58.000000
165
-39.000000 55.000000
-59.000000 56.000000
185
-17.000000 -62.000000
-83.000000 59.000000
238
89.000000 -94.000000
83.000000 99.000000
232
64.000000 -93.000000
-50.000000 86.000000
218
-86.000000 -50.000000
-54.000000 -17.000000
242
58.000000 4.000000
84.000000 -48.000000
223
-47.000000 -56.000000
57.000000 -6.000000
167
-77.000000 19.000000
-75.000000 54.000000
131
-56.000000 -59.000000
61.000000 50.000000
116
84.000000 35.000000
57.000000 -13.000000
81
36.000000 -38.000000
-85.000000 56.000000
149
90.000000 -35.000000
-75.000000 80.000000
240
36.000000 -89.000000
90.000000 -18.000000
104
-34.000000 -76.000000
95.000000 -14.000000
77
-72.000000 -88.000000
79.000000 -32.000000
127
-63.000000 -69.000000
-96.000000 51.000000
142
-82.000000 -13.000000
-51.000000 -25.000000
169
-15.000000 74.000000
-75.000000 70.000000
66
53.000000 -21.000000
63.000000 60.000000
67
-76.000000 23.000000
99.000000 83.000000
153
90.000000 -81.000000
66.000000 -21.000000
145
-5.000000 -16.000000
-88.000000 80.000000
206
80.000000 4.000000
-50.000000 72.000000
83
85.000000 -78.000000
76.000000 70.000000
171
-53.000000 49.000000
52.000000 -43.000000
195
78.000000 98.000000
87.000000 -16.000000
249
-88.000000 -87.000000
-60.000000 -9.000000
249
72.000000 53.000000
80.000000 53.000000
71
15.000000 95.000000
-69.000000 -48.000000
82
-42.000000 96.000000
83.000000 -11.000000
197
76.000000 -11.000000
84.000000 78.000000
236
86.000000 51.000000
90.000000 -19.000000
195
-56.000000 -87.000000
62.000000 89.000000
146
10.000000 -17.000000
-93.000000 -18.000000
63
-70.000000 -75.000000
-50.000000 82.000000
240
62.000000 -93.000000
95.000000 -14.000000
246
-82.000000 53.000000
60.000000 -11.000000
134
-79.000000 -95.000000
83.000000 78.000000
95
-54.000000 41.000000
-93.000000 -15.000000
189
47.000000 50.000000
-80.000000 -24.000000
59
69.000000 -84.000000
99.000000 85.000000
200
92.000000 -11.000000
62.000000 72.000000
123
-99.000000 -17.000000
56.000000 -48.000000
247
-25.000000 -26.000000
-56.000000 67.000000
197
95.000000 30.000000
75.000000 51.000000
201
-7.000000 11.000000
-86.000000 94.000000
210
-63.000000 -7.000000
80.000000 87.000000
163
52.000000 94.000000
-89.000000 64.000000
241
-53.000000 20.000000
78.000000 85.000000
174
-27.000000 86.000000
-60.000000 68.000000
78
-4.000000 -8.000000
-75.000000 -47.000000
53
50.000000 -67.000000
64.000000 59.000000
212
86.000000 46.000000
-99.000000 -2.000000
217
-92.000000 -87.000000
70.000000 -33.000000
54
52.000000 -61.000000
-69.000000 -14.000000
152
-34.000000 -45.000000
-94.000000 59.000000
194
44.000000 93.000000
-54.000000 -33.000000
73
-65.000000 -55.000000
63.000000 -32.000000
173
20.000000 -56.000000
92.000000 -49.000000
194
-25.000000 88.000000
-79.000000 -1.000000
75
-62.000000 -34.000000
75.000000 -30.000000
239
-75.000000 -12.000000
58.000000 -48.000000
134
94.000000 -93.000000
67.000000 -7.000000
50
62.000000 -75.000000
-64.000000 -6.000000
246
28.000000 33.000000
51.000000 -8.000000
77
90.000000 34.000000
-65.000000 -17.000000
90
21.000000 -16.000000
80.000000 68.000000
124
28.000000 58.000000
-86.000000 69.000000
51
-81.000000 61.000000
-83.000000 -21.000000
204
30.000000 80.000000
-93.000000 -18.000000
241
61.000000 -24.000000
-78.000000 -7.000000
116
9.000000 -87.000000
71.000000 -1.000000
86
86.000000 -42.000000
-80.000000 55.000000
137
90.000000 -3.000000
-59.000000 -5.000000
69
20.000000 56.000000
-83.000000 61.000000
155
-47.000000 41.000000
63.000000 64.000000
227
-54.000000 -68.000000
-97.000000 -2.000000
170
-66.000000 24.000000
-66.000000 63.000000
203
-52.000000 -24.000000
-78.000000 64.000000
140
-52.000000 -0.000000
81.000000 -23.000000
148
-45.000000 -57.000000
-95.000000 -43.000000
116
56.000000 -37.000000
94.000000 -5.000000
145
38.000000 18.000000
-65.000000 -44.000000
74
58.000000 62.000000
-57.000000 -25.000000
51
-56.000000 9.000000
83.000000 -10.000000
224
-50.000000 -64.000000
98.000000 95.000000
212
47.000000 -95.000000
80.000000 -13.000000
143
-0.000000 -24.000000
83.000000 68.000000
96
77.000000 -60.000000
-86.000000 96.000000
51
9.000000 -42.000000
-55.000000 51.000000
172
-22.000000 -22.000000
67.000000 -21.000000
200
48.000000 -22.000000
-97.000000 -49.000000
125
-33.000000 -3.000000
-68.000000 67.000000
141
-14.000000 53.000000
99.000000 53.000000
151
60.000000 80.000000
80.000000 -38.000000
153
-40.000000 60.000000
70.000000 85.000000
235
61.000000 -61.000000
-69.000000 -34.000000
98
69.000000 91.000000
-54.000000 -28.000000
73
-5.000000 -56.000000
-51.000000 -1.000000
75
-21.000000 -69.000000
-68.000000 70.000000
50
43.000000 63.000000
-83.000000 -13.000000
210
-67.000000 94.000000
-72.000000 94.000000
104
-43.000000 12.000000
-60.000000 80.000000
77
-2.000000 -47.000000
93.000000 70.000000
235
18.000000 -82.000000
61.000000 61.000000
152
59.000000 -66.000000
67.000000 67.000000
100
87.000000 23.000000
-54.000000 67.000000
114
-1.000000 4.000000
-60.000000 94.000000
232
-14.000000 16.000000
78.000000 -32.000000
138
96.000000 -98.000000
-85.000000 -15.000000
234
53.000000 79.000000
97.000000 -2.000000
110
-49.000000 67.000000
-68.000000 -34.000000
218
60.000000 37.000000
-74.000000 62.000000
57
44.000000 41.000000
81.000000 80.000000
87
-77.000000 -97.000000
58.000000 -4.000000
195
-81.000000 57.000000
-88.000000 -45.000000
161
-24.000000 10.000000
-63.000000 -49.000000
207
-85.000000 -4.000000
-70.000000 62.000000
160
60.000000 -99.000000
77.000000 90.000000
84
67.000000 24.000000
-62.000000 -32.000000
179
60.000000 89.000000
-81.000000 -44.000000
89
12.000000 -45.000000
-66.000000 -30.000000
234
-2.000000 47.000000
-52.000000 71.000000
178
-15.000000 -80.000000
-71.000000 -37.000000
126
25.000000 -97.000000
99.000000 -12.000000
69
86.000000 -44.000000
-82.000000 -38.000000
154
13.000000 -92.000000
87.000000 79.000000
51
-11.000000 7.000000
-58.000000 61.000000
244
-93.000000 57.000000
-63.000000 97.000000
172
69.000000 46.000000
-63.000000 54.000000
150
-92.000000 2.000000
66.000000 73.000000
219
-21.000000 -22.000000
-64.000000 -28.000000
168
96.000000 -74.000000
67.000000 63.000000
214
-41.000000 -37.000000
-84.000000 81.000000
183
40.000000 -92.000000
-83.000000 -20.000000
81
-33.000000 -56.000000
-73.000000 89.000000
163
-27.000000 83.000000
-91.000000 -7.000000
242
79.000000 -51.000000
-76.000000 -39.000000
167
-18.000000 35.000000
52.000000 -33.000000
124
-11.000000 -2.000000
-95.000000 -50.000000
110
45.000000 4.000000
78.000000 93.000000
130
5.000000 17.000000
-54.000000 94.000000
133
-27.000000 -89.000000
74.000000 69.000000
146
-45.000000 -91.000000
99.000000 87.000000
131
-11.000000 65.000000
-53.000000 83.000000
214
77.000000 -69.000000
-83.000000 64.000000
211
-47.000000 -29.000000
-72.000000 -2.000000
168
56.000000 62.000000
-55.000000 68.000000
55
-26.000000 77.000000
-68.000000 -11.000000
67
-46.000000 12.000000
73.000000 -43.000000
201
53.000000 -6.000000
-83.000000 -29.000000
73
-89.000000 -55.000000
89.000000 -50.000000
201
48.000000 91.000000
57.000000 -23.000000
136
21.000000 -60.000000
65.000000 83.000000
203
21.000000 -20.000000
-85.000000 50.000000
146
-42.000000 -46.000000
98.000000 -2.000000
186
-38.000000 -27.000000
86.000000 78.000000
101
13.000000 -68.000000
-95.000000 79.000000
209
-26.000000 91.000000
82.000000 -41.000000
81
-90.000000 89.000000
-65.000000 -15.000000
135
-27.000000 -85.000000
52.000000 56.000000
116
93.000000 -11.000000
-98.000000 66.000000
115
-25.000000 -82.000000
-55.000000 80.000000
119
20.000000 -63.000000
-78.000000 60.000000
114
96.000000 14.000000
-78.000000 -37.000000
139
-46.000000 -84.000000
-76.000000 69.000000
68
76.000000 10.000000
54.000000 -45.000000
213
63.000000 62.000000
-76.000000 -48.000000
80
69.000000 -97.000000
87.000000 99.000000
176
-61.000000 75.000000
-71.000000 -11.000000
59
67.000000 -74.000000
51.000000 -8.000000
55
42.000000 -18.000000
-67.000000 -4.000000
206
-56.000000 73.000000
64.000000 -1.000000
174
-97.000000 68.000000
96.000000 90.000000
