6.6743e-11 1100 1000
154
94 24
71 62
186
78 98
67 50
185
50 54
87 83
247
34 84
62 94
164
89 46
95 64
227
68 75
56 95
213
80 49
63 59
151
12 45
95 81
79
52 19
52 81
239
39 80
74 75
51
72 41
56 92
117
31 20
65 85
89
14 99
60 69
229
6 72
56 93
153
75 24
57 55
179
87 97
72 68
63
66 21
64 86
172
36 53
91 55
151
92 44
65 67
102
39 46
92 60
145
66 14
71 72
124
18 4
74 61
93
46 75
61 59
112
66 83
90 98
57
84 51
68 99
201
16 4
64 90
208
28 38
62 77
100
16 51
64 70
91
39 63
74 89
202
59 53
51 69
149
2 78
80 85
122
34 86
79 88
198
19 99
76 79
133
79 31
51 52
193
67 93
84 85
193
37 87
58 53
90
37 54
90 92
69
28 66
56 53
59
5 53
82 80
183
65 64
66 64
219
61 8
95 88
195
82 31
86 82
243
41 22
66 82
233
82 1
56 61
190
59 21
51 96
144
17 31
96 59
83
56 28
66 94
101
0 39
73 85
236
47 78
60 79
165
13 62
76 99
69
47 90
88 79
150
71 73
84 68
217
65 3
98 75
131
89 78
64 83
65
94 72
51 64
157
66 30
81 70
242
21 40
71 91
111
96 43
61 83
230
65 52
78 95
65
58 79
64 56
172
36 71
86 67
190
68 76
96 56
101
88 50
91 73
209
84 86
69 55
248
24 88
85 65
54
16 82
88 62
231
62 85
54 67
198
30 9
65 68
228
17 19
94 67
108
83 78
86 95
152
74 45
62 76
161
94 30
95 78
182
82 9
78 94
186
88 94
64 68
205
86 48
65 73
80
94 83
78 63
130
23 68
96 56
185
29 17
97 81
224
6 14
60 56
187
7 44
64 75
71
62 80
55 57
128
89 90
55 74
117
75 56
64 93
72
83 30
64 53
231
30 77
85 89
240
81 76
53 99
145
86 71
80 57
141
72 87
63 80
178
71 0
95 55
235
77 77
82 71
91
61 54
93 71
96
22 14
63 79
125
86 74
84 61
219
23 5
85 91
89
85 21
77 60
182
6 48
71 60
189
75 51
73 50
118
37 99
78 92
202
5 18
81 89
139
36 8
51 64
124
23 3
66 61
102
66 44
54 58
237
5 49
50 62
230
1 82
77 69
229
95 22
61 84
128
21 25
90 65
172
45 89
52 97
213
96 49
60 79
200
9 68
82 58
61
17 40
60 62
244
84 44
80 91
95
6 19
86 68
98
75 40
90 95
130
39 9
90 76
101
11 79
89 63
143
79 76
91 62
191
85 56
97 75
215
69 22
90 73
205
33 23
69 83
173
30 63
89 64
170
70 66
81 83
159
7 77
91 91
198
48 82
60 85
147
82 3
76 66
125
50 22
57 58
169
20 83
97 51
161
15 73
57 82
96
86 91
82 54
227
15 54
90 77
177
43 75
93 59
171
67 36
94 71
174
79 42
93 96
227
17 8
90 92
76
81 39
95 62
164
99 89
69 81
189
46 60
71 82
89
58 4
77 59
104
22 35
82 84
115
92 11
55 84
132
94 12
74 63
241
66 29
62 91
135
22 30
65 83
94
21 22
83 54
98
21 8
92 70
203
5 88
74 95
63
87 79
94 59
161
24 51
92 79
188
72 66
99 63
187
24 9
63 58
107
71 59
79 78
116
69 83
80 73
94
59 36
96 81
104
47 94
74 80
239
90 20
83 63
142
42 3
63 66
107
72 73
54 81
104
39 47
72 73
122
59 19
52 83
157
97 89
71 54
123
92 95
60 65
227
63 7
73 72
127
49 29
60 99
155
9 55
81 96
182
50 68
52 93
203
93 50
56 52
115
51 27
92 57
161
2 86
58 77
75
88 4
55 76
200
61 31
78 62
194
48 96
89 94
202
41 99
53 96
147
80 11
70 50
225
6 63
90 77
115
46 54
81 55
202
64 7
69 65
94
15 9
55 95
156
7 97
95 97
110
6 44
96 93
128
60 68
97 87
152
51 54
59 99
234
18 1
66 51
88
27 45
92 55
84
40 64
61 91
185
8 54
99 94
54
19 72
61 66
66
15 19
68 69
224
21 56
57 95
189
54 35
90 66
147
56 0
94 89
118
0 76
70 78
249
95 84
51 68
106
20 86
57 72
90
13 98
93 61
220
78 0
68 77
221
70 26
65 77
166
91 47
75 66
64
60 15
85 59
63
23 17
89 85
131
40 25
88 96
185
90 69
96 66
158
72 37
66 80
189
64 47
63 80
141
31 96
55 53
118
23 16
51 92
214
78 25
71 56
166
40 92
60 56
188
99 66
97 62
165
44 1
84 81
109
80 23
78 92
136
95 11
55 61
246
80 77
84 77
153
78 43
52 94
90
68 82
95 89
67
98 54
88 63
132
13 25
67 63
241
78 1
64 86
83
43 35
62 65
79
57 69
65 57
209
47 99
88 80
94
45 49
63 93
133
88 77
92 96
105
45 39
76 86
209
13 71
89 53
177
58 32
92 84
73
91 96
78 72
232
77 19
64 77
242
91 10
58 80
186
97 88
76 81
225
97 93
96 88
136
80 67
54 96
74
52 71
94 68
230
65 50
79 57
229
91 50
82 72
99
22 58
90 98
98
33 74
64 98
231
82 36
83 63
88
4 38
58 90
200
60 70
79 65
139
81 46
69 80
66
27 81
79 88
69
5 39
87 54
170
73 85
51 54
108
41 92
84 65
249
4 17
85 61
85
31 52
84 67
150
65 85
73 80
146
62 51
56 52
201
93 74
80 77
94
24 87
52 87
208
72 88
99 64
107
51 49
68 88
137
3 41
73 54
129
24 1
55 93
82
81 45
74 76
211
61 22
60 87
66
48 95
61 88
50
62 45
83 51
131
26 91
95 86
149
96 67
61 74
153
58 56
84 84
82
57 97
84 95
119
81 61
99 69
144
94 69
73 57
130
64 90
78 58
109
46 58
84 58
209
90 11
98 69
227
97 53
98 84
134
60 55
74 67
111
94 12
69 58
117
11 40
98 83
139
56 42
50 85
140
14 46
65 83
164
68 10
96 61
169
51 95
63 79
225
25 92
50 71
196
40 40
73 57
89
18 46
84 97
170
32 38
73 86
198
33 0
62 68
79
7 87
68 80
222
11 7
81 97
213
21 95
52 54
147
51 95
92 67
135
32 39
76 67
205
26 17
86 88
240
25 69
51 50
94
61 22
72 57
92
67 70
76 65
170
73 64
83 73
166
23 8
77 50
99
47 56
96 77
183
18 18
70 60
69
42 6
63 82
64
36 74
92 84
212
58 6
79 86
192
89 4
56 65
216
12 66
93 63
211
63 98
61 79
185
67 50
83 78
131
9 44
80 69
201
36 83
71 60
115
75 52
69 56
182
35 25
88 96
230
89 9
90 96
100
91 31
61 67
76
6 50
69 85
86
55 39
51 75
76
5 42
99 54
224
74 86
84 61
114
44 41
89 55
186
21 55
75 77
232
27 5
91 90
149
32 29
56 54
83
48 80
84 88
99
72 64
75 73
209
18 40
95 55
110
53 91
71 81
228
76 15
56 57
119
37 56
62 51
93
43 86
76 93
179
40 93
66 52
67
56 61
66 88
204
7 48
81 57
180
96 37
94 57
54
3 76
80 93
215
16 36
80 60
195
25 90
94 87
91
5 7
95 50
123
95 4
61 82
78
0 63
72 76
144
50 81
76 99
130
15 15
75 99
197
17 94
83 72
111
90 13
65 68
187
71 91
76 84
232
91 12
89 84
115
22 29
78 65
98
45 48
97 63
71
43 10
82 88
176
48 52
70 69
113
14 6
91 85
192
3 69
54 83
194
85 50
65 66
165
13 67
80 61
112
93 34
74 55
77
28 84
53 75
249
59 91
78 65
52
99 7
92 56
205
42 2
69 92
57
36 8
71 71
68
7 83
91 61
233
77 39
66 62
180
57 11
76 91
237
35 44
52 87
77
4 42
85 69
175
95 28
99 61
118
85 32
93 75
228
34 58
72 55
151
85 37
78 60
63
22 98
87 98
126
31 75
96 81
168
25 6
70 65
76
52 33
58 63
97
19 41
98 82
143
85 35
97 79
66
47 92
91 90
234
68 67
98 68
67
6 86
52 92
76
85 68
84 78
196
77 26
60 67
176
95 10
89 63
242
34 79
72 90
177
89 76
94 97
87
83 64
56 95
185
27 22
50 72
113
78 18
87 90
188
98 18
82 85
189
13 78
70 75
185
98 52
50 76
93
64 65
61 76
173
83 13
85 52
185
56 65
57 64
193
76 52
88 93
160
68 85
60 73
140
63 11
87 88
65
5 83
61 81
116
74 6
60 99
210
77 84
50 68
85
55 63
57 61
195
94 73
98 63
54
59 55
93 69
149
79 86
68 54
90
76 22
71 65
187
7 27
97 64
108
10 49
62 63
69
85 58
73 63
184
30 70
89 95
75
28 96
52 54
96
74 45
62 74
147
91 11
76 55
88
27 15
80 50
242
90 20
85 77
115
55 63
61 95
247
57 20
75 75
60
22 23
97 86
236
9 34
91 77
137
6 67
69 64
88
39 6
86 80
175
51 45
90 82
62
12 29
54 70
87
77 32
68 61
177
54 97
76 86
95
45 23
89 53
215
96 93
73 56
234
18 33
66 85
60
47 48
70 73
152
2 12
74 81
172
73 58
96 79
202
21 74
80 99
161
23 14
73 59
247
56 43
78 67
224
78 78
51 72
98
13 76
59 52
239
70 77
56 63
66
32 67
66 88
212
83 49
58 88
156
3 35
54 64
83
32 89
61 62
83
39 12
65 99
248
44 88
53 68
100
22 37
75 84
189
76 97
85 74
86
22 80
96 91
226
35 24
88 61
148
1 46
95 87
218
86 36
56 62
191
93 14
98 64
70
97 3
77 96
134
9 84
75 56
205
52 35
96 93
190
42 41
79 91
190
67 61
73 76
73
39 67
81 67
190
86 37
86 87
165
22 22
80 76
100
67 84
77 52
113
68 42
86 58
249
97 98
76 66
173
95 90
57 62
129
96 54
92 67
84
66 85
61 57
148
45 59
61 66
122
55 81
91 93
93
41 92
59 91
219
49 16
80 65
158
85 96
63 56
179
98 91
50 95
210
59 45
61 57
222
45 82
75 79
86
67 23
66 78
128
32 47
64 77
112
60 87
94 99
76
35 28
73 74
237
69 36
96 96
82
28 18
97 79
153
72 66
96 72
138
95 53
82 70
62
20 35
84 72
66
63 98
75 51
188
11 90
86 59
59
6 44
73 87
105
91 92
67 78
137
20 16
89 85
102
76 47
71 74
112
22 40
93 75
147
33 16
75 60
119
71 70
59 77
95
52 83
63 86
69
31 24
61 89
170
58 43
68 98
231
8 11
88 53
102
4 0
63 87
82
35 59
86 53
244
21 0
87 96
234
13 17
56 66
74
52 88
89 84
70
0 15
69 80
190
71 84
72 95
186
33 29
84 71
169
85 66
64 93
172
82 29
97 87
140
86 11
97 92
125
12 14
97 77
233
31 67
64 57
55
45 43
67 88
180
85 10
55 67
151
84 41
78 83
232
91 26
68 70
138
35 47
74 52
232
93 88
95 65
208
90 71
61 53
59
23 85
52 96
128
45 48
81 63
75
57 97
67 66
128
16 56
61 65
140
49 47
62 83
146
35 93
99 88
247
34 0
96 70
89
94 99
64 86
128
63 62
78 87
230
87 65
82 96
198
29 38
73 99
144
67 97
87 79
118
87 78
99 52
184
50 93
80 80
66
92 58
96 79
72
63 11
59 59
248
49 9
60 77
172
7 73
53 91
245
33 9
64 84
134
57 68
51 84
237
11 2
81 81
59
44 54
65 75
53
77 23
50 54
137
76 27
70 97
181
82 94
78 64
96
49 49
85 55
52
38 95
76 63
121
80 23
98 68
98
71 23
78 75
223
7 64
63 99
77
9 80
95 61
240
46 59
65 91
131
10 93
56 71
238
29 95
65 71
127
38 69
96 50
116
62 74
73 73
76
56 53
66 85
103
26 77
68 99
91
61 32
56 53
218
3 91
62 99
168
33 79
79 56
229
53 75
50 92
79
5 20
57 87
122
85 90
91 98
203
73 91
96 65
231
89 35
84 84
204
63 2
61 87
245
86 19
63 98
188
85 29
66 94
242
8 16
66 79
99
9 35
52 75
157
37 56
93 96
123
95 2
92 89
208
13 36
84 96
176
66 35
79 63
134
47 7
87 93
115
24 42
67 74
76
26 33
81 65
169
84 40
79 64
76
65 25
71 89
152
56 17
82 70
185
39 4
97 84
178
92 99
75 52
159
58 30
95 87
90
86 6
73 74
217
98 2
93 85
69
62 39
59 76
244
15 63
50 85
115
49 14
68 57
225
49 18
56 85
144
12 25
51 82
135
55 0
87 85
198
76 55
83 62
137
98 56
92 54
198
8 19
78 50
76
47 77
62 77
103
40 22
56 67
243
58 55
90 99
245
97 49
62 73
182
20 62
67 83
212
88 83
83 72
167
62 1
78 64
75
2 69
88 67
59
93 10
61 67
186
61 15
88 85
223
53 70
53 93
172
36 8
82 60
72
83 27
93 84
162
64 61
78 66
53
41 75
95 98
102
62 84
70 63
150
40 38
82 55
195
92 27
90 83
124
69 7
92 60
63
5 74
90 79
86
68 32
81 77
113
17 29
95 77
137
33 77
85 79
167
14 76
60 61
154
17 88
98 74
211
72 39
68 69
162
53 55
84 82
184
13 47
74 51
210
54 91
72 96
139
51 15
77 53
111
65 8
84 80
213
73 44
63 87
243
18 99
84 96
52
31 32
86 67
206
79 80
76 60
51
41 51
56 54
220
14 65
98 85
50
92 50
87 73
157
89 67
65 77
223
98 31
50 54
184
30 12
74 63
158
25 66
71 52
234
88 72
58 50
86
58 51
76 80
146
95 39
66 85
111
47 10
66 59
100
79 93
58 80
155
24 41
93 83
197
15 67
67 86
73
68 24
55 84
195
96 82
69 90
63
29 53
62 62
145
57 62
95 76
217
36 32
65 92
181
34 39
77 96
201
52 22
56 72
59
90 69
61 55
59
15 18
83 90
77
97 85
64 87
142
96 4
98 80
113
40 11
60 97
217
32 0
72 69
190
41 80
86 80
205
56 39
81 70
89
66 49
86 87
132
43 81
62 80
141
25 45
94 83
185
95 51
72 69
69
3 59
89 63
139
80 68
88 97
111
87 37
76 80
76
7 62
95 69
171
90 12
96 97
135
47 34
54 80
71
13 51
64 74
205
32 65
63 87
172
52 1
83 62
228
47 88
59 87
142
21 59
58 83
67
44 68
50 66
248
51 90
66 64
218
84 71
58 52
249
11 75
87 51
194
77 81
70 94
136
81 36
71 59
189
91 29
97 86
193
87 34
50 95
204
21 15
67 88
182
94 37
90 93
233
73 40
84 60
93
72 98
58 75
94
87 16
52 87
134
39 31
78 72
139
93 78
66 61
110
5 43
88 57
147
78 90
51 70
164
49 65
92 87
109
59 83
70 96
213
1 31
55 52
129
33 92
55 72
151
50 85
92 58
238
34 55
77 69
87
94 33
72 89
87
55 98
95 98
76
76 11
64 79
181
58 59
83 66
163
68 17
75 63
162
82 51
72 99
109
56 36
75 55
178
74 42
90 86
169
2 62
93 97
118
52 30
96 76
138
15 91
56 56
240
57 21
70 72
82
8 83
88 88
134
83 68
54 58
75
18 29
76 77
62
58 47
75 66
106
16 4
63 71
72
86 13
87 82
208
20 16
54 66
210
24 50
60 95
79
41 21
50 99
67
48 63
80 77
175
36 83
54 94
199
67 68
52 85
106
68 45
62 78
74
14 89
86 99
77
57 30
79 68
208
45 38
65 58
127
1 83
77 63
105
98 15
52 75
200
48 31
60 69
62
1 43
94 76
139
74 53
74 97
206
12 57
65 51
79
50 78
93 80
230
58 38
63 78
211
96 28
99 59
58
95 21
99 61
89
5 51
50 64
229
7 22
73 93
124
53 72
53 74
198
93 4
84 57
108
15 20
79 54
64
2 15
78 61
203
31 1
67 58
231
89 89
82 88
214
57 14
89 69
62
95 17
76 55
180
96 63
69 95
127
36 11
73 81
115
26 85
95 96
143
85 30
70 84
119
85 50
71 78
174
88 90
97 69
167
10 1
96 63
182
10 43
74 68
185
11 33
82 61
157
12 6
92 94
132
42 65
96 67
163
86 43
65 53
236
16 70
86 96
65
79 80
99 75
155
34 60
73 67
166
79 76
72 80
121
37 63
82 63
83
78 78
81 72
243
54 58
56 59
240
87 76
51 71
138
13 78
95 72
136
23 91
71 65
145
86 36
51 85
71
79 70
92 99
213
52 92
53 69
61
30 59
82 50
133
10 38
62 97
108
3 83
51 81
225
89 77
64 61
141
84 82
81 72
229
25 37
56 81
81
17 94
94 63
199
34 96
95 62
197
81 70
53 50
232
32 25
89 71
196
21 14
87 81
205
26 62
93 82
83
40 15
78 50
134
77 52
66 69
72
38 66
68 53
91
94 37
59 74
83
23 72
53 56
62
65 13
96 89
161
61 72
74 51
92
78 87
58 69
144
76 93
99 82
195
86 26
50 89
145
72 24
80 69
78
44 31
72 95
192
94 8
61 55
171
99 97
68 99
159
14 46
80 86
113
56 31
70 99
58
46 97
68 83
78
51 13
60 74
224
19 66
74 70
132
23 41
93 83
242
39 43
79 58
71
60 21
72 78
132
71 38
71 78
189
36 8
83 91
97
99 17
87 66
223
31 0
84 97
174
77 41
99 65
108
72 36
66 70
96
57 52
82 68
78
40 57
50 67
175
17 64
82 75
57
82 50
99 88
66
92 62
79 95
193
65 3
75 65
234
77 62
80 91
111
89 21
88 54
240
2 79
56 59
186
59 18
56 69
208
70 87
83 53
149
88 46
64 67
64
76 53
96 93
158
67 57
63 99
208
42 91
51 62
101
69 49
70 60
128
7 20
73 50
242
22 52
69 83
186
74 47
92 64
170
51 24
73 89
64
65 49
62 59
218
63 60
72 87
133
42 67
68 92
168
20 35
68 90
191
67 76
92 65
159
16 87
78 63
239
28 27
86 54
92
48 22
62 57
220
79 40
84 63
249
69 31
73 71
87
99 12
79 54
241
18 66
79 57
247
58 48
53 77
97
77 19
76 97
139
68 18
83 71
152
66 72
94 74
139
8 61
68 88
90
36 31
90 58
117
38 55
82 77
143
3 24
72 71
181
42 12
83 99
75
58 54
80 91
152
91 80
70 62
111
51 2
61 99
143
68 16
94 81
151
70 25
96 56
244
60 88
89 86
144
45 61
54 54
225
36 58
70 69
206
23 80
80 59
86
98 52
86 54
194
61 57
64 65
59
2 61
98 69
91
11 15
69 89
66
77 14
83 52
100
66 61
70 73
98
25 9
65 96
111
23 43
58 74
187
19 35
54 91
219
72 84
73 81
193
38 49
53 73
173
66 23
98 89
89
9 37
86 64
124
79 77
51 97
239
86 86
77 60
192
62 30
63 66
87
64 10
83 77
167
6 51
92 84
104
30 23
89 63
116
16 89
87 97
169
73 86
96 57
53
28 51
68 67
141
80 54
84 55
213
85 25
61 71
127
84 27
92 59
225
31 77
74 91
220
12 62
69 96
109
22 99
68 87
90
74 31
88 72
158
63 35
58 95
174
35 75
86 60
179
64 35
78 61
140
92 83
79 55
213
30 14
53 86
248
36 78
51 75
125
38 33
81 90
97
58 67
77 84
194
15 64
77 60
195
60 51
58 88
142
72 1
87 72
127
18 73
98 66
119
83 93
83 57
216
50 6
91 74
180
5 69
79 95
84
32 42
80 96
140
82 38
63 64
171
86 44
60 89
86
3 60
68 71
188
26 38
62 89
117
31 71
68 74
163
10 58
55 95
141
95 88
52 75
158
46 46
88 96
158
98 82
56 63
168
44 2
93 95
56
66 64
89 88
84
99 3
98 94
206
36 35
60 52
141
59 12
59 89
99
93 98
63 99
149
67 70
67 93
212
31 2
92 78
70
95 62
57 72
93
42 28
80 82
105
45 23
62 66
154
62 15
66 99
126
36 49
94 95
53
46 58
88 87
140
1 59
81 85
158
60 29
63 52
142
36 9
77 87
50
42 93
93 63
211
44 91
88 97
190
96 53
90 89
85
99 29
65 88
181
96 48
52 93
159
12 35
75 97
189
70 97
62 84
215
3 47
94 61
192
97 2
93 90
239
22 77
65 89
139
65 20
65 85
118
2 46
93 82
177
93 23
59 50
155
56 15
77 61
51
31 55
97 50
74
75 40
79 98
242
1 88
75 60
66
72 78
60 68
117
85 98
50 62
145
15 70
83 51
94
38 4
55 77
85
47 3
52 62
78
42 7
67 81
217
47 97
67 91
59
17 11
75 94
67
45 89
91 85
78
45 81
59 68
102
12 6
68 99
116
27 79
60 60
246
9 28
71 93
79
34 52
97 96
60
36 64
51 55
79
82 36
54 77
241
60 79
81 56
231
10 74
85 60
173
15 57
50 82
136
5 61
60 71
102
76 83
88 90
227
26 70
97 59
183
28 3
61 93
61
37 26
89 74
222
96 97
81 89
98
95 78
51 53
205
34 57
98 83
74
20 60
71 51
219
26 84
79 97
87
8 9
83 77
197
32 99
91 95
163
69 43
99 58
170
6 15
98 56
106
10 30
83 76
132
17 45
93 58
249
4 98
75 59
237
76 6
51 71
69
96 84
95 88
195
12 60
66 54
61
49 60
87 73
132
34 7
68 52
127
66 51
60 83
93
68 20
93 71
171
28 91
81 69
75
92 67
71 87
160
83 0
74 59
170
81 42
96 55
99
49 84
68 67
109
90 62
84 79
184
77 52
71 64
58
88 39
78 52
61
29 15
74 95
205
68 67
74 86
164
11 38
57 63
79
20 74
55 71
56
57 57
71 83
129
62 43
98 69
141
63 31
78 70
139
97 75
63 58
222
53 24
90 83
161
14 64
87 83
122
45 89
74 79
118
19 60
80 81
217
63 22
94 82
191
21 72
82 88
134
6 62
97 90
196
61 53
86 63
151
77 85
66 96
51
27 14
95 72
57
19 92
74 72
63
46 63
53 84
130
68 71
63 87
115
66 85
50 79
52
87 80
76 79
104
92 32
54 81
140
96 40
62 59
173
77 75
61 71
132
84 2
89 50
247
26 16
95 63
127
75 17
96 64
203
80 18
51 97
87
91 87
99 85
155
24 8
80 82
235
32 65
67 72
171
83 19
83 99
180
0 76
93 57
199
11 62
60 79
65
47 66
52 56
246
12 12
96 72
192
63 10
82 74
81
51 47
97 66
136
75 49
56 87
118
69 36
67 82
79
36 47
55 76
90
17 25
99 52
166
59 47
73 79
241
21 10
79 95
170
78 81
70 97
234
8 16
50 55
76
47 34
63 64
202
40 6
60 72
239
57 38
69 99
181
32 92
89 54
211
73 24
73 89
143
39 75
81 52
89
67 80
94 88
80
0 43
65 72
212
55 12
63 70
74
57 3
57 56
199
83 69
58 72
56
36 15
67 98
67
97 89
78 84
193
23 67
91 95
90
5 58
80 95
168
33 71
80 78
190
1 77
99 73
60
66 81
79 98
234
69 15
51 83
99
70 29
74 72
214
34 12
59 69
114
82 40
68 97
164
97 37
62 66
198
94 78
76 64
75
91 50
86 94
144
65 95
67 67
91
31 81
50 76
140
90 92
90 75
60
79 39
55 57
194
33 7
72 90
59
72 15
62 52
210
57 99
66 75
175
49 67
95 56
149
87 99
74 92
79
63 52
62 61
121
19 5
95 54
243
62 66
70 68
174
69 78
54 82
87
23 7
65 86
120
66 38
82 59
92
36 39
52 58
50
9 29
85 70
106
3 65
83 68
224
62 43
75 95
68
84 33
71 93
201
61 63
72 70
195
63 12
70 82
217
99 82
54 76
187
20 32
51 90
53
46 14
62 67
73
95 87
80 57
168
43 10
80 82
118
93 77
59 83
165
94 51
79 67
198
64 4
94 68
165
11 24
91 63
223
29 36
95 70
211
5 90
74 57
136
52 77
60 81
113
63 98
65 57
245
69 58
78 59
216
2 26
89 77
146
75 2
74 77
220
64 90
97 77
189
24 65
98 93
187
47 6
66 52
162
26 47
56 82
154
84 0
79 59
173
31 7
86 50
55
26 72
50 71
224
65 12
55 98
216
14 87
90 63
